start_time,end_time,activity,acc_x_mean,acc_x_median,acc_x_std,acc_x_meancross,fft_{column}_second_max,fft_{column}_dc_component,fft_{column}_dominant_freq,acc_y_mean,acc_y_median,acc_y_std,acc_y_meancross,acc_z_mean,acc_z_median,acc_z_std,acc_z_meancross
2024-01-01 00:00:00.000000,2024-01-01 00:00:06.000000,0,-43.84974093264249,-44.0,5.531464208209345,0.015625,45.55499019937368,9112.0,0.0,3.8082901554404147,4.0,2.094022663528574,0.40625,47.21243523316062,47.0,1.2630365102609542,0.2708333333333333
2024-01-01 00:00:02.000000,2024-01-01 00:00:08.000000,0,-35.92746113989637,-44.0,13.689827514427787,0.005208333333333333,702.6339427071217,9952.0,0.0,4.305699481865285,4.0,1.7092940345998051,0.109375,51.56476683937824,48.0,6.829562125463192,0.005208333333333333
2024-01-01 00:00:04.000000,2024-01-01 00:00:10.000000,0,-27.27461139896373,-23.0,14.456912561530709,0.005208333333333333,895.9961423443117,10850.0,0.0,4.616580310880829,4.0,2.063606954215197,0.11458333333333333,56.21761658031088,60.0,7.3416832565647825,0.005208333333333333
2024-01-01 00:00:06.000000,2024-01-01 00:00:12.000000,0,-21.621761658031087,-23.0,8.91142425749464,0.0625,330.5422344790704,11557.0,0.0,4.725388601036269,4.0,2.000580118801642,0.11458333333333333,59.880829015544045,60.0,3.8176256987583694,0.07291666666666667
2024-01-01 00:00:08.000000,2024-01-01 00:00:14.000000,0,-24.316062176165804,-28.0,5.813830585719496,0.015625,202.57294109336397,11447.999999999998,0.0,4.259067357512953,4.0,1.324934416860327,0.041666666666666664,59.3160621761658,58.0,1.8870725333473557,0.036458333333333336
2024-01-01 00:00:10.000000,2024-01-01 00:00:16.000000,0,-27.678756476683937,-28.0,0.7502877974012333,0.22916666666666666,18.298600387350575,11213.0,0.0,4.098445595854923,4.0,0.29869101299423695,0.13541666666666666,58.09844559585492,58.0,0.3617775392560867,0.015625
2024-01-01 00:00:12.000000,2024-01-01 00:00:18.000000,0,-27.83937823834197,-28.0,0.3820226145997523,0.24479166666666666,1.0000000000014209,11195.0,0.0,4.243523316062176,4.0,0.4303245150530156,0.3125,58.005181347150256,58.0,0.07198157507486933,0.010416666666666666
2024-01-01 00:00:14.000000,2024-01-01 00:00:20.000000,0,-27.694300518134714,-28.0,0.4619012485208786,0.375,4.809868359875214,11199.0,0.0,4.450777202072539,4.0,0.4988652927503384,0.3854166666666667,58.02590673575129,58.0,0.15927024860221078,0.052083333333333336
2024-01-01 00:00:16.000000,2024-01-01 00:00:22.000000,0,-27.466321243523318,-27.0,0.5001618908897866,0.3854166666666667,7.81153540858334,11207.0,0.0,4.689119170984456,5.0,0.464057906874391,0.3072916666666667,58.067357512953365,58.0,0.2512919982685129,0.13541666666666666
2024-01-01 00:00:18.000000,2024-01-01 00:00:24.000000,0,-27.357512953367877,-27.0,0.4805140813581017,0.390625,9.960954894008822,11212.0,0.0,4.870466321243524,5.0,0.3366629901131364,0.140625,58.09326424870466,58.0,0.2915587019520046,0.1875
2024-01-01 00:00:20.000000,2024-01-01 00:00:26.000000,0,-27.33678756476684,-27.0,0.4738407360895569,0.3541666666666667,9.535933036232707,11211.0,0.0,4.984455958549223,5.0,0.12402469251053014,0.03125,58.0880829015544,58.0,0.28415252903714244,0.17708333333333334
2024-01-01 00:00:22.000000,2024-01-01 00:00:28.000000,0,-27.502590673575128,-28.0,0.5012936632230296,0.40625,6.254983401574896,11204.000000000002,0.0,4.989637305699482,5.0,0.10153187644463992,0.020833333333333332,58.05181347150259,58.0,0.2222267198738861,0.10416666666666667
2024-01-01 00:00:24.000000,2024-01-01 00:00:30.000000,0,-27.968911917098445,-28.0,1.0353478468978408,0.375,23.256198775282986,11176.0,0.0,4.880829015544041,5.0,0.3248322271887136,0.078125,57.90673575129534,58.0,0.4227960225498078,0.046875
2024-01-01 00:00:26.000000,2024-01-01 00:00:32.000000,0,-29.71502590673575,-29.0,2.43169867846882,0.036458333333333336,129.47216217997962,11025.0,0.0,4.461139896373057,5.0,0.6920626974502185,0.11979166666666667,57.12435233160622,58.0,1.192457948335799,0.046875
2024-01-01 00:00:28.000000,2024-01-01 00:00:34.000000,0,-32.09844559585492,-33.0,2.779322397259841,0.026041666666666668,167.83555922242277,10802.0,0.0,3.7927461139896375,4.0,0.834509101456962,0.036458333333333336,55.968911917098445,56.0,1.4466438737330372,0.036458333333333336
2024-01-01 00:00:30.000000,2024-01-01 00:00:36.000000,0,-33.943005181347154,-34.0,1.3431404760912646,0.015625,68.42616873985146,10632.0,0.0,3.238341968911917,3.0,0.5155714337330158,0.036458333333333336,55.0880829015544,55.0,0.7482708910714561,0.036458333333333336
2024-01-01 00:00:32.000000,2024-01-01 00:00:38.000000,0,-34.59585492227979,-35.0,0.5423554143820256,0.296875,25.42869712691,10584.0,0.0,2.989637305699482,3.0,0.14396315014973934,0.020833333333333332,54.83937823834197,55.0,0.3681366748898607,0.08333333333333333
2024-01-01 00:00:34.000000,2024-01-01 00:00:40.000000,0,-34.4559585492228,-34.0,0.49935191158762626,0.4166666666666667,4.685277826377018,10609.0,0.0,3.0,3.0,0.0,0.0,54.968911917098445,55.0,0.17400717631559456,0.0625
2024-01-01 00:00:36.000000,2024-01-01 00:00:42.000000,0,-34.512953367875646,-35.0,0.5011321379527754,0.4375,5.173453329873312,10607.0,0.0,3.0,3.0,0.0,0.0,54.95854922279793,55.0,0.1998488202364823,0.08333333333333333
2024-01-01 00:00:38.000000,2024-01-01 00:00:44.000000,0,-34.43523316062176,-34.0,0.4970769479949559,0.4114583333333333,5.115532364575818,10607.0,0.0,3.010362694300518,3.0,0.10153187644463982,0.020833333333333332,54.95854922279793,55.0,0.19984882023648254,0.07291666666666667
2024-01-01 00:00:40.000000,2024-01-01 00:00:46.000000,0,-34.30569948186528,-34.0,0.49457331446929886,0.2760416666666667,3.7018131987918035,10611.0,0.0,3.0259067357512954,3.0,0.15927024860221076,0.041666666666666664,54.979274611398964,55.0,0.14283400997012288,0.03125
2024-01-01 00:00:42.000000,2024-01-01 00:00:48.000000,0,-34.15025906735751,-34.0,0.4123262705284186,0.17708333333333334,1.9997350429144976,10613.0,0.0,3.0310880829015545,3.0,0.1740071763155949,0.046875,54.98963730569948,55.0,0.10153187644463944,0.010416666666666666
2024-01-01 00:00:44.000000,2024-01-01 00:00:50.000000,0,-34.05181347150259,-34.0,0.30174721488784917,0.10416666666666667,6.672064628044192e-13,10615.0,0.0,3.0207253886010363,3.0,0.14283400997012285,0.03125,55.0,55.0,0.0,0.0
2024-01-01 00:00:46.000000,2024-01-01 00:00:52.000000,0,-34.03626943005181,-34.0,0.23657840919244502,0.07291666666666667,6.672064628044192e-13,10615.0,0.0,3.005181347150259,3.0,0.07198157507486962,0.010416666666666666,55.0,55.0,0.0,0.0
2024-01-01 00:00:48.000000,2024-01-01 00:00:54.000000,0,-33.984455958549226,-34.0,0.23884888741419388,0.057291666666666664,2.9742657395901397,10617.999999999998,0.0,3.005181347150259,3.0,0.0719815750748697,0.005208333333333333,55.015544041450774,55.0,0.12402469251053033,0.026041666666666668
2024-01-01 00:00:50.000000,2024-01-01 00:00:56.000000,0,-33.90155440414508,-34.0,0.34708258562411776,0.14583333333333334,7.5404457448650755,10625.0,0.0,3.0,3.0,0.0,0.0,55.05181347150259,55.0,0.2222267198738862,0.08333333333333333
2024-01-01 00:00:52.000000,2024-01-01 00:00:58.000000,0,-33.7979274611399,-34.0,0.4738976846789208,0.16145833333333334,12.028536323350014,10636.0,0.0,3.0,3.0,0.0,0.0,55.10880829015544,55.0,0.3122084131862063,0.11979166666666667
2024-01-01 00:00:54.000000,2024-01-01 00:01:00.000000,0,-33.40414507772021,-34.0,0.7305701395778722,0.15625,46.72678283107701,10690.000000000002,0.0,3.0155440414507773,3.0,0.1240246925105303,0.010416666666666666,55.38860103626943,55.0,0.4887000309057221,0.15625
2024-01-01 00:00:56.000000,2024-01-01 00:01:02.000000,0,-32.932642487046635,-33.0,0.8168930989183645,0.2864583333333333,41.77362875561826,10745.000000000002,0.0,3.1295336787564767,3.0,0.3366629901131355,0.13541666666666666,55.67357512953368,56.0,0.47012428077928403,0.109375
2024-01-01 00:00:58.000000,2024-01-01 00:01:04.000000,0,-32.829015544041454,-33.0,0.9556779687559287,0.3072916666666667,36.13536666388139,10755.000000000002,0.0,3.2487046632124352,3.0,0.4680532386351915,0.21875,55.72538860103627,56.0,0.49183751898133987,0.140625
2024-01-01 00:01:00.000000,2024-01-01 00:01:06.000000,0,-33.398963730569946,-34.0,1.1952157074015297,0.11979166666666667,65.1061856626457,10690.0,0.0,3.233160621761658,3.0,0.45932339291027957,0.20833333333333334,55.38860103626943,55.0,0.6117551690618718,0.078125
2024-01-01 00:01:02.000000,2024-01-01 00:01:08.000000,0,-34.031088082901555,-34.0,0.9293071778172488,0.2760416666666667,25.782906808299206,10626.0,0.0,3.1191709844559585,3.0,0.36981884189475905,0.08333333333333333,55.056994818652846,55.0,0.44705667632640606,0.06770833333333333
2024-01-01 00:01:04.000000,2024-01-01 00:01:10.000000,0,-34.33160621761658,-34.0,0.47201475343588495,0.3541666666666667,8.43304683525917,10604.999999999998,0.0,3.0,3.0,0.0,0.0,54.94818652849741,55.0,0.2222267198738861,0.07291666666666667
2024-01-01 00:01:06.000000,2024-01-01 00:01:12.000000,0,-34.43523316062176,-34.0,0.5656873331573253,0.296875,28.40631935735987,10585.0,0.0,2.9740932642487046,3.0,0.15927024860221087,0.041666666666666664,54.84455958549223,55.0,0.3632663420042664,0.057291666666666664
2024-01-01 00:01:08.000000,2024-01-01 00:01:14.000000,0,-34.64248704663213,-35.0,0.6137809998010308,0.2760416666666667,38.986073971308834,10565.0,0.0,2.9637305699481864,3.0,0.1874460198635715,0.0625,54.740932642487046,55.0,0.4392621187639586,0.14583333333333334
2024-01-01 00:01:10.000000,2024-01-01 00:01:16.000000,0,-34.865284974093264,-35.0,0.5228996145614003,0.18229166666666666,32.42056994848262,10541.000000000002,0.0,2.9585492227979273,3.0,0.19984882023648268,0.07291666666666667,54.61658031088083,55.0,0.4874836696259529,0.3333333333333333
2024-01-01 00:01:12.000000,2024-01-01 00:01:18.000000,0,-34.84974093264249,-35.0,0.4600865353762719,0.22395833333333334,20.936100990749466,10563.000000000002,0.0,2.9844559585492227,3.0,0.12402469251053025,0.03125,54.73056994818653,55.0,0.4448175966624058,0.3489583333333333
2024-01-01 00:01:14.000000,2024-01-01 00:01:20.000000,0,-34.73575129533679,-35.0,0.45370762004897003,0.3177083333333333,22.27459216574583,10583.0,0.0,2.9844559585492227,3.0,0.12402469251053043,0.026041666666666668,54.83419689119171,55.0,0.372871043658016,0.2708333333333333
2024-01-01 00:01:16.000000,2024-01-01 00:01:22.000000,0,-34.715025906735754,-35.0,0.4525761035822371,0.34375,10.638233727715456,10596.0,0.0,2.9637305699481864,3.0,0.18744601986357126,0.07291666666666667,54.90155440414508,55.0,0.29869101299423667,0.1875
2024-01-01 00:01:18.000000,2024-01-01 00:01:24.000000,0,-34.7979274611399,-35.0,0.41532599510590323,0.2552083333333333,9.9235149118638,10589.0,0.0,2.9533678756476682,3.0,0.2113980112749037,0.09375,54.865284974093264,55.0,0.3423068899517843,0.21875
2024-01-01 00:01:20.000000,2024-01-01 00:01:26.000000,0,-34.979274611398964,-35.0,0.2879263002994781,0.08333333333333333,23.486651262113142,10553.0,0.0,2.9533678756476682,3.0,0.21139801127490346,0.08854166666666667,54.67875647668394,55.0,0.46816853688515636,0.390625
2024-01-01 00:01:22.000000,2024-01-01 00:01:28.000000,0,-35.020725388601036,-35.0,0.24913494550305826,0.08333333333333333,27.61730777321169,10536.000000000002,0.0,2.948186528497409,3.0,0.22222671987388615,0.09895833333333333,54.590673575129536,55.0,0.49298840226402907,0.421875
2024-01-01 00:01:24.000000,2024-01-01 00:01:30.000000,0,-35.02590673575129,-35.0,0.2589086301313197,0.09375,23.596991061960804,10531.0,0.0,2.9533678756476682,3.0,0.2113980112749037,0.09375,54.56476683937824,55.0,0.4970769479949559,0.4635416666666667
2024-01-01 00:01:26.000000,2024-01-01 00:01:32.000000,0,-35.0,-35.0,0.2041241452319315,0.041666666666666664,27.624242069511652,10523.0,0.0,2.9533678756476682,3.0,0.2113980112749035,0.09375,54.523316062176164,55.0,0.5007550430360931,0.4114583333333333
2024-01-01 00:01:28.000000,2024-01-01 00:01:34.000000,0,-34.98963730569948,-35.0,0.22798111457100212,0.0625,20.578174625813897,10525.0,0.0,2.9740932642487046,3.0,0.15927024860221084,0.046875,54.53367875647668,55.0,0.5001618908897866,0.4114583333333333
2024-01-01 00:01:30.000000,2024-01-01 00:01:36.000000,0,-35.015544041450774,-35.0,0.21594472522460847,0.041666666666666664,15.791156204408948,10513.0,0.0,2.9844559585492227,3.0,0.12402469251053014,0.03125,54.47150259067357,54.0,0.5004855155699675,0.4322916666666667
2024-01-01 00:01:32.000000,2024-01-01 00:01:38.000000,0,-35.04663212435233,-35.0,0.3110827100697141,0.09895833333333333,19.668018404932056,10515.0,0.0,2.989637305699482,3.0,0.1015318764446395,0.020833333333333332,54.48186528497409,54.0,0.5009705606027908,0.390625
2024-01-01 00:01:34.000000,2024-01-01 00:01:40.000000,0,-35.20725388601036,-35.0,0.4312641577361148,0.2708333333333333,18.91174930631755,10485.0,0.0,2.989637305699482,3.0,0.10153187644463979,0.020833333333333332,54.32642487046632,54.0,0.470124280779284,0.328125
2024-01-01 00:01:36.000000,2024-01-01 00:01:42.000000,0,-35.310880829015545,-35.0,0.4859867017377908,0.390625,17.37372645284794,10459.0,0.0,2.9689119170984455,3.0,0.22607925765682185,0.0625,54.19170984455958,54.0,0.3946697970514878,0.234375
2024-01-01 00:01:38.000000,2024-01-01 00:01:44.000000,0,-35.39378238341969,-35.0,0.48985828552385735,0.484375,10.715854506217891,10448.0,0.0,2.9689119170984455,3.0,0.22607925765682144,0.0625,54.134715025906736,54.0,0.3423068899517844,0.20833333333333334
2024-01-01 00:01:40.000000,2024-01-01 00:01:46.000000,0,-35.33678756476684,-35.0,0.4738407360895571,0.4427083333333333,9.070591870230754,10442.0,0.0,2.9792746113989637,3.0,0.2030637528892788,0.041666666666666664,54.10362694300518,54.0,0.3055686394854025,0.15625
2024-01-01 00:01:42.000000,2024-01-01 00:01:48.000000,0,-35.26943005181347,-35.0,0.4563763369930406,0.3802083333333333,9.8130847302867,10443.0,0.0,2.994818652849741,3.0,0.07198157507486949,0.010416666666666666,54.10880829015544,54.0,0.3122084131862061,0.17708333333333334
2024-01-01 00:01:44.000000,2024-01-01 00:01:50.000000,0,-35.26943005181347,-35.0,0.45637633699304053,0.3854166666666667,7.844027999409028,10439.0,0.0,2.994818652849741,3.0,0.07198157507486956,0.010416666666666666,54.0880829015544,54.0,0.2841525290371422,0.16666666666666666
2024-01-01 00:01:46.000000,2024-01-01 00:01:52.000000,0,-35.21243523316062,-35.0,0.42260449546294676,0.328125,10.764070809871667,10449.0,0.0,2.989637305699482,3.0,0.10153187644463973,0.020833333333333332,54.13989637305699,54.0,0.3477816449136735,0.22916666666666666
2024-01-01 00:01:48.000000,2024-01-01 00:01:54.000000,0,-35.24352331606217,-35.0,0.4303245150530153,0.375,11.207596912059048,10447.0,0.0,2.994818652849741,3.0,0.0719815750748696,0.010416666666666666,54.129533678756474,54.0,0.3366629901131359,0.21875
2024-01-01 00:01:50.000000,2024-01-01 00:01:56.000000,0,-35.17616580310881,-35.0,0.38195196779108426,0.296875,11.75934999282939,10453.999999999998,0.0,2.989637305699482,3.0,0.10153187644463985,0.020833333333333332,54.16580310880829,54.0,0.372871043658016,0.2708333333333333
2024-01-01 00:01:52.000000,2024-01-01 00:01:58.000000,0,-35.20725388601036,-35.0,0.4063932091146539,0.3125,9.723791050193197,10450.0,0.0,2.989637305699482,3.0,0.10153187644463986,0.020833333333333332,54.145077720207254,54.0,0.35309512288207606,0.2604166666666667
2024-01-01 00:01:54.000000,2024-01-01 00:02:00.000000,0,-35.23834196891192,-35.0,0.4843179774502701,0.2760416666666667,19.780359236032847,10458.0,0.0,2.9689119170984455,3.0,0.1740071763155947,0.041666666666666664,54.18652849740933,54.0,0.3905456525628608,0.23958333333333334
2024-01-01 00:01:56.000000,2024-01-01 00:02:02.000000,0,-35.512953367875646,-36.0,0.5506512081367413,0.22916666666666666,15.709254213373704,10445.000000000002,0.0,2.9740932642487046,3.0,0.15927024860221148,0.03125,54.119170984455955,54.0,0.32483222718871496,0.125
2024-01-01 00:01:58.000000,2024-01-01 00:02:04.000000,0,-35.6839378238342,-36.0,0.5190145272025868,0.265625,14.667564252224134,10437.0,0.0,2.9792746113989637,3.0,0.1428340099701229,0.020833333333333332,54.07772020725388,54.0,0.2684271014787628,0.052083333333333336
2024-01-01 00:02:00.000000,2024-01-01 00:02:06.000000,0,-35.84455958549223,-36.0,0.3632663420042669,0.2708333333333333,9.413166139704688e-13,10422.0,0.0,3.0,3.0,0.0,0.0,54.0,54.0,0.0,0.0
2024-01-01 00:02:02.000000,2024-01-01 00:02:08.000000,0,-35.740932642487046,-36.0,0.43926211876395843,0.3541666666666667,9.413166139704688e-13,10422.0,0.0,3.0,3.0,0.0,0.0,54.0,54.0,0.0,0.0
2024-01-01 00:02:04.000000,2024-01-01 00:02:10.000000,0,-35.751295336787564,-36.0,0.43338647209723985,0.328125,9.413166139704688e-13,10422.0,0.0,3.0,3.0,0.0,0.0,54.0,54.0,0.0,0.0
2024-01-01 00:02:06.000000,2024-01-01 00:02:12.000000,0,-35.8860103626943,-36.0,0.6514895911617129,0.28125,11.010152232066838,10409.0,0.0,2.9740932642487046,3.0,0.21494265612749694,0.052083333333333336,53.932642487046635,54.0,0.2897947579358806,0.09895833333333333
2024-01-01 00:02:08.000000,2024-01-01 00:02:14.000000,0,-36.19170984455958,-36.0,0.6842983623425275,0.234375,18.69973879112407,10392.0,0.0,2.9637305699481864,3.0,0.23657840919244474,0.0625,53.84455958549223,54.0,0.3908909932020619,0.21354166666666666
2024-01-01 00:02:10.000000,2024-01-01 00:02:16.000000,0,-36.45077720207254,-36.0,0.6526483843879606,0.4010416666666667,13.95135167002774,10374.0,0.0,2.9637305699481864,3.0,0.23657840919244497,0.0625,53.751295336787564,54.0,0.4567900694303951,0.375
2024-01-01 00:02:12.000000,2024-01-01 00:02:18.000000,0,-36.461139896373055,-36.0,0.5202090386265312,0.390625,16.11867348934195,10380.0,0.0,2.989637305699482,3.0,0.10153187644463939,0.010416666666666666,53.78238341968912,54.0,0.41369840833268157,0.3177083333333333
2024-01-01 00:02:14.000000,2024-01-01 00:02:20.000000,0,-36.41450777202073,-36.0,0.5811239927858464,0.34375,12.537285644857574,10379.0,0.0,3.0155440414507773,3.0,0.19030359346492887,0.020833333333333332,53.77720207253886,54.0,0.4172060412182646,0.2864583333333333
2024-01-01 00:02:16.000000,2024-01-01 00:02:22.000000,0,-41.689119170984455,-36.0,14.527514690209955,0.026041666666666668,1269.3916081469554,9065.0,0.0,2.393782383419689,3.0,9.990639509388929,0.046875,46.968911917098445,54.0,19.45210644542323,0.036458333333333336
2024-01-01 00:02:18.000000,2024-01-01 00:02:24.000000,0,-39.66321243523316,-36.0,16.184339911671145,0.041666666666666664,1512.3108455182296,8350.0,0.0,-9.751295336787564,3.0,19.737082032750674,0.036458333333333336,43.26424870466321,47.0,19.44724746430261,0.0625
2024-01-01 00:02:20.000000,2024-01-01 00:02:26.000000,0,-35.1139896373057,-28.0,18.27901406952956,0.036458333333333336,1113.4532640027533,7857.999999999999,0.0,-23.756476683937823,-34.0,20.656863569322123,0.026041666666666668,40.715025906735754,46.0,18.38099766415125,0.0625
2024-01-01 00:02:22.000000,2024-01-01 00:02:28.000000,0,-25.17098445595855,-23.0,6.704848025617896,0.06770833333333333,217.6316934690079,8671.0,0.0,-37.134715025906736,-39.0,4.119628705790746,0.026041666666666668,44.92746113989637,46.0,5.231606895411546,0.09375
2024-01-01 00:02:24.000000,2024-01-01 00:02:30.000000,0,-31.05181347150259,-23.0,16.517270296521733,0.005208333333333333,736.1786175886623,7983.000000000001,0.0,-18.88082901554404,-39.0,30.604692167092434,0.005208333333333333,41.362694300518136,46.0,8.834299691332044,0.036458333333333336
2024-01-01 00:02:26.000000,2024-01-01 00:02:32.000000,0,-39.77720207253886,-49.0,16.74462284478694,0.005208333333333333,762.1035763115933,7014.0,0.0,3.901554404145078,28.0,32.55309201373324,0.005208333333333333,36.3419689119171,32.0,9.051194112005057,0.046875
2024-01-01 00:02:28.000000,2024-01-01 00:02:34.000000,0,-48.63212435233161,-49.0,11.115604841143632,0.18229166666666666,183.97525827722882,6013.0,0.0,26.89119170984456,30.0,12.072850702848301,0.005208333333333333,31.155440414507773,31.0,5.765981769704648,0.109375
2024-01-01 00:02:30.000000,2024-01-01 00:02:36.000000,0,-48.77720207253886,-49.0,0.5655919148664967,0.22916666666666666,35.64665619702496,5907.0,0.0,30.212435233160623,30.0,0.8964343587711782,0.140625,30.60621761658031,31.0,0.750251828763545,0.2760416666666667
2024-01-01 00:02:32.000000,2024-01-01 00:02:38.000000,0,-48.55958549222798,-49.0,0.6273487817435319,0.3489583333333333,25.984257598983906,5859.000000000001,0.0,30.689119170984455,31.0,0.9878088922455148,0.14583333333333334,30.357512953367877,30.0,0.6705548317501111,0.28125
2024-01-01 00:02:34.000000,2024-01-01 00:02:40.000000,0,-48.424870466321245,-48.0,0.6737667041901843,0.3385416666666667,31.508819685655766,5865.0,0.0,30.797927461139896,31.0,0.9924694867907572,0.10416666666666667,30.38860103626943,30.0,0.6764449129140183,0.2760416666666667
2024-01-01 00:02:36.000000,2024-01-01 00:02:42.000000,0,-48.538860103626945,-48.0,1.0153984983913498,0.28125,55.0205466466125,5849.000000000001,0.0,30.704663212435232,31.0,1.7561881707811702,0.11979166666666667,30.305699481865286,30.0,0.880825046978768,0.20833333333333334
2024-01-01 00:02:38.000000,2024-01-01 00:02:44.000000,0,-48.7720207253886,-49.0,0.9681622193111799,0.171875,73.85116999162567,5813.0,0.0,30.569948186528496,31.0,1.657221726706493,0.1875,30.11917098445596,30.0,0.9305550185169295,0.14583333333333334
2024-01-01 00:02:40.000000,2024-01-01 00:02:46.000000,0,-49.0880829015544,-49.0,0.9615054132755555,0.14583333333333334,37.46961062855047,5725.000000000001,0.0,30.569948186528496,31.0,1.778496701749744,0.20833333333333334,29.66321243523316,30.0,0.9604382904927091,0.25
2024-01-01 00:02:42.000000,2024-01-01 00:02:48.000000,0,-49.18652849740933,-49.0,0.6344492940619859,0.171875,43.801057687636956,5695.0,0.0,30.6580310880829,31.0,1.153414432541558,0.21354166666666666,29.507772020725387,30.0,0.8108584120679859,0.3125
2024-01-01 00:02:44.000000,2024-01-01 00:02:50.000000,0,-50.69948186528497,-49.0,6.436618041601623,0.052083333333333336,778.1681914345636,4887.0,0.0,18.99481865284974,30.0,23.538199761532677,0.015625,25.321243523316063,29.0,11.453275300640534,0.046875
2024-01-01 00:02:46.000000,2024-01-01 00:02:52.000000,0,-49.854922279792746,-49.0,6.733752755024734,0.09375,1448.4280572126584,3450.0,0.0,-5.787564766839378,3.0,34.9487936543297,0.005208333333333333,17.875647668393782,17.0,13.519471980266697,0.026041666666666668
2024-01-01 00:02:48.000000,2024-01-01 00:02:54.000000,0,-49.067357512953365,-47.0,6.916964483673005,0.036458333333333336,683.477999697844,2045.0,0.0,-30.60103626943005,-44.0,25.434994736659355,0.005208333333333333,10.595854922279793,7.0,10.92266295654023,0.005208333333333333
2024-01-01 00:02:50.000000,2024-01-01 00:02:56.000000,0,-46.67875647668394,-47.0,0.7074120291097624,0.3645833333333333,56.40175654016002,1456.0,0.0,-44.13989637305699,-44.0,0.36244825728030106,0.19791666666666666,7.544041450777202,8.0,0.7495680967105105,0.18229166666666666
2024-01-01 00:02:52.000000,2024-01-01 00:02:58.000000,0,-46.36787564766839,-47.0,4.129972274054144,0.3802083333333333,51.214352825233405,1577.0000000000002,0.0,-43.09844559585492,-44.0,5.304837382481847,0.015625,8.17098445595855,8.0,1.4494207049595564,0.22395833333333334
2024-01-01 00:02:54.000000,2024-01-01 00:03:00.000000,0,-46.45077720207254,-46.0,7.6259502083550785,0.296875,1588.501907289612,3531.0,0.0,-19.704663212435232,-44.0,33.600763089914,0.005208333333333333,18.295336787564768,9.0,14.56883192153229,0.026041666666666668
2024-01-01 00:02:56.000000,2024-01-01 00:03:02.000000,0,-44.90155440414508,-43.0,7.935655800745782,0.057291666666666664,1649.2498677946942,5502.0,0.0,5.160621761658031,30.0,34.06886566859447,0.015625,28.507772020725387,38.0,14.69768943398095,0.015625
2024-01-01 00:02:58.000000,2024-01-01 00:03:04.000000,0,-43.704663212435236,-42.0,7.102730476691705,0.057291666666666664,166.30522785288562,7416.0,0.0,29.326424870466322,31.0,7.204756542686131,0.036458333333333336,38.424870466321245,39.0,4.408302194534985,0.28125
2024-01-01 00:03:00.000000,2024-01-01 00:03:06.000000,0,-41.80829015544042,-42.0,0.7565916437361272,0.2760416666666667,49.23414423764678,7484.0,0.0,31.259067357512954,31.0,1.2604699688268393,0.18229166666666666,38.77720207253886,39.0,1.093112169066994,0.2916666666666667
2024-01-01 00:03:02.000000,2024-01-01 00:03:08.000000,0,-41.59585492227979,-42.0,0.4920020957030222,0.296875,18.271629890194067,7459.0,0.0,31.673575129533678,32.0,0.6226423580554924,0.171875,38.64766839378238,39.0,0.5592100584436894,0.3125
2024-01-01 00:03:04.000000,2024-01-01 00:03:10.000000,0,-41.35233160621762,-41.0,0.5002158428764476,0.28125,26.42867441859061,7457.999999999999,0.0,31.963730569948186,32.0,0.7594752642643212,0.140625,38.64248704663213,39.0,0.7083269836147383,0.2916666666666667
2024-01-01 00:03:06.000000,2024-01-01 00:03:12.000000,0,-41.09844559585492,-41.0,0.48481919782209126,0.14583333333333334,26.6076279596784,7435.999999999999,0.0,32.32642487046632,32.0,0.8910294641844932,0.15104166666666666,38.52849740932643,39.0,0.7503237643146713,0.3177083333333333
2024-01-01 00:03:08.000000,2024-01-01 00:03:14.000000,0,-40.89119170984456,-41.0,0.552998577392006,0.21875,28.56996689905056,7434.0,0.0,32.637305699481864,33.0,0.8618397199805176,0.11979166666666667,38.51813471502591,39.0,0.7295351277290708,0.3333333333333333
2024-01-01 00:03:10.000000,2024-01-01 00:03:16.000000,0,-41.398963730569946,-41.0,6.511320187736074,0.09895833333333333,273.04456476678894,7158.999999999999,0.0,33.295336787564764,33.0,4.565590165340991,0.13020833333333334,37.09326424870466,38.0,8.065590894453049,0.08333333333333333
2024-01-01 00:03:12.000000,2024-01-01 00:03:18.000000,0,-34.7720207253886,-40.0,12.573113036008024,0.057291666666666664,1320.4937745363493,5593.000000000001,0.0,42.09326424870466,33.0,15.963226171736629,0.057291666666666664,28.979274611398964,38.0,14.516498713110451,0.046875
2024-01-01 00:03:14.000000,2024-01-01 00:03:20.000000,0,-32.575129533678755,-30.0,15.227982846446709,0.11979166666666667,1228.3219944768073,4080.0,0.0,49.7720207253886,47.0,18.8798240126747,0.109375,21.139896373056995,17.0,16.149242564463275,0.06770833333333333
2024-01-01 00:03:16.000000,2024-01-01 00:03:22.000000,0,-25.295336787564768,-23.0,12.876449312259641,0.140625,440.2962290565095,2808.0,0.0,58.575129533678755,58.0,15.404808607650468,0.15104166666666666,14.549222797927461,13.0,11.297995393592805,0.16145833333333334
2024-01-01 00:03:18.000000,2024-01-01 00:03:24.000000,0,-23.70984455958549,-22.0,13.434592959838637,0.11458333333333333,530.137867519132,3199.0,0.0,58.33678756476684,58.0,14.638545865050185,0.16666666666666666,16.575129533678755,14.0,12.254922612499108,0.11979166666666667
2024-01-01 00:03:20.000000,2024-01-01 00:03:26.000000,1,-17.020725388601036,-18.0,7.460282717234711,0.08333333333333333,825.6089803402712,3539.0,0.0,59.310880829015545,58.0,10.030512602766917,0.13541666666666666,18.33678756476684,17.0,11.240993804368212,0.041666666666666664
2024-01-01 00:03:22.000000,2024-01-01 00:03:28.000000,1,-16.792746113989637,-19.0,7.954201537997462,0.052083333333333336,1079.8613399965102,3313.0,0.0,59.362694300518136,59.0,8.726340453072874,0.11458333333333333,17.16580310880829,12.0,12.145964329021592,0.041666666666666664
2024-01-01 00:03:24.000000,2024-01-01 00:03:30.000000,1,-18.33678756476684,-21.0,7.116994335849325,0.046875,700.0925536575336,2688.0,0.0,59.80829015544042,60.0,3.622777145879196,0.078125,13.927461139896373,10.0,9.950655457880684,0.026041666666666668
2024-01-01 00:03:26.000000,2024-01-01 00:03:32.000000,1,-20.901554404145077,-21.0,5.154452734084417,0.09375,134.64614740072253,2018.0,0.0,60.36787564766839,60.0,1.6969347810457012,0.19270833333333334,10.455958549222798,10.0,5.182038112391016,0.13541666666666666
2024-01-01 00:03:28.000000,2024-01-01 00:03:34.000000,1,-21.186528497409327,-21.0,0.496261933595306,0.16666666666666666,16.6963912864163,1949.0,0.0,60.15544041450777,60.0,0.37733155433892335,0.203125,10.098445595854923,10.0,0.37589846312116765,0.09375
2024-01-01 00:03:30.000000,2024-01-01 00:03:36.000000,1,-21.025906735751295,-21.0,0.5345873911312141,0.11979166666666667,17.924055280742326,1919.0000000000002,0.0,60.25388601036269,60.0,0.4363651083347758,0.2760416666666667,9.94300518134715,10.0,0.39773484280528754,0.07291666666666667
2024-01-01 00:03:32.000000,2024-01-01 00:03:38.000000,1,-20.906735751295336,-21.0,0.4467547537713175,0.13020833333333334,17.111861203194813,1906.0000000000002,0.0,60.295336787564764,60.0,0.45738046656116566,0.3229166666666667,9.875647668393782,10.0,0.3751079292006798,0.11458333333333333
2024-01-01 00:03:34.000000,2024-01-01 00:03:40.000000,1,-20.813471502590673,-21.0,0.4856534155846993,0.19270833333333334,16.402208318305004,1891.0,0.0,60.38341968911917,60.0,0.4874836696259529,0.375,9.797927461139896,10.0,0.43969195528692706,0.18229166666666666
2024-01-01 00:03:36.000000,2024-01-01 00:03:42.000000,1,-20.72020725388601,-21.0,0.5631532859610907,0.21354166666666666,13.417693599740666,1886.0,0.0,60.44041450777202,60.0,0.5182340146643155,0.3385416666666667,9.7720207253886,10.0,0.444696244157988,0.22916666666666666
2024-01-01 00:03:38.000000,2024-01-01 00:03:44.000000,1,-20.564766839378237,-21.0,0.6825214225414314,0.23958333333333334,17.733523576592127,1863.0,0.0,60.53367875647668,61.0,0.5205720415387098,0.3072916666666667,9.652849740932643,10.0,0.5191185068745099,0.2552083333333333
2024-01-01 00:03:40.000000,2024-01-01 00:03:46.000000,1,-20.476683937823836,-20.0,0.8041075465753401,0.20833333333333334,35.71496496036093,1814.0,0.0,60.590673575129536,61.0,0.5432503088818024,0.2604166666666667,9.398963730569948,9.0,0.5963421170374245,0.203125
2024-01-01 00:03:42.000000,2024-01-01 00:03:48.000000,1,-20.378238341968913,-20.0,0.8761557873635085,0.17708333333333334,38.28351726075591,1781.0,0.0,60.62176165803109,61.0,0.5561615146674889,0.2708333333333333,9.2279792746114,9.0,0.7069922792375853,0.14583333333333334
2024-01-01 00:03:44.000000,2024-01-01 00:03:50.000000,1,-20.212435233160623,-20.0,1.5382114807741794,0.19791666666666666,52.355530036989855,1747.0,0.0,60.69430051813472,61.0,0.7393822399263319,0.296875,9.05181347150259,9.0,1.2572329597277938,0.13020833333333334
2024-01-01 00:03:46.000000,2024-01-01 00:03:52.000000,1,-20.844559585492227,-20.0,4.442536336587448,0.16666666666666666,87.22215122918715,1750.0000000000002,0.0,60.53367875647668,61.0,2.4431356730845804,0.2604166666666667,9.067357512953368,9.0,2.5475931782227543,0.15625
2024-01-01 00:03:48.000000,2024-01-01 00:03:54.000000,1,-20.689119170984455,-20.0,4.494989774656448,0.11458333333333333,95.4493770130012,1684.0,0.0,60.5699481865285,61.0,2.45936316651311,0.18229166666666666,8.72538860103627,9.0,2.5844543224978267,0.18229166666666666
2024-01-01 00:03:50.000000,2024-01-01 00:03:56.000000,1,-28.94818652849741,-21.0,15.323164970560944,0.026041666666666668,279.5537859446647,1362.0,0.0,46.49222797927461,61.0,31.145511844101843,0.005208333333333333,7.05699481865285,8.0,4.810130941237255,0.109375
2024-01-01 00:03:52.000000,2024-01-01 00:03:58.000000,1,-40.96373056994819,-50.0,18.76953789194154,0.015625,230.5363698956788,1206.9999999999998,0.0,17.616580310880828,23.0,43.16849418647998,0.005208333333333333,6.253886010362694,7.0,4.041812445067849,0.16145833333333334
2024-01-01 00:03:54.000000,2024-01-01 00:04:00.000000,1,-55.25388601036269,-58.0,15.56246813676327,0.09895833333333333,678.9791925317983,649.0,-1.9896373056994818,-10.025906735751295,-27.0,36.046329452693065,0.036458333333333336,3.3626943005181347,7.0,22.90658240993048,0.07291666666666667
2024-01-01 00:03:56.000000,2024-01-01 00:04:02.000000,1,-60.33678756476684,-59.0,9.494271520756325,0.14583333333333334,689.4452688102365,1037.0,0.0,-24.38860103626943,-25.0,17.190394441476318,0.057291666666666664,5.373056994818653,8.0,22.85724947641218,0.052083333333333336
2024-01-01 00:03:58.000000,2024-01-01 00:04:04.000000,1,-60.55440414507772,-59.0,9.452644789862552,0.13541666666666666,672.1459971181841,1246.0,0.0,-23.45077720207254,-24.0,17.101380058745107,0.14583333333333334,6.455958549222798,10.0,22.968034359335352,0.052083333333333336
2024-01-01 00:04:00.000000,2024-01-01 00:04:06.000000,1,-60.72538860103627,-59.0,10.531313821729196,0.109375,879.4002431333884,1119.0,0.0,-22.564766839378237,-24.0,12.692977145869339,0.026041666666666668,5.7979274611398965,10.0,23.336211039545617,0.020833333333333332
2024-01-01 00:04:02.000000,2024-01-01 00:04:08.000000,1,-60.652849740932645,-59.0,11.299368744499851,0.15625,1073.431477019341,1322.0,0.0,-19.3419689119171,-24.0,14.025540328980613,0.046875,6.849740932642487,10.0,24.392903946708913,0.03125
2024-01-01 00:04:04.000000,2024-01-01 00:04:10.000000,1,-48.19170984455958,-59.0,23.43562845147044,0.046875,1086.7115030804332,1768.0,0.0,7.787564766839378,-14.0,38.46036177537751,0.015625,9.160621761658032,13.0,25.012915489364012,0.09375
2024-01-01 00:04:06.000000,2024-01-01 00:04:12.000000,1,-34.715025906735754,-22.0,21.264373377307226,0.015625,228.20798513383653,2707.9999999999995,0.0,34.32124352331606,59.0,35.49222940934526,0.005208333333333333,14.031088082901555,13.0,7.035554597713616,0.13541666666666666
2024-01-01 00:04:08.000000,2024-01-01 00:04:14.000000,1,-21.917098445595855,-22.0,8.918226180345458,0.09375,302.6061800884484,2575.0,0.0,58.92227979274612,60.0,8.093797199634308,0.015625,13.341968911917098,12.0,3.5439429340583075,0.07291666666666667
2024-01-01 00:04:10.000000,2024-01-01 00:04:16.000000,1,-21.82383419689119,-22.0,0.6614786257817766,0.09895833333333333,47.505010913402565,2209.0,0.0,59.943005181347154,60.0,0.4914532923022074,0.0625,11.44559585492228,11.0,0.8888157983047247,0.13020833333333334
2024-01-01 00:04:12.000000,2024-01-01 00:04:18.000000,1,-21.77720207253886,-22.0,0.5175044742115914,0.09895833333333333,26.79904943733659,2163.0,0.0,59.984455958549226,60.0,0.19030359346492887,0.026041666666666668,11.207253886010363,11.0,0.602554650700808,0.203125
2024-01-01 00:04:14.000000,2024-01-01 00:04:20.000000,1,-21.616580310880828,-22.0,0.6983124860347171,0.171875,33.84134266532531,2145.0,0.0,60.005181347150256,60.0,0.26015638979325323,0.0625,11.1139896373057,11.0,0.5928929251773787,0.23958333333333334
2024-01-01 00:04:16.000000,2024-01-01 00:04:22.000000,1,-20.61139896373057,-21.0,2.641668233056639,0.14583333333333334,338.9157747491483,2094.0,0.0,60.66321243523316,60.0,2.251282977143898,0.125,10.849740932642487,11.0,5.1693419587701115,0.09895833333333333
2024-01-01 00:04:18.000000,2024-01-01 00:04:24.000000,1,-20.60103626943005,-21.0,2.872534987408511,0.171875,360.7851748793818,2064.0,0.0,60.73575129533679,60.0,2.49533243032343,0.1875,10.694300518134716,11.0,5.3243562455992475,0.13020833333333334
2024-01-01 00:04:20.000000,2024-01-01 00:04:26.000000,1,-20.253886010362695,-20.0,2.804906030708577,0.14583333333333334,344.2826303077552,1978.0000000000005,0.0,60.92746113989637,61.0,2.546427701987783,0.21354166666666666,10.248704663212436,10.0,5.4648794284531315,0.08333333333333333
2024-01-01 00:04:22.000000,2024-01-01 00:04:28.000000,1,-20.60103626943005,-20.0,1.574999657318274,0.16145833333333334,136.27552216681312,1949.0,0.0,60.476683937823836,61.0,1.6616775498852796,0.234375,10.098445595854923,10.0,2.0221810802308284,0.11458333333333333
2024-01-01 00:04:24.000000,2024-01-01 00:04:30.000000,1,-20.424870466321245,-20.0,2.4507233432210653,0.18229166666666666,110.72632369245827,1860.0,0.0,60.72538860103627,61.0,1.843408295814502,0.22916666666666666,9.637305699481866,10.0,1.7774797803639728,0.11979166666666667
2024-01-01 00:04:26.000000,2024-01-01 00:04:32.000000,1,-21.72538860103627,-21.0,4.848993450027654,0.11979166666666667,671.7305969558595,1125.0,0.0,60.295336787564764,61.0,2.894108421925202,0.20833333333333334,5.829015544041451,9.0,7.5764703994207485,0.026041666666666668
2024-01-01 00:04:28.000000,2024-01-01 00:04:34.000000,1,-22.497409326424872,-22.0,4.670524096585681,0.125,581.9550161180572,679.0,0.0,60.27979274611399,61.0,2.745157850377416,0.21875,3.518134715025907,4.0,6.988154608759299,0.0625
2024-01-01 00:04:30.000000,2024-01-01 00:04:36.000000,1,-23.0,-22.0,3.9895697345286076,0.15104166666666666,375.52809288744675,376.0,0.0,60.145077720207254,61.0,2.3825951185915777,0.22916666666666666,1.9481865284974094,4.0,5.851229333655107,0.09375
2024-01-01 00:04:32.000000,2024-01-01 00:04:38.000000,1,-22.316062176165804,-22.0,0.789647228902874,0.18229166666666666,97.68981898013661,815.0,0.0,60.59585492227979,61.0,0.5612332214354667,0.2604166666666667,4.22279792746114,5.0,1.1533910355248218,0.140625
2024-01-01 00:04:34.000000,2024-01-01 00:04:40.000000,1,-22.134715025906736,-22.0,0.8970362350030575,0.17708333333333334,29.334610346255072,955.0,0.0,60.62176165803109,61.0,0.5467165295933245,0.234375,4.948186528497409,5.0,0.5658781214707281,0.14583333333333334
2024-01-01 00:04:36.000000,2024-01-01 00:04:42.000000,1,-22.305699481865286,-22.0,1.101522929123651,0.18229166666666666,25.432764467421148,979.0,0.0,60.538860103626945,61.0,0.6768437366695063,0.234375,5.072538860103627,5.0,0.535142387392469,0.140625
2024-01-01 00:04:38.000000,2024-01-01 00:04:44.000000,1,-22.45077720207254,-22.0,1.1314223704306359,0.17708333333333334,30.49911041047975,975.0,0.0,60.47150259067357,60.0,0.7147743825585836,0.2708333333333333,5.051813471502591,5.0,0.5565980431986555,0.14583333333333334
2024-01-01 00:04:40.000000,2024-01-01 00:04:46.000000,1,-22.637305699481864,-22.0,0.9536426844488287,0.20833333333333334,35.33365490639735,922.0,0.0,60.41968911917098,60.0,0.6959899325299733,0.3125,4.77720207253886,5.0,0.5274727931331455,0.1875
2024-01-01 00:04:42.000000,2024-01-01 00:04:48.000000,1,-22.440414507772022,-22.0,0.65972203284547,0.21354166666666666,47.62574750926061,857.0,0.0,60.50777202072539,61.0,0.5601262040124662,0.34375,4.4404145077720205,4.0,0.5281885654023211,0.16145833333333334
2024-01-01 00:04:44.000000,2024-01-01 00:04:50.000000,1,-22.27461139896373,-22.0,0.6863459854507686,0.21875,24.928491933262762,792.0,0.0,60.55958549222798,61.0,0.5662595052521655,0.3125,4.103626943005182,4.0,0.4444534397477722,0.11979166666666667
2024-01-01 00:04:46.000000,2024-01-01 00:04:52.000000,1,-22.44559585492228,-22.0,0.8281466395810563,0.18229166666666666,31.11557219796914,738.0,0.0,60.512953367875646,61.0,0.6217315227296949,0.2708333333333333,3.8238341968911915,4.0,0.5683050580742838,0.06770833333333333
2024-01-01 00:04:48.000000,2024-01-01 00:04:54.000000,1,-22.740932642487046,-23.0,0.8631538346751021,0.15104166666666666,51.07441918607116,686.0,0.0,60.41450777202073,60.0,0.6326176530823043,0.25,3.5544041450777204,4.0,0.6522347660028008,0.13020833333333334
2024-01-01 00:04:50.000000,2024-01-01 00:04:56.000000,1,-22.927461139896373,-23.0,0.6574273405612525,0.140625,34.48350940250139,646.0,0.0,60.347150259067355,60.0,0.5578088300182129,0.2760416666666667,3.3471502590673574,3.0,0.6197316818696251,0.1875
2024-01-01 00:04:52.000000,2024-01-01 00:04:58.000000,1,-22.860103626943005,-23.0,0.6090583490428967,0.14583333333333334,31.208753147467934,651.0,0.0,60.35233160621762,60.0,0.5206238784361777,0.2708333333333333,3.373056994818653,3.0,0.5549957599925177,0.2552083333333333
2024-01-01 00:04:54.000000,2024-01-01 00:05:00.000000,1,-22.83419689119171,-23.0,0.7169608184542717,0.1875,53.68235509257846,707.0,0.0,60.347150259067355,60.0,0.5388110591969637,0.2864583333333333,3.6632124352331608,4.0,0.6418917690529241,0.22395833333333334
2024-01-01 00:04:56.000000,2024-01-01 00:05:02.000000,1,-23.077720207253886,-23.0,1.3186052386802336,0.11458333333333333,41.79286269895815,752.0,0.0,60.27461139896373,60.0,0.751545615212002,0.22395833333333334,3.8963730569948187,4.0,0.6611521711655802,0.1875
2024-01-01 00:04:58.000000,2024-01-01 00:05:04.000000,1,-23.409326424870468,-23.0,2.6777081428154514,0.11979166666666667,107.27003774130961,875.0,0.0,60.09844559585492,60.0,1.456182104423593,0.171875,4.533678756476684,4.0,1.3731637133878507,0.16145833333333334
2024-01-01 00:05:00.000000,2024-01-01 00:05:06.000000,1,-23.259067357512954,-23.0,2.845909557414114,0.08854166666666667,109.31465814640404,1005.0,0.0,60.09326424870466,60.0,1.514377697279405,0.13020833333333334,5.2072538860103625,5.0,1.5540770381208628,0.07291666666666667
2024-01-01 00:05:02.000000,2024-01-01 00:05:08.000000,1,-22.901554404145077,-23.0,2.730164766928338,0.13020833333333334,110.69990262174376,1084.0,0.0,60.18652849740933,60.0,1.4492903689055634,0.16666666666666666,5.616580310880829,5.0,1.2861986607125082,0.14583333333333334
2024-01-01 00:05:04.000000,2024-01-01 00:05:10.000000,1,-22.34715025906736,-22.0,1.338027412840615,0.17708333333333334,66.23578541959846,1021.0,0.0,60.44559585492228,61.0,0.7418963471959741,0.265625,5.290155440414508,5.0,0.9729446694849087,0.125
2024-01-01 00:05:06.000000,2024-01-01 00:05:12.000000,1,-22.424870466321245,-22.0,2.1447132454033655,0.171875,56.12001353459001,922.0,0.0,60.4559585492228,60.0,0.9182060398441172,0.2760416666666667,4.77720207253886,5.0,0.9112139599616633,0.22395833333333334
2024-01-01 00:05:08.000000,2024-01-01 00:05:14.000000,1,-23.17616580310881,-22.0,2.7613500271363893,0.0625,108.98405995160363,786.0,0.0,60.2279792746114,60.0,1.2118531606187082,0.24479166666666666,4.072538860103627,4.0,1.3326517580063608,0.24479166666666666
2024-01-01 00:05:10.000000,2024-01-01 00:05:16.000000,1,-23.808290155440414,-23.0,5.65404848305218,0.13541666666666666,150.070248297731,704.0,0.0,60.2279792746114,60.0,3.4459886945405884,0.20833333333333334,3.6476683937823835,4.0,3.291435738822486,0.140625
2024-01-01 00:05:12.000000,2024-01-01 00:05:18.000000,1,-23.06217616580311,-23.0,9.077574785681323,0.171875,354.5975098227774,827.0,0.0,60.5699481865285,60.0,7.496980537843313,0.19791666666666666,4.284974093264249,3.0,7.342558032652312,0.16145833333333334
2024-01-01 00:05:14.000000,2024-01-01 00:05:20.000000,1,-29.77720207253886,-24.0,18.028250355506742,0.11979166666666667,648.5492274812942,1297.0,0.0,53.55958549222798,59.0,17.182471198694184,0.09895833333333333,6.72020725388601,5.0,10.703604141759389,0.13020833333333334
2024-01-01 00:05:16.000000,2024-01-01 00:05:22.000000,1,-42.67875647668394,-47.0,22.08578008083321,0.036458333333333336,579.7268648969729,2152.0,0.0,34.15025906735751,38.0,27.680528889817744,0.026041666666666668,11.150259067357513,12.0,11.12866102847513,0.08854166666666667
2024-01-01 00:05:18.000000,2024-01-01 00:05:24.000000,1,-56.27979274611399,-61.0,14.307066143115721,0.06770833333333333,680.7346906440936,3071.0,0.0,15.046632124352332,4.0,20.445631704250104,0.015625,15.911917098445596,19.0,9.256614355498716,0.078125
2024-01-01 00:05:20.000000,2024-01-01 00:05:26.000000,1,-61.20725388601036,-62.0,5.616062271771432,0.19270833333333334,536.8108062253373,3807.0,0.0,1.5233160621761659,2.0,3.9647831735324544,0.15104166666666666,19.72538860103627,19.0,8.932164956590558,0.140625
2024-01-01 00:05:22.000000,2024-01-01 00:05:28.000000,1,-55.49222797927461,-61.0,9.876381322685349,0.036458333333333336,1632.4687052215236,5651.000000000001,0.0,-0.45077720207253885,0.0,4.96748929678205,0.06770833333333333,29.27979274611399,23.0,14.541050224226893,0.036458333333333336
2024-01-01 00:05:24.000000,2024-01-01 00:05:30.000000,1,-51.60621761658031,-50.0,8.97684304975286,0.036458333333333336,1318.8518657418126,7012.0,0.0,-2.3367875647668392,-2.0,3.8182052995935947,0.14583333333333334,36.33160621761658,42.0,13.639475720402892,0.015625
2024-01-01 00:05:26.000000,2024-01-01 00:05:32.000000,1,-48.398963730569946,-50.0,5.1124234879900765,0.11979166666666667,187.92911068011418,8313.0,0.0,-2.326424870466321,-2.0,3.144468716022612,0.15625,43.07253886010363,42.0,4.389253244169301,0.057291666666666664
2024-01-01 00:05:28.000000,2024-01-01 00:05:34.000000,1,-50.41450777202073,-50.0,1.5118272922718476,0.18229166666666666,128.16801286217685,7922.0,0.0,-1.761658031088083,-2.0,0.8631225694814073,0.2708333333333333,41.04663212435233,42.0,1.7419163161599691,0.21354166666666666
2024-01-01 00:05:30.000000,2024-01-01 00:05:36.000000,1,-51.30569948186528,-51.0,1.7031889981400028,0.21875,193.673198460449,7694.0,0.0,-1.5129533678756477,-1.0,0.9020163078842414,0.265625,39.865284974093264,40.0,2.0545901473469432,0.11458333333333333
2024-01-01 00:05:32.000000,2024-01-01 00:05:38.000000,1,-52.16062176165803,-52.0,1.299079652959088,0.234375,98.4773848322908,7483.000000000002,0.0,-1.6010362694300517,-2.0,0.7647160173681103,0.21354166666666666,38.7720207253886,39.0,1.4999460266628117,0.13020833333333334
2024-01-01 00:05:34.000000,2024-01-01 00:05:40.000000,1,-52.4300518134715,-52.0,0.7335192690957199,0.2708333333333333,60.46781862242887,7420.0,0.0,-1.6010362694300517,-2.0,0.6932704526753442,0.1875,38.44559585492228,39.0,0.865058874672351,0.17708333333333334
2024-01-01 00:05:36.000000,2024-01-01 00:05:42.000000,1,-52.30569948186528,-52.0,0.5049944851697042,0.25,39.05023892492952,7464.0,0.0,-1.7046632124352332,-2.0,0.5008628134113938,0.2604166666666667,38.67357512953368,39.0,0.5793100833850316,0.1875
2024-01-01 00:05:38.000000,2024-01-01 00:05:44.000000,1,-52.16062176165803,-52.0,0.39542122443325706,0.15104166666666666,26.523992915828973,7495.0,0.0,-1.5647668393782384,-2.0,0.5373566403187422,0.3802083333333333,38.83419689119171,39.0,0.4603797148716315,0.109375
2024-01-01 00:05:40.000000,2024-01-01 00:05:46.000000,1,-52.067357512953365,-52.0,0.33945692175460995,0.09895833333333333,10.501395270453733,7523.000000000002,0.0,-1.378238341968912,-1.0,0.4968054250883696,0.3333333333333333,38.979274611398964,39.0,0.3378632184836722,0.057291666666666664
2024-01-01 00:05:42.000000,2024-01-01 00:05:48.000000,1,-52.020725388601036,-52.0,0.24913494550305854,0.03125,7.811400192392852,7532.0,0.0,-1.5129533678756477,-2.0,0.5011321379527754,0.19270833333333334,39.02590673575129,39.0,0.23794329595475033,0.052083333333333336
2024-01-01 00:05:44.000000,2024-01-01 00:05:50.000000,1,-52.020725388601036,-52.0,0.24913494550305892,0.03125,7.965693689957674,7533.0,0.0,-1.7202072538860103,-2.0,0.45006476217922453,0.046875,39.031088082901555,39.0,0.24804938502106028,0.0625
2024-01-01 00:05:46.000000,2024-01-01 00:05:52.000000,1,-51.98963730569948,-52.0,0.10153187644463979,0.020833333333333332,6.377745320268329,7537.000000000001,0.0,-1.994818652849741,-2.0,0.07198157507486969,0.010416666666666666,39.05181347150259,39.0,0.2222267198738861,0.09375
2024-01-01 00:05:48.000000,2024-01-01 00:05:54.000000,1,-51.95854922279793,-52.0,0.19984882023648215,0.052083333333333336,8.883372511556638,7541.000000000001,0.0,-1.9844559585492227,-2.0,0.12402469251053036,0.03125,39.07253886010363,39.0,0.26005263848711546,0.11458333333333333
2024-01-01 00:05:50.000000,2024-01-01 00:05:56.000000,1,-51.95854922279793,-52.0,0.19984882023648248,0.052083333333333336,8.969095069211777,7540.000000000001,0.0,-1.9844559585492227,-2.0,0.12402469251053017,0.03125,39.067357512953365,39.0,0.2512919982685125,0.10416666666666667
2024-01-01 00:05:52.000000,2024-01-01 00:05:58.000000,1,-51.97409326424871,-52.0,0.21494265612749622,0.041666666666666664,6.955584425503102,7534.0,0.0,-1.9533678756476685,-2.0,0.21139801127490418,0.08333333333333333,39.03626943005181,39.0,0.18744601986357043,0.052083333333333336
2024-01-01 00:05:54.000000,2024-01-01 00:06:00.000000,1,-54.932642487046635,-52.0,5.977442123104201,0.03125,1082.703105040776,6303.0,0.0,-2.6580310880829017,-2.0,5.343137173346307,0.036458333333333336,32.6580310880829,39.0,11.569407858076765,0.015625
2024-01-01 00:05:56.000000,2024-01-01 00:06:02.000000,1,-46.26943005181347,-52.0,16.22786788298555,0.026041666666666668,964.9826386319327,5898.0,0.0,-17.637305699481864,-2.0,21.733064694981906,0.015625,30.559585492227978,33.0,10.824250543445883,0.07291666666666667
2024-01-01 00:05:58.000000,2024-01-01 00:06:04.000000,1,-46.93782383419689,-53.0,17.734625660638308,0.041666666666666664,842.1501768271254,5092.0,0.0,-18.99481865284974,-14.0,24.060361898368928,0.026041666666666668,26.383419689119172,29.0,9.995214204549029,0.08333333333333333
2024-01-01 00:06:00.000000,2024-01-01 00:06:06.000000,1,-43.84974093264249,-51.0,15.63693585563898,0.041666666666666664,518.2554148936496,6354.0,0.0,-19.730569948186528,-7.0,23.271494280076496,0.015625,32.92227979274612,33.0,7.736491653767116,0.09895833333333333
2024-01-01 00:06:02.000000,2024-01-01 00:06:08.000000,1,-52.19170984455958,-52.0,7.966697198256291,0.09375,710.966699218429,6812.0,0.0,-5.22279792746114,-3.0,12.863753115407727,0.046875,35.295336787564764,39.0,8.286587369027446,0.010416666666666666
2024-01-01 00:06:04.000000,2024-01-01 00:06:10.000000,1,-51.40414507772021,-51.0,3.92406881465861,0.3385416666666667,95.91378059706298,7662.0,0.0,-4.186528497409326,-3.0,3.4530217549371436,0.046875,39.69948186528497,40.0,3.4038657161338586,0.3177083333333333
2024-01-01 00:06:06.000000,2024-01-01 00:06:12.000000,1,-51.23834196891192,-51.0,0.4271774455050114,0.2708333333333333,12.159917197887523,7685.000000000001,0.0,-3.145077720207254,-3.0,0.35309512288207556,0.16145833333333334,39.818652849740936,40.0,0.4123917139492801,0.234375
2024-01-01 00:06:08.000000,2024-01-01 00:06:14.000000,1,-51.10362694300518,-51.0,0.30556863948540247,0.15625,10.106976602140342,7703.0,0.0,-3.098445595854922,-3.0,0.29869101299423567,0.125,39.9119170984456,40.0,0.31870988860017735,0.13541666666666666
2024-01-01 00:06:10.000000,2024-01-01 00:06:16.000000,1,-51.031088082901555,-51.0,0.17400717631559534,0.0625,5.378356637701617,7715.999999999999,0.0,-3.005181347150259,-3.0,0.07198157507486969,0.010416666666666666,39.979274611398964,40.0,0.17555119216573692,0.041666666666666664
2024-01-01 00:06:12.000000,2024-01-01 00:06:18.000000,1,-51.005181347150256,-51.0,0.07198157507486937,0.010416666666666666,1.9997350429144736,7722.0,0.0,-3.0,-3.0,0.0,0.0,40.01036269430052,40.0,0.10153187644463973,0.020833333333333332
2024-01-01 00:06:14.000000,2024-01-01 00:06:20.000000,1,-51.005181347150256,-51.0,0.07198157507486927,0.010416666666666666,1.9997350429146343,7722.0,0.0,-3.0,-3.0,0.0,0.0,40.01036269430052,40.0,0.10153187644463973,0.020833333333333332
2024-01-01 00:06:16.000000,2024-01-01 00:06:22.000000,1,-51.0,-51.0,0.10206207261596575,0.010416666666666666,7.3342623881064295,7729.0,0.0,-3.0,-3.0,0.0,0.0,40.04663212435233,40.0,0.21139801127490407,0.0625
2024-01-01 00:06:18.000000,2024-01-01 00:06:24.000000,1,-50.994818652849744,-51.0,0.07198157507486933,0.010416666666666666,7.579110513928206,7729.0,0.0,-3.0,-3.0,0.0,0.0,40.04663212435233,40.0,0.21139801127490407,0.0625
2024-01-01 00:06:20.000000,2024-01-01 00:06:26.000000,1,-50.994818652849744,-51.0,0.07198157507486923,0.010416666666666666,6.904338646299652,7727.999999999999,0.0,-3.0,-3.0,0.0,0.0,40.04145077720207,40.0,0.1998488202364827,0.052083333333333336
2024-01-01 00:06:22.000000,2024-01-01 00:06:28.000000,1,-51.0,-51.0,0.0,0.0,1.9997350429147505,7722.0,0.0,-3.0,-3.0,0.0,0.0,40.01036269430052,40.0,0.10153187644463972,0.020833333333333332
2024-01-01 00:06:24.000000,2024-01-01 00:06:30.000000,1,-51.0,-51.0,0.0,0.0,3.713985073208537,7724.0,0.0,-3.0,-3.0,0.0,0.0,40.020725388601036,40.0,0.14283400997012277,0.041666666666666664
2024-01-01 00:06:26.000000,2024-01-01 00:06:32.000000,1,-50.994818652849744,-51.0,0.12489200861914965,0.020833333333333332,9.342138050262859,7737.000000000001,0.0,-3.0155440414507773,-3.0,0.12402469251053024,0.010416666666666666,40.0880829015544,40.0,0.2841525290371422,0.08854166666666667
2024-01-01 00:06:28.000000,2024-01-01 00:06:34.000000,1,-50.98963730569948,-51.0,0.14396315014973918,0.03125,14.658375888172493,7747.0,0.0,-3.0207253886010363,-3.0,0.1428340099701228,0.020833333333333332,40.13989637305699,40.0,0.3477816449136736,0.13541666666666666
2024-01-01 00:06:30.000000,2024-01-01 00:06:36.000000,1,-50.98963730569948,-51.0,0.14396315014973934,0.03125,17.079355174160433,7750.000000000001,0.0,-3.0207253886010363,-3.0,0.1428340099701229,0.020833333333333332,40.15544041450777,40.0,0.36326634200426705,0.15625
2024-01-01 00:06:32.000000,2024-01-01 00:06:38.000000,1,-50.994818652849744,-51.0,0.07198157507486926,0.010416666666666666,10.774717654357792,7746.0,0.0,-3.005181347150259,-3.0,0.07198157507486963,0.010416666666666666,40.134715025906736,40.0,0.3423068899517844,0.18229166666666666
2024-01-01 00:06:34.000000,2024-01-01 00:06:40.000000,1,-50.98963730569948,-51.0,0.1015318764446397,0.020833333333333332,14.083566983040203,7745.0,0.0,-3.0,-3.0,0.0,0.0,40.129533678756474,40.0,0.33666299011313583,0.21875
2024-01-01 00:06:36.000000,2024-01-01 00:06:42.000000,1,-50.98963730569948,-51.0,0.10153187644463955,0.020833333333333332,13.096679511176859,7745.0,0.0,-3.0,-3.0,0.0,0.0,40.129533678756474,40.0,0.3366629901131362,0.21875
2024-01-01 00:06:38.000000,2024-01-01 00:06:44.000000,1,-50.984455958549226,-51.0,0.12402469251053026,0.03125,11.562239102157822,7743.0,0.0,-3.0,-3.0,0.0,0.0,40.119170984455955,40.0,0.32483222718871385,0.19791666666666666
2024-01-01 00:06:40.000000,2024-01-01 00:06:46.000000,1,-50.994818652849744,-51.0,0.07198157507486934,0.010416666666666666,7.797920411954996,7732.0,0.0,-3.0,-3.0,0.0,0.0,40.06217616580311,40.0,0.24210326234337579,0.10416666666666667
2024-01-01 00:06:42.000000,2024-01-01 00:06:48.000000,1,-50.994818652849744,-51.0,0.07198157507486926,0.010416666666666666,5.21501230325963,7726.0,0.0,-3.0,-3.0,0.0,0.0,40.031088082901555,40.0,0.17400717631559534,0.052083333333333336
2024-01-01 00:06:44.000000,2024-01-01 00:06:50.000000,1,-51.0,-51.0,0.0,0.0,5.978093995333835e-13,7720.000000000001,0.0,-3.0,-3.0,0.0,0.0,40.0,40.0,0.0,0.0
2024-01-01 00:06:46.000000,2024-01-01 00:06:52.000000,1,-51.0,-51.0,0.0,0.0,5.978093995333835e-13,7720.000000000001,0.0,-3.0,-3.0,0.0,0.0,40.0,40.0,0.0,0.0
2024-01-01 00:06:48.000000,2024-01-01 00:06:54.000000,1,-51.0,-51.0,0.0,0.0,5.978093995333835e-13,7720.000000000001,0.0,-3.0,-3.0,0.0,0.0,40.0,40.0,0.0,0.0
2024-01-01 00:06:50.000000,2024-01-01 00:06:56.000000,1,-51.0,-51.0,0.0,0.0,5.978093995333835e-13,7720.000000000001,0.0,-3.0,-3.0,0.0,0.0,40.0,40.0,0.0,0.0
2024-01-01 00:06:52.000000,2024-01-01 00:06:58.000000,1,-51.0,-51.0,0.0,0.0,5.978093995333835e-13,7720.000000000001,0.0,-3.0,-3.0,0.0,0.0,40.0,40.0,0.0,0.0
2024-01-01 00:06:54.000000,2024-01-01 00:07:00.000000,1,-51.0,-51.0,0.0,0.0,5.978093995333835e-13,7720.000000000001,0.0,-3.0,-3.0,0.0,0.0,40.0,40.0,0.0,0.0
2024-01-01 00:06:56.000000,2024-01-01 00:07:02.000000,1,-51.0,-51.0,0.0,0.0,1.9997350429144536,7722.0,0.0,-3.0,-3.0,0.0,0.0,40.01036269430052,40.0,0.10153187644463973,0.020833333333333332
2024-01-01 00:06:58.000000,2024-01-01 00:07:04.000000,1,-51.0,-51.0,0.0,0.0,1.9997350429145668,7722.0,0.0,-3.0,-3.0,0.0,0.0,40.01036269430052,40.0,0.10153187644463961,0.020833333333333332
2024-01-01 00:07:00.000000,2024-01-01 00:07:06.000000,1,-51.0,-51.0,0.0,0.0,3.7413736542379343,7724.0,0.0,-3.0,-3.0,0.0,0.0,40.020725388601036,40.0,0.1428340099701229,0.041666666666666664
2024-01-01 00:07:02.000000,2024-01-01 00:07:08.000000,1,-51.0,-51.0,0.0,0.0,1.9997350429144285,7722.000000000001,0.0,-3.0,-3.0,0.0,0.0,40.01036269430052,40.0,0.10153187644463962,0.020833333333333332
2024-01-01 00:07:04.000000,2024-01-01 00:07:10.000000,1,-51.0,-51.0,0.10206207261596575,0.010416666666666666,6.878089100336721,7726.0,0.0,-3.005181347150259,-3.0,0.07198157507486953,0.010416666666666666,40.031088082901555,40.0,0.22607925765682207,0.0625
2024-01-01 00:07:06.000000,2024-01-01 00:07:12.000000,1,-50.994818652849744,-51.0,0.16129067078908316,0.020833333333333332,11.609818008054775,7729.0,0.0,-3.010362694300518,-3.0,0.10153187644463985,0.020833333333333332,40.04663212435233,40.0,0.275570533930942,0.0625
2024-01-01 00:07:08.000000,2024-01-01 00:07:14.000000,1,-50.994818652849744,-51.0,0.16129067078908277,0.020833333333333332,11.60981800805481,7729.000000000001,0.0,-3.010362694300518,-3.0,0.10153187644463971,0.020833333333333332,40.04663212435233,40.0,0.275570533930942,0.0625
2024-01-01 00:07:10.000000,2024-01-01 00:07:16.000000,1,-50.994818652849744,-51.0,0.12489200861914981,0.010416666666666666,9.11847621177151,7732.0,0.0,-3.005181347150259,-3.0,0.07198157507486963,0.010416666666666666,40.06217616580311,40.0,0.26273685752853954,0.052083333333333336
2024-01-01 00:07:12.000000,2024-01-01 00:07:18.000000,1,-50.98963730569948,-51.0,0.10153187644463983,0.020833333333333332,8.712882533761674,7734.0,0.0,-3.0,-3.0,0.0,0.0,40.07253886010363,40.0,0.2600526384871156,0.10416666666666667
2024-01-01 00:07:14.000000,2024-01-01 00:07:20.000000,1,-50.968911917098445,-51.0,0.1740071763155947,0.052083333333333336,12.156582930138368,7750.000000000001,0.0,-3.0,-3.0,0.0,0.0,40.15544041450777,40.0,0.36326634200426694,0.20833333333333334
2024-01-01 00:07:16.000000,2024-01-01 00:07:22.000000,1,-50.968911917098445,-51.0,0.1740071763155951,0.052083333333333336,11.357204512506325,7750.0,0.0,-3.0,-3.0,0.0,0.0,40.15544041450777,40.0,0.363266342004267,0.25
2024-01-01 00:07:18.000000,2024-01-01 00:07:24.000000,1,-50.979274611398964,-51.0,0.1428340099701229,0.03125,11.038953407678065,7745.0,0.0,-3.0,-3.0,0.0,0.0,40.129533678756474,40.0,0.3366629901131365,0.19791666666666666
2024-01-01 00:07:20.000000,2024-01-01 00:07:26.000000,1,-51.0,-51.0,0.0,0.0,6.665770557397013,7732.000000000001,0.0,-3.0,-3.0,0.0,0.0,40.06217616580311,40.0,0.2421032623433757,0.125
2024-01-01 00:07:22.000000,2024-01-01 00:07:28.000000,1,-51.0,-51.0,0.0,0.0,5.854199580536678,7723.000000000001,0.0,-3.0,-3.0,0.0,0.0,40.015544041450774,40.0,0.19030359346492887,0.052083333333333336
2024-01-01 00:07:24.000000,2024-01-01 00:07:30.000000,1,-51.020725388601036,-51.0,0.14283400997012266,0.041666666666666664,4.8637181114505825,7721.000000000001,0.0,-3.010362694300518,-3.0,0.1015318764446398,0.020833333333333332,40.005181347150256,40.0,0.16129067078908266,0.03125
2024-01-01 00:07:26.000000,2024-01-01 00:07:32.000000,1,-51.03626943005181,-51.0,0.18744601986357107,0.07291666666666667,1.9997350429144298,7718.000000000001,0.0,-3.010362694300518,-3.0,0.10153187644463968,0.020833333333333332,39.98963730569948,40.0,0.10153187644463949,0.020833333333333332
2024-01-01 00:07:28.000000,2024-01-01 00:07:34.000000,1,-51.03626943005181,-51.0,0.18744601986357082,0.07291666666666667,5.978093995333835e-13,7720.000000000001,0.0,-3.010362694300518,-3.0,0.10153187644463954,0.020833333333333332,40.0,40.0,0.0,0.0
2024-01-01 00:07:30.000000,2024-01-01 00:07:36.000000,1,-51.015544041450774,-51.0,0.12402469251053028,0.03125,2.951094571180862,7723.000000000001,0.0,-3.0,-3.0,0.0,0.0,40.015544041450774,40.0,0.12402469251053033,0.03125
2024-01-01 00:07:32.000000,2024-01-01 00:07:38.000000,1,-50.994818652849744,-51.0,0.07198157507486942,0.010416666666666666,5.817242012848105,7729.000000000001,0.0,-3.0,-3.0,0.0,0.0,40.04663212435233,40.0,0.21139801127490407,0.078125
2024-01-01 00:07:34.000000,2024-01-01 00:07:40.000000,1,-50.98963730569948,-51.0,0.10153187644463972,0.020833333333333332,8.91652966306814,7736.0,0.0,-3.0,-3.0,0.0,0.0,40.082901554404145,40.0,0.2764504846556092,0.15625
2024-01-01 00:07:36.000000,2024-01-01 00:07:42.000000,1,-50.984455958549226,-51.0,0.12402469251053028,0.03125,13.028412414038545,7748.0,0.0,-3.0,-3.0,0.0,0.0,40.145077720207254,40.0,0.3530951228820766,0.23958333333333334
2024-01-01 00:07:38.000000,2024-01-01 00:07:44.000000,1,-50.984455958549226,-51.0,0.12402469251053028,0.03125,13.033752314197425,7754.999999999999,0.0,-3.0,-3.0,0.0,0.0,40.181347150259064,40.0,0.38630763958365016,0.2552083333333333
2024-01-01 00:07:40.000000,2024-01-01 00:07:46.000000,1,-50.979274611398964,-51.0,0.14283400997012283,0.03125,15.352225620379564,7764.0,0.0,-3.005181347150259,-3.0,0.07198157507486948,0.010416666666666666,40.2279792746114,40.0,0.42062027558700404,0.28125
2024-01-01 00:07:42.000000,2024-01-01 00:07:48.000000,1,-50.95336787564767,-51.0,0.23474621581114175,0.07291666666666667,18.11575105696578,7760.000000000001,0.0,-3.0259067357512954,-3.0,0.18916574414115442,0.041666666666666664,40.20725388601036,40.0,0.4190132540638465,0.21875
2024-01-01 00:07:44.000000,2024-01-01 00:07:50.000000,1,-50.968911917098445,-51.0,0.24804938502106028,0.0625,15.074107567874378,7747.0,0.0,-3.0207253886010363,-3.0,0.20306375288927933,0.041666666666666664,40.13989637305699,40.0,0.3765440291283266,0.15625
2024-01-01 00:07:46.000000,2024-01-01 00:07:52.000000,1,-50.984455958549226,-51.0,0.23884888741419458,0.052083333333333336,10.842007496630584,7730.0,0.0,-3.0155440414507773,-3.0,0.19030359346492867,0.03125,40.05181347150259,40.0,0.2649868833720642,0.052083333333333336
2024-01-01 00:07:48.000000,2024-01-01 00:07:54.000000,1,-51.015544041450774,-51.0,0.12402469251053029,0.03125,1.0000000000006672,7719.0,0.0,-2.994818652849741,-3.0,0.07198157507486963,0.010416666666666666,39.994818652849744,40.0,0.07198157507486926,0.010416666666666666
2024-01-01 00:07:50.000000,2024-01-01 00:07:56.000000,1,-51.01036269430052,-51.0,0.10153187644463976,0.020833333333333332,5.978093995333835e-13,7720.000000000001,0.0,-3.0,-3.0,0.0,0.0,40.0,40.0,0.0,0.0
2024-01-01 00:07:52.000000,2024-01-01 00:07:58.000000,1,-51.01036269430052,-51.0,0.1015318764446398,0.020833333333333332,5.978093995333835e-13,7720.000000000001,0.0,-3.0,-3.0,0.0,0.0,40.0,40.0,0.0,0.0
2024-01-01 00:07:54.000000,2024-01-01 00:08:00.000000,1,-51.01036269430052,-51.0,0.10153187644463965,0.020833333333333332,1.9997350429145153,7722.0,0.0,-3.0,-3.0,0.0,0.0,40.01036269430052,40.0,0.1015318764446397,0.020833333333333332
2024-01-01 00:07:56.000000,2024-01-01 00:08:02.000000,1,-51.005181347150256,-51.0,0.07198157507486921,0.010416666666666666,2.976376677702681,7723.0,0.0,-3.010362694300518,-3.0,0.1015318764446398,0.020833333333333332,40.015544041450774,40.0,0.1240246925105303,0.03125
2024-01-01 00:07:58.000000,2024-01-01 00:08:04.000000,1,-51.09844559585492,-51.0,0.31564693553112466,0.078125,14.47046249471683,7707.0,0.0,-3.0207253886010363,-3.0,0.14283400997012274,0.036458333333333336,39.932642487046635,40.0,0.30724203552538565,0.08854166666666667
2024-01-01 00:08:00.000000,2024-01-01 00:08:06.000000,1,-51.19170984455958,-51.0,0.4076529349475232,0.20833333333333334,18.49555492100853,7694.0,0.0,-3.0466321243523318,-3.0,0.21139801127490385,0.08333333333333333,39.865284974093264,40.0,0.3571983672626873,0.16145833333333334
2024-01-01 00:08:02.000000,2024-01-01 00:08:08.000000,1,-51.310880829015545,-51.0,0.47514882678936465,0.3541666666666667,21.545931176804658,7675.0,0.0,-3.0414507772020727,-3.0,0.19984882023648246,0.07291666666666667,39.766839378238345,40.0,0.4239433680040436,0.3020833333333333
2024-01-01 00:08:04.000000,2024-01-01 00:08:10.000000,1,-51.27461139896373,-51.0,0.4474790256660676,0.375,13.327596587378748,7686.0,0.0,-3.051813471502591,-3.0,0.2222267198738861,0.08854166666666667,39.82383419689119,40.0,0.3819519677910841,0.2552083333333333
2024-01-01 00:08:06.000000,2024-01-01 00:08:12.000000,1,-51.24352331606217,-51.0,0.430324515053015,0.3333333333333333,15.629332447071649,7689.0,0.0,-3.0310880829015545,-3.0,0.1740071763155946,0.0625,39.83937823834197,40.0,0.3681366748898607,0.24479166666666666
2024-01-01 00:08:08.000000,2024-01-01 00:08:14.000000,1,-51.16062176165803,-51.0,0.3681366748898609,0.2604166666666667,9.197781319446285,7707.000000000001,0.0,-3.0414507772020727,-3.0,0.1998488202364822,0.08333333333333333,39.932642487046635,40.0,0.2512919982685126,0.11458333333333333
2024-01-01 00:08:10.000000,2024-01-01 00:08:16.000000,1,-51.13989637305699,-51.0,0.3477816449136738,0.21354166666666666,8.630846249967641,7709.0,0.0,-3.0310880829015545,-3.0,0.174007176315595,0.057291666666666664,39.943005181347154,40.0,0.23243566532414983,0.09375
2024-01-01 00:08:12.000000,2024-01-01 00:08:18.000000,1,-51.22279792746114,-51.0,0.41720604121826416,0.22395833333333334,9.175784331759528,7706.000000000001,0.0,-3.0259067357512954,-3.0,0.1592702486022111,0.052083333333333336,39.92746113989637,40.0,0.26005263848711563,0.09375
2024-01-01 00:08:14.000000,2024-01-01 00:08:20.000000,1,-51.21243523316062,-51.0,0.41009498036287306,0.19791666666666666,9.716102577334427,7706.0,0.0,-3.010362694300518,-3.0,0.10153187644463955,0.020833333333333332,39.92746113989637,40.0,0.2600526384871154,0.09375
2024-01-01 00:08:16.000000,2024-01-01 00:08:22.000000,1,-51.23834196891192,-51.0,0.4271774455050115,0.25,11.243590538866373,7702.0,0.0,-3.010362694300518,-3.0,0.10153187644463942,0.015625,39.90673575129534,40.0,0.2915587019520046,0.11458333333333333
2024-01-01 00:08:18.000000,2024-01-01 00:08:24.000000,1,-51.12435233160622,-51.0,0.3308412890635368,0.20833333333333334,6.171457265821202,7712.0,0.0,-3.0,-3.0,0.0,0.0,39.95854922279793,40.0,0.19984882023648248,0.0625
2024-01-01 00:08:20.000000,2024-01-01 00:08:26.000000,1,-51.2020725388601,-51.0,0.4025903818325042,0.2552083333333333,9.249487869995026,7702.0,0.0,-3.005181347150259,-3.0,0.07198157507486953,0.010416666666666666,39.90673575129534,40.0,0.2915587019520041,0.14583333333333334
2024-01-01 00:08:22.000000,2024-01-01 00:08:28.000000,1,-51.19170984455958,-51.0,0.39466979705148797,0.22395833333333334,11.759291136263728,7702.0,0.0,-3.005181347150259,-3.0,0.07198157507486962,0.010416666666666666,39.90673575129534,40.0,0.29155870195200495,0.15625
2024-01-01 00:08:24.000000,2024-01-01 00:08:30.000000,1,-51.23834196891192,-51.0,0.42717744550501097,0.2916666666666667,11.685339392372489,7693.0,0.0,-3.010362694300518,-3.0,0.10153187644463986,0.020833333333333332,39.86010362694301,40.0,0.34778164491367347,0.22916666666666666
2024-01-01 00:08:26.000000,2024-01-01 00:08:32.000000,1,-51.170984455958546,-51.0,0.37747456421873565,0.2760416666666667,8.896967964648821,7699.0,0.0,-3.005181347150259,-3.0,0.07198157507486957,0.010416666666666666,39.89119170984456,40.0,0.3122084131862061,0.17708333333333334
2024-01-01 00:08:28.000000,2024-01-01 00:08:34.000000,1,-51.23834196891192,-51.0,0.42717744550501124,0.3333333333333333,11.17332870178421,7691.000000000001,0.0,-3.005181347150259,-3.0,0.07198157507486964,0.010416666666666666,39.84974093264249,40.0,0.3582544999036421,0.21875
2024-01-01 00:08:30.000000,2024-01-01 00:08:36.000000,1,-51.26943005181347,-51.0,0.4563763369930404,0.3072916666666667,21.81478321921117,7683.000000000001,0.0,-3.0155440414507773,-3.0,0.12402469251053037,0.020833333333333332,39.80829015544042,40.0,0.394669797051488,0.20833333333333334
2024-01-01 00:08:32.000000,2024-01-01 00:08:38.000000,1,-51.32124352331606,-51.0,0.47916432003630505,0.34375,22.729990380081237,7673.0,0.0,-3.0207253886010363,-3.0,0.14283400997012283,0.03125,39.75647668393783,40.0,0.430324515053015,0.2604166666666667
2024-01-01 00:08:34.000000,2024-01-01 00:08:40.000000,1,-51.33678756476684,-51.0,0.4847078603082067,0.3385416666666667,23.245350372359884,7669.0,0.0,-3.0310880829015545,-3.0,0.17400717631559479,0.052083333333333336,39.73575129533679,40.0,0.44207910810604234,0.265625
2024-01-01 00:08:36.000000,2024-01-01 00:08:42.000000,1,-51.40414507772021,-51.0,0.49200209570302206,0.4166666666666667,21.780187501822844,7661.0,0.0,-3.088082901554404,-3.0,0.28415252903714183,0.15625,39.69430051813472,40.0,0.46190124852087977,0.390625
2024-01-01 00:08:38.000000,2024-01-01 00:08:44.000000,1,-51.48186528497409,-51.0,0.5009705606027908,0.4635416666666667,17.986592116149936,7643.0,0.0,-3.134715025906736,-3.0,0.34230688995178427,0.23958333333333334,39.601036269430054,40.0,0.49095884473074164,0.421875
2024-01-01 00:08:40.000000,2024-01-01 00:08:46.000000,1,-51.512953367875646,-52.0,0.5011321379527754,0.515625,16.66701838357471,7632.0,0.0,-3.2124352331606216,-3.0,0.4100949803628727,0.34375,39.5440414507772,40.0,0.49935191158762626,0.4947916666666667
2024-01-01 00:08:42.000000,2024-01-01 00:08:48.000000,1,-51.53367875647668,-52.0,0.5001618908897866,0.484375,17.949124340439166,7618.0,0.0,-3.2176165803108807,-3.0,0.4136984083326822,0.34375,39.47150259067357,39.0,0.5004855155699675,0.4166666666666667
2024-01-01 00:08:44.000000,2024-01-01 00:08:50.000000,1,-51.5440414507772,-52.0,0.49935191158762626,0.5,18.204939461383955,7618.0,0.0,-3.2590673575129534,-3.0,0.43926211876395843,0.4166666666666667,39.47150259067357,39.0,0.5004855155699675,0.4479166666666667
2024-01-01 00:08:46.000000,2024-01-01 00:08:52.000000,1,-51.64766839378238,-52.0,0.4789389899885594,0.4270833333333333,25.43016782703803,7597.0,0.0,-3.238341968911917,-3.0,0.42717744550501097,0.3854166666666667,39.362694300518136,39.0,0.4820280451067448,0.390625
2024-01-01 00:08:48.000000,2024-01-01 00:08:54.000000,1,-51.6580310880829,-52.0,0.4756029715303487,0.4166666666666667,22.196854838015952,7603.0,0.0,-3.2176165803108807,-3.0,0.41369840833268207,0.34375,39.39378238341969,39.0,0.48985828552385735,0.40625
2024-01-01 00:08:50.000000,2024-01-01 00:08:56.000000,1,-51.61139896373057,-52.0,0.4887000309057221,0.421875,24.200916901294164,7619.0,0.0,-3.1917098445595853,-3.0,0.39466979705148947,0.2916666666666667,39.476683937823836,39.0,0.5007550430360931,0.3802083333333333
2024-01-01 00:08:52.000000,2024-01-01 00:08:58.000000,1,-51.575129533678755,-52.0,0.4956089570840787,0.4375,17.444413355106878,7630.999999999999,0.0,-3.134715025906736,-3.0,0.34230688995178443,0.21875,39.538860103626945,40.0,0.49978406390701013,0.40625
2024-01-01 00:08:54.000000,2024-01-01 00:09:00.000000,1,-51.54922279792746,-52.0,0.49886529275033803,0.46875,19.23395624977275,7634.0,0.0,-3.093264248704663,-3.0,0.2915587019520051,0.16666666666666666,39.55440414507772,40.0,0.4983240478337323,0.375
2024-01-01 00:08:56.000000,2024-01-01 00:09:02.000000,1,-51.740932642487046,-52.0,0.4392621187639591,0.2864583333333333,27.772035362478643,7588.0,0.0,-3.1243523316062176,-3.0,0.3308412890635367,0.19791666666666666,39.3160621761658,39.0,0.4661467002071243,0.24479166666666666
2024-01-01 00:08:58.000000,2024-01-01 00:09:04.000000,1,-51.83419689119171,-52.0,0.372871043658016,0.20833333333333334,27.642847195371594,7564.0,0.0,-3.145077720207254,-3.0,0.35309512288207606,0.23958333333333334,39.19170984455958,39.0,0.3946697970514877,0.125
2024-01-01 00:09:00.000000,2024-01-01 00:09:06.000000,1,-51.87564766839378,-52.0,0.3308412890635369,0.13020833333333334,14.148456318111094,7549.0,0.0,-3.139896373056995,-3.0,0.34778164491367386,0.22916666666666666,39.1139896373057,39.0,0.318625204159038,0.11458333333333333
2024-01-01 00:09:02.000000,2024-01-01 00:09:08.000000,1,-51.72020725388601,-52.0,0.45006476217922264,0.2708333333333333,27.679811580984204,7587.0,0.0,-3.0414507772020727,-3.0,0.19984882023648273,0.08333333333333333,39.310880829015545,39.0,0.4640579068743928,0.234375
2024-01-01 00:09:04.000000,2024-01-01 00:09:10.000000,1,-51.50777202072539,-52.0,0.5012398272498059,0.34375,28.394077828419025,7635.0,0.0,-3.0259067357512954,-3.0,0.1592702486022107,0.052083333333333336,39.55958549222798,40.0,0.4977279986315421,0.28125
2024-01-01 00:09:06.000000,2024-01-01 00:09:12.000000,1,-51.476683937823836,-51.0,0.5007550430360931,0.421875,19.900203534366277,7649.0,0.0,-3.0362694300518136,-3.0,0.1874460198635714,0.0625,39.63212435233161,40.0,0.48348145547610427,0.3333333333333333
2024-01-01 00:09:08.000000,2024-01-01 00:09:14.000000,1,-51.50777202072539,-52.0,0.5012398272498059,0.4635416666666667,23.648111435983036,7643.0,0.0,-3.0414507772020727,-3.0,0.19984882023648254,0.07291666666666667,39.601036269430054,40.0,0.4909588447307416,0.3385416666666667
2024-01-01 00:09:10.000000,2024-01-01 00:09:16.000000,1,-51.56476683937824,-52.0,0.49707694799495583,0.4895833333333333,16.71527538104586,7629.0,0.0,-3.0310880829015545,-3.0,0.17400717631559479,0.052083333333333336,39.52849740932643,40.0,0.5004855155699675,0.3854166666666667
2024-01-01 00:09:12.000000,2024-01-01 00:09:18.000000,1,-51.54922279792746,-52.0,0.498865292750338,0.484375,18.47507732408394,7631.0,0.0,-3.051813471502591,-3.0,0.22222671987388615,0.10416666666666667,39.538860103626945,40.0,0.4997840639070102,0.390625
2024-01-01 00:09:14.000000,2024-01-01 00:09:20.000000,1,-51.476683937823836,-51.0,0.5007550430360931,0.4270833333333333,21.31888993889042,7646.000000000001,0.0,-3.062176165803109,-3.0,0.24210326234337606,0.125,39.61658031088083,40.0,0.4874836696259529,0.359375
2024-01-01 00:09:16.000000,2024-01-01 00:09:22.000000,1,-51.461139896373055,-51.0,0.4997840639070102,0.4583333333333333,17.06901647661519,7647.000000000001,0.0,-3.0725388601036268,-3.0,0.2600526384871154,0.14583333333333334,39.62176165803109,40.0,0.4862087655838475,0.40625
2024-01-01 00:09:18.000000,2024-01-01 00:09:24.000000,1,-51.512953367875646,-52.0,0.5011321379527754,0.4427083333333333,22.03084995300308,7630.999999999999,0.0,-3.0725388601036268,-3.0,0.2600526384871157,0.125,39.538860103626945,40.0,0.49978406390701013,0.328125
2024-01-01 00:09:20.000000,2024-01-01 00:09:26.000000,1,-51.626943005181346,-52.0,0.49550004400572206,0.4322916666666667,18.428089122832187,7604.000000000001,0.0,-3.1088082901554404,-3.0,0.31220841318620607,0.17708333333333334,39.398963730569946,39.0,0.5014551364638827,0.359375
2024-01-01 00:09:22.000000,2024-01-01 00:09:28.000000,1,-51.75647668393783,-52.0,0.4422622015527433,0.3333333333333333,17.00481595615141,7579.000000000001,0.0,-3.155440414507772,-3.0,0.3632663420042663,0.234375,39.26943005181347,39.0,0.4563763369930406,0.2604166666666667
2024-01-01 00:09:24.000000,2024-01-01 00:09:30.000000,1,-51.7720207253886,-52.0,0.43282569575009544,0.2916666666666667,17.195131063325064,7573.0,0.0,-3.1243523316062176,-3.0,0.3308412890635363,0.1875,39.23834196891192,39.0,0.43920067920582023,0.3020833333333333
2024-01-01 00:09:26.000000,2024-01-01 00:09:32.000000,1,-51.74611398963731,-52.0,0.4363651083347758,0.3072916666666667,14.143891945998146,7577.0,0.0,-3.1088082901554404,-3.0,0.31220841318620607,0.16666666666666666,39.259067357512954,39.0,0.4392621187639583,0.3020833333333333
2024-01-01 00:09:28.000000,2024-01-01 00:09:34.000000,1,-51.70984455958549,-52.0,0.4550142816942883,0.3854166666666667,20.200999411733562,7586.0,0.0,-3.05699481865285,-3.0,0.23243566532414991,0.08854166666666667,39.30569948186528,39.0,0.4619012485208799,0.34375
2024-01-01 00:09:30.000000,2024-01-01 00:09:36.000000,1,-51.64766839378238,-52.0,0.478938989988559,0.4114583333333333,22.79722874052335,7603.0,0.0,-3.05699481865285,-3.0,0.23243566532415033,0.10416666666666667,39.39378238341969,39.0,0.48985828552385735,0.3697916666666667
2024-01-01 00:09:32.000000,2024-01-01 00:09:38.000000,1,-51.62176165803109,-52.0,0.4862087655838476,0.4427083333333333,21.423708150762767,7605.0,0.0,-3.0207253886010363,-3.0,0.14283400997012277,0.041666666666666664,39.40414507772021,39.0,0.492002095703022,0.3854166666666667
2024-01-01 00:09:34.000000,2024-01-01 00:09:40.000000,1,-51.53367875647668,-52.0,0.5001618908897865,0.421875,19.940366920202298,7633.0,0.0,-3.0362694300518136,-3.0,0.18744601986357118,0.07291666666666667,39.54922279792746,40.0,0.4988652927503379,0.3697916666666667
2024-01-01 00:09:36.000000,2024-01-01 00:09:42.000000,1,-51.44041450777202,-51.0,0.49772799863154216,0.40625,16.798168239166827,7652.0,0.0,-3.0310880829015545,-3.0,0.17400717631559462,0.0625,39.64766839378238,40.0,0.47893898998855927,0.3333333333333333
2024-01-01 00:09:38.000000,2024-01-01 00:09:44.000000,1,-51.33160621761658,-51.0,0.47201475343588495,0.3541666666666667,12.279450556747138,7678.999999999999,0.0,-3.0673575129533677,-3.0,0.2512919982685128,0.11458333333333333,39.78756476683938,40.0,0.410094980362873,0.2916666666666667
2024-01-01 00:09:40.000000,2024-01-01 00:09:46.000000,1,-51.259067357512954,-51.0,0.43926211876395865,0.3229166666666667,13.986667104448786,7684.999999999999,0.0,-3.05699481865285,-3.0,0.2324356653241496,0.09375,39.818652849740936,40.0,0.38630763958365016,0.2708333333333333
2024-01-01 00:09:42.000000,2024-01-01 00:09:48.000000,1,-51.19170984455958,-51.0,0.39466979705148786,0.28125,8.97726819547245,7698.0,0.0,-3.0466321243523318,-3.0,0.21139801127490337,0.07291666666666667,39.8860103626943,40.0,0.31862520415903856,0.20833333333333334
2024-01-01 00:09:44.000000,2024-01-01 00:09:50.000000,1,-51.145077720207254,-51.0,0.353095122882076,0.24479166666666666,7.3429106493403555,7707.0,0.0,-3.010362694300518,-3.0,0.10153187644463947,0.020833333333333332,39.932642487046635,40.0,0.2512919982685124,0.11979166666666667
2024-01-01 00:09:46.000000,2024-01-01 00:09:52.000000,1,-51.1139896373057,-51.0,0.31862520415903833,0.20833333333333334,6.748567705589761,7710.0,0.0,-3.0,-3.0,0.0,0.0,39.94818652849741,40.0,0.2222267198738861,0.09375
2024-01-01 00:09:48.000000,2024-01-01 00:09:54.000000,1,-51.10362694300518,-51.0,0.30556863948540264,0.17708333333333334,6.3715513596469115,7712.000000000001,0.0,-3.0,-3.0,0.0,0.0,39.95854922279793,40.0,0.1998488202364823,0.07291666666666667
2024-01-01 00:09:50.000000,2024-01-01 00:09:56.000000,1,-51.13989637305699,-51.0,0.34778164491367325,0.20833333333333334,9.405995988770293,7705.0,0.0,-3.010362694300518,-3.0,0.10153187644463976,0.020833333333333332,39.92227979274612,40.0,0.26842710147876286,0.125
2024-01-01 00:09:52.000000,2024-01-01 00:09:58.000000,1,-51.181347150259064,-51.0,0.38630763958365005,0.28125,8.115128621075403,7702.000000000001,0.0,-3.010362694300518,-3.0,0.10153187644463962,0.020833333333333332,39.90673575129534,40.0,0.29155870195200495,0.15625
2024-01-01 00:09:54.000000,2024-01-01 00:10:00.000000,1,-52.020725388601036,-51.0,5.261850265930304,0.015625,73.81263220448497,7639.000000000001,0.0,-3.4922279792746114,-3.0,3.286841142762265,0.057291666666666664,39.58031088082902,40.0,2.7679388214908953,0.203125
2024-01-01 00:09:56.000000,2024-01-01 00:10:02.000000,1,-35.97409326424871,-51.0,27.005677495891298,0.005208333333333333,1327.9050911502752,6027.0,0.0,-21.3419689119171,-3.0,26.625237680063282,0.015625,31.2279792746114,40.0,12.870340765350186,0.005208333333333333
2024-01-01 00:09:58.000000,2024-01-01 00:10:04.000000,1,-19.632124352331605,-3.0,27.818878559672182,0.005208333333333333,1382.1017526617622,4078.0,0.0,-41.25388601036269,-59.0,27.929837650341597,0.005208333333333333,21.129533678756477,16.0,14.164907058251817,0.06770833333333333
2024-01-01 00:10:00.000000,2024-01-01 00:10:06.000000,1,-2.699481865284974,-2.0,13.805299772676815,0.15104166666666666,379.1068564997815,2142.0,0.0,-60.84455958549223,-63.0,9.209182687327152,0.11979166666666667,11.098445595854923,9.0,5.685842035668674,0.078125
2024-01-01 00:10:02.000000,2024-01-01 00:10:08.000000,1,-2.0362694300518136,-2.0,2.3237296193180588,0.19270833333333334,78.76589403037327,1828.0000000000002,0.0,-63.09844559585492,-63.0,1.5961045249534418,0.19270833333333334,9.471502590673575,9.0,2.0717510511550414,0.20833333333333334
2024-01-01 00:10:04.000000,2024-01-01 00:10:10.000000,1,-2.0673575129533677,-2.0,0.5502099614938964,0.14583333333333334,43.866227402065185,1828.0000000000002,0.0,-63.03626943005181,-63.0,0.18744601986357054,0.0625,9.471502590673575,10.0,0.6538876697328616,0.2708333333333333
2024-01-01 00:10:06.000000,2024-01-01 00:10:12.000000,1,-1.8911917098445596,-2.0,0.5529985773920063,0.203125,26.542883840777524,1838.0,0.0,-63.0,-63.0,0.0,0.0,9.523316062176166,10.0,0.521141963825034,0.296875
2024-01-01 00:10:08.000000,2024-01-01 00:10:14.000000,1,-1.694300518134715,-2.0,0.554168533376938,0.296875,19.673004402419085,1795.0000000000002,0.0,-63.005181347150256,-63.0,0.07198157507486942,0.010416666666666666,9.300518134715025,9.0,0.48180405436736984,0.2760416666666667
2024-01-01 00:10:10.000000,2024-01-01 00:10:16.000000,1,-1.4352331606217616,-1.0,0.5275751057697662,0.3125,14.588912348394327,1763.0,0.0,-63.01036269430052,-63.0,0.10153187644463973,0.020833333333333332,9.134715025906736,9.0,0.3714933919221126,0.14583333333333334
2024-01-01 00:10:12.000000,2024-01-01 00:10:18.000000,1,-1.2642487046632125,-1.0,0.4761133665670754,0.23958333333333334,7.35814824949073,1748.0,0.0,-63.04663212435233,-63.0,0.21139801127490407,0.09375,9.05699481865285,9.0,0.25385626874541944,0.07291666666666667
2024-01-01 00:10:14.000000,2024-01-01 00:10:20.000000,1,-1.072538860103627,-1.0,0.3607317213444238,0.14583333333333334,8.348575399585602,1736.0,0.0,-63.07772020725388,-63.0,0.2684271014787629,0.14583333333333334,8.994818652849741,9.0,0.26015638979325323,0.041666666666666664
2024-01-01 00:10:16.000000,2024-01-01 00:10:22.000000,1,-1.0259067357512954,-1.0,0.37409937907345375,0.109375,10.33009816261567,1738.0,0.0,-63.082901554404145,-63.0,0.2764504846556091,0.15625,9.005181347150259,9.0,0.3306781120922973,0.08333333333333333
2024-01-01 00:10:18.000000,2024-01-01 00:10:24.000000,1,-0.9430051813471503,-1.0,0.3706206576110053,0.078125,13.481642760072699,1730.0000000000002,0.0,-63.07253886010363,-63.0,0.2600526384871153,0.125,8.963730569948186,9.0,0.35900697815320204,0.10416666666666667
2024-01-01 00:10:20.000000,2024-01-01 00:10:26.000000,1,-0.8082901554404145,-1.0,0.4782059340611846,0.18229166666666666,21.25694943914044,1705.0,0.0,-63.082901554404145,-63.0,0.2764504846556092,0.14583333333333334,8.83419689119171,9.0,0.4371683297449066,0.203125
2024-01-01 00:10:22.000000,2024-01-01 00:10:28.000000,1,-0.5647668393782384,-1.0,0.49707694799495505,0.2552083333333333,27.37446414963107,1665.0,0.0,-63.129533678756474,-63.0,0.33666299011313566,0.23958333333333334,8.626943005181348,9.0,0.4848748569919922,0.2916666666666667
2024-01-01 00:10:24.000000,2024-01-01 00:10:30.000000,1,-0.43005181347150256,0.0,0.49637067950076225,0.3177083333333333,16.85608413123807,1624.0000000000002,0.0,-63.181347150259064,-63.0,0.38630763958365005,0.34375,8.414507772020725,8.0,0.4939181055512797,0.3541666666666667
2024-01-01 00:10:26.000000,2024-01-01 00:10:32.000000,1,-0.26424870466321243,0.0,0.4420791081060425,0.24479166666666666,17.02371436105191,1581.9999999999998,0.0,-63.21761658031088,-63.0,0.4136984083326817,0.4166666666666667,8.196891191709845,8.0,0.4479009767505475,0.22916666666666666
2024-01-01 00:10:28.000000,2024-01-01 00:10:34.000000,1,-0.16580310880829016,0.0,0.3865869654622164,0.16666666666666666,17.930374470187637,1550.0,0.0,-63.25388601036269,-63.0,0.4363651083347762,0.4583333333333333,8.031088082901555,8.0,0.40705670867336496,0.13020833333333334
2024-01-01 00:10:30.000000,2024-01-01 00:10:36.000000,1,-0.03626943005181347,0.0,0.23657840919244488,0.08854166666666667,10.746582327521647,1532.0,0.0,-63.27461139896373,-63.0,0.4474790256660676,0.4479166666666667,7.937823834196891,8.0,0.3166712116754106,0.10416666666666667
2024-01-01 00:10:32.000000,2024-01-01 00:10:38.000000,1,0.0,0.0,0.27003086243366087,0.0546875,10.296889663874845,1533.0,0.0,-63.32642487046632,-63.0,0.470124280779284,0.46875,7.94300518134715,8.0,0.2920211268293444,0.08333333333333333
2024-01-01 00:10:34.000000,2024-01-01 00:10:40.000000,1,0.010362694300518135,0.0,0.3225813415781657,0.0625,10.379395475661388,1530.0,0.0,-63.35233160621762,-63.0,0.4789389899885592,0.4583333333333333,7.927461139896373,8.0,0.27936363659355695,0.06770833333333333
2024-01-01 00:10:36.000000,2024-01-01 00:10:42.000000,1,0.02072538860103627,0.0,0.2879263002994785,0.052083333333333336,10.70381380338254,1534.0,0.0,-63.347150259067355,-63.0,0.4773021658372754,0.4791666666666667,7.948186528497409,8.0,0.2649868833720643,0.0625
2024-01-01 00:10:38.000000,2024-01-01 00:10:44.000000,1,-0.0051813471502590676,0.0,0.23930039800132566,0.015625,9.374587658954805,1537.0,0.0,-63.30051813471503,-63.0,0.45967576994170806,0.4375,7.963730569948186,8.0,0.2576548279436941,0.052083333333333336
2024-01-01 00:10:40.000000,2024-01-01 00:10:46.000000,1,-0.07253886010362694,0.0,0.345992352686362,0.026041666666666668,12.126340988624412,1557.0,0.0,-63.26424870466321,-63.0,0.4420791081060423,0.4166666666666667,8.067357512953368,8.0,0.3544681486308501,0.057291666666666664
2024-01-01 00:10:42.000000,2024-01-01 00:10:48.000000,1,-0.3005181347150259,0.0,0.5132106261612632,0.13541666666666666,37.36414736422806,1599.0,0.0,-63.22279792746114,-63.0,0.4172060412182648,0.328125,8.284974093264248,8.0,0.5068613842728722,0.13020833333333334
2024-01-01 00:10:44.000000,2024-01-01 00:10:50.000000,1,-0.44559585492227977,0.0,0.5480968801067279,0.2708333333333333,29.040830912921333,1621.0,0.0,-63.181347150259064,-63.0,0.3863076395836503,0.28125,8.398963730569948,8.0,0.5414091988068523,0.265625
2024-01-01 00:10:46.000000,2024-01-01 00:10:52.000000,1,-0.39896373056994816,0.0,0.7007428823893563,0.3177083333333333,45.95146614542958,1582.0,0.0,-63.18652849740933,-63.0,0.3905456525628609,0.25,8.196891191709845,8.0,1.0320845984256466,0.2864583333333333
2024-01-01 00:10:48.000000,2024-01-01 00:10:54.000000,1,-11.922279792746114,0.0,22.708964157548188,0.005208333333333333,1965.697422236243,3793.0,0.0,-46.26943005181347,-63.0,27.204088774072805,0.005208333333333333,19.65284974093264,8.0,19.32988577369715,0.015625
2024-01-01 00:10:50.000000,2024-01-01 00:10:56.000000,1,-25.984455958549223,-37.0,24.616533376121122,0.005208333333333333,2312.1205449266486,6347.0,0.0,-25.865284974093264,-4.0,29.857866199829285,0.005208333333333333,32.8860103626943,45.0,20.89426409378242,0.005208333333333333
2024-01-01 00:10:52.000000,2024-01-01 00:10:58.000000,1,-39.35233160621762,-41.0,16.513574190832554,0.09895833333333333,684.6904748932348,9104.0,0.0,-5.1139896373057,-1.0,14.274009785412712,0.026041666666666668,47.170984455958546,50.0,11.159207127448568,0.078125
2024-01-01 00:10:54.000000,2024-01-01 00:11:00.000000,1,-42.020725388601036,-43.0,4.185737874545432,0.06770833333333333,264.43656173756307,9510.0,0.0,-0.8808290155440415,-1.0,1.1045810559455158,0.19791666666666666,49.27461139896373,49.0,3.3668463203831815,0.026041666666666668
2024-01-01 00:10:56.000000,2024-01-01 00:11:02.000000,1,-42.067357512953365,-43.0,2.049039856874541,0.06770833333333333,125.42981466306436,9529.0,0.0,-0.5181347150259067,0.0,0.5598852584152164,0.28125,49.373056994818654,49.0,1.637992763601126,0.015625
2024-01-01 00:10:58.000000,2024-01-01 00:11:04.000000,1,-42.95336787564767,-43.0,0.2938635496921167,0.08854166666666667,17.592884089530173,9402.0,0.0,-0.5544041450777202,-1.0,0.49832404783373196,0.3385416666666667,48.715025906735754,49.0,0.4525761035822367,0.3333333333333333
2024-01-01 00:11:00.000000,2024-01-01 00:11:06.000000,1,-43.005181347150256,-43.0,0.2794602186661383,0.0625,29.954964571125988,9359.0,0.0,-0.6994818652849741,-1.0,0.45967576994170833,0.3385416666666667,48.49222797927461,48.0,0.5012398272498059,0.3072916666666667
2024-01-01 00:11:02.000000,2024-01-01 00:11:08.000000,1,-43.03626943005181,-43.0,0.2953292123986851,0.09375,34.42303529047829,9339.0,0.0,-0.8393782383419689,-1.0,0.368136674889863,0.20833333333333334,48.38860103626943,48.0,0.488700030905722,0.3125
2024-01-01 00:11:04.000000,2024-01-01 00:11:10.000000,1,-43.233160621761655,-43.0,0.4239433680040435,0.22916666666666666,11.436022121512972,9292.0,0.0,-0.8860103626943006,-1.0,0.31862520415903894,0.14583333333333334,48.145077720207254,48.0,0.35309512288207584,0.21354166666666666
2024-01-01 00:11:06.000000,2024-01-01 00:11:12.000000,1,-43.33678756476684,-43.0,0.554849868443011,0.328125,10.836929965126998,9284.000000000002,0.0,-0.9689119170984456,-1.0,0.24804938502106083,0.057291666666666664,48.10362694300518,48.0,0.38138632221186597,0.20833333333333334
2024-01-01 00:11:08.000000,2024-01-01 00:11:14.000000,1,-45.22279792746114,-44.0,10.40518192444654,0.078125,452.0429579052353,8744.000000000002,0.0,-2.6632124352331608,-1.0,7.788582993277909,0.036458333333333336,45.30569948186528,48.0,10.67633767247545,0.078125
2024-01-01 00:11:10.000000,2024-01-01 00:11:16.000000,1,-45.54922279792746,-43.0,11.351344997266963,0.09375,651.5613456424472,8639.0,0.0,-3.2746113989637307,-2.0,7.960333167969646,0.10416666666666667,44.76165803108808,48.0,11.954565957683906,0.11458333333333333
2024-01-01 00:11:12.000000,2024-01-01 00:11:18.000000,1,-45.22279792746114,-43.0,11.427174229914796,0.08333333333333333,684.4884591172448,8686.0,0.0,-3.8911917098445596,-3.0,7.829137293465402,0.11458333333333333,45.005181347150256,48.0,12.032723355381782,0.10416666666666667
2024-01-01 00:11:14.000000,2024-01-01 00:11:20.000000,1,-43.37823834196891,-42.0,4.994470171806384,0.19270833333333334,313.9067183725181,9200.0,0.0,-3.0466321243523318,-3.0,2.6815149547418726,0.08854166666666667,47.66839378238342,49.0,6.807921703975525,0.057291666666666664
2024-01-01 00:11:16.000000,2024-01-01 00:11:22.000000,1,-42.89637305699482,-43.0,0.9572297843797103,0.21875,50.46055888797745,9364.0,0.0,-3.010362694300518,-3.0,0.63729275475852,0.1875,48.51813471502591,48.0,0.791183608646358,0.1875
2024-01-01 00:11:18.000000,2024-01-01 00:11:24.000000,1,-42.47150259067357,-43.0,1.2376331246760233,0.09895833333333333,97.89814289666631,9449.0,0.0,-1.766839378238342,-3.0,2.0084557864043915,0.015625,48.95854922279793,49.0,1.0841384679166135,0.057291666666666664
2024-01-01 00:11:20.000000,2024-01-01 00:11:26.000000,1,-41.86010362694301,-41.0,1.1841461364793062,0.10416666666666667,112.3913765492243,9541.0,0.0,-0.47150259067357514,1.0,1.968625345588983,0.005208333333333333,49.43523316062176,50.0,1.0293616916458346,0.046875
2024-01-01 00:11:22.000000,2024-01-01 00:11:28.000000,1,-41.51813471502591,-41.0,0.8961332690643774,0.16145833333333334,40.937274951320475,9625.0,0.0,0.8860103626943006,1.0,0.39192518936491255,0.13020833333333334,49.870466321243526,50.0,0.668337715713584,0.057291666666666664
2024-01-01 00:11:24.000000,2024-01-01 00:11:30.000000,1,-42.233160621761655,-42.0,1.114552815830011,0.005208333333333333,111.24696869407823,9496.0,0.0,0.917098445595855,1.0,0.2764504846556092,0.11458333333333333,49.2020725388601,50.0,0.9604663878609737,0.036458333333333336
2024-01-01 00:11:26.000000,2024-01-01 00:11:32.000000,1,-42.994818652849744,-43.0,0.8749845791880714,0.026041666666666668,70.69925364164573,9377.0,0.0,0.9948186528497409,1.0,0.07198157507486963,0.010416666666666666,48.58549222797927,48.0,0.8625283154722275,0.171875
2024-01-01 00:11:28.000000,2024-01-01 00:11:34.000000,1,-42.020725388601036,-43.0,4.2278325677669395,0.08854166666666667,163.8376158361603,9473.0,0.0,0.9792746113989638,1.0,1.6455702824261695,0.03125,49.082901554404145,48.0,3.146321906152163,0.078125
2024-01-01 00:11:30.000000,2024-01-01 00:11:36.000000,1,-40.53367875647668,-42.0,4.364887770657082,0.057291666666666664,225.60888651113387,9715.0,0.0,1.616580310880829,1.0,1.8924561628085308,0.046875,50.33678756476684,49.0,3.309636189952698,0.078125
2024-01-01 00:11:32.000000,2024-01-01 00:11:38.000000,1,-39.373056994818654,-40.0,3.8844909954342377,0.16666666666666666,107.77530132618341,9907.0,0.0,2.233160621761658,3.0,1.9046376678888972,0.16145833333333334,51.33160621761658,51.0,2.932200185434322,0.17708333333333334
2024-01-01 00:11:34.000000,2024-01-01 00:11:40.000000,1,-39.58031088082902,-40.0,0.9547174029609035,0.11979166666666667,55.714281381576185,9911.0,0.0,2.917098445595855,3.0,0.27645048465560923,0.09895833333333333,51.35233160621762,51.0,0.7072594216159945,0.11458333333333333
2024-01-01 00:11:36.000000,2024-01-01 00:11:42.000000,1,-40.38860103626943,-40.0,0.883455933747643,0.13020833333333334,54.36927533282593,9796.0,0.0,2.6528497409326426,3.0,0.5191185068745088,0.13020833333333334,50.75647668393783,51.0,0.7128084279259606,0.057291666666666664
2024-01-01 00:11:38.000000,2024-01-01 00:11:44.000000,1,-40.95854922279793,-41.0,0.9619543739786113,0.08854166666666667,78.37239156508184,9721.0,0.0,2.5544041450777204,3.0,0.5385104672298042,0.16666666666666666,50.36787564766839,51.0,0.7320093244779239,0.046875
2024-01-01 00:11:40.000000,2024-01-01 00:11:46.000000,1,-41.33678756476684,-42.0,0.8072226313175466,0.21875,41.680094658443835,9667.0,0.0,2.300518134715026,2.0,0.502959720194539,0.16666666666666666,50.0880829015544,50.0,0.6187293375067465,0.046875
2024-01-01 00:11:42.000000,2024-01-01 00:11:48.000000,1,-41.310880829015545,-41.0,0.6972682943214741,0.265625,30.51427696575853,9667.0,0.0,2.2642487046632125,2.0,0.49751107641656317,0.16666666666666666,50.0880829015544,50.0,0.5278819246998998,0.08854166666666667
2024-01-01 00:11:44.000000,2024-01-01 00:11:50.000000,1,-41.398963730569946,-41.0,0.7369694162939722,0.265625,30.700091348762307,9644.0,0.0,1.8134715025906736,2.0,0.6093241393016945,0.08854166666666667,49.968911917098445,50.0,0.6283803233255004,0.11979166666666667
2024-01-01 00:11:46.000000,2024-01-01 00:11:52.000000,1,-43.36787564766839,-42.0,2.8457578342372396,0.015625,292.5829843858181,9303.000000000002,0.0,1.217616580310881,1.0,0.7801579154613466,0.08854166666666667,48.2020725388601,50.0,2.562875146304249,0.015625
2024-01-01 00:11:48.000000,2024-01-01 00:11:54.000000,1,-45.84455958549223,-47.0,3.011554820227121,0.015625,344.0048369987098,8869.0,0.0,0.5492227979274611,0.0,0.6199058371862209,0.057291666666666664,45.95336787564767,45.0,2.8271196978263315,0.026041666666666668
2024-01-01 00:11:50.000000,2024-01-01 00:11:56.000000,1,-47.89637305699482,-48.0,1.030593127008401,0.057291666666666664,92.00408792328372,8505.0,0.0,0.16062176165803108,0.0,0.3681366748898637,0.078125,44.067357512953365,44.0,1.0106834329933028,0.015625
2024-01-01 00:11:52.000000,2024-01-01 00:11:58.000000,1,-48.21243523316062,-48.0,0.43475421361058525,0.18229166666666666,31.560030171696273,8445.0,0.0,0.031088082901554404,0.0,0.1740071763155945,0.057291666666666664,43.75647668393783,44.0,0.4303245150530147,0.13020833333333334
2024-01-01 00:11:54.000000,2024-01-01 00:12:00.000000,1,-47.917098445595855,-48.0,0.4249606300976459,0.14583333333333334,12.934912036484677,8497.0,0.0,0.7202072538860104,0.0,1.196547097619692,0.078125,44.02590673575129,44.0,0.3451333250930865,0.09375
2024-01-01 00:11:56.000000,2024-01-01 00:12:02.000000,1,-47.854922279792746,-48.0,0.44451415328398136,0.23958333333333334,11.194796163875425,8499.0,0.0,1.9896373056994818,2.0,1.722974769190686,0.046875,44.03626943005181,44.0,0.32871367028062665,0.09375
2024-01-01 00:11:58.000000,2024-01-01 00:12:04.000000,1,-47.83937823834197,-48.0,0.42094094367931306,0.23958333333333334,9.63304792417991,8502.0,0.0,3.2538860103626943,4.0,1.1377966314059345,0.15625,44.05181347150259,44.0,0.30174721488785056,0.09375
2024-01-01 00:12:00.000000,2024-01-01 00:12:06.000000,1,-47.943005181347154,-48.0,0.2324356653241499,0.11458333333333333,5.73078155282167e-13,8492.0,0.0,3.621761658031088,4.0,0.486208765583849,0.19270833333333334,44.0,44.0,0.0,0.0
2024-01-01 00:12:02.000000,2024-01-01 00:12:08.000000,1,-47.95854922279793,-48.0,0.19984882023648198,0.07291666666666667,1.0000000000004536,8493.0,0.0,3.4507772020725387,3.0,0.498865292750339,0.234375,44.005181347150256,44.0,0.07198157507486941,0.010416666666666666
2024-01-01 00:12:04.000000,2024-01-01 00:12:10.000000,1,-47.932642487046635,-48.0,0.2512919982685128,0.11458333333333333,1.0000000000005245,8493.0,0.0,3.2487046632124352,3.0,0.4333864720972399,0.328125,44.005181347150256,44.0,0.07198157507486931,0.010416666666666666
2024-01-01 00:12:06.000000,2024-01-01 00:12:12.000000,1,-48.0880829015544,-48.0,0.49740257983334857,0.015625,31.52118647595665,8460.0,0.0,3.378238341968912,3.0,0.4862087655838485,0.421875,43.83419689119171,44.0,0.42508761669247075,0.005208333333333333
2024-01-01 00:12:08.000000,2024-01-01 00:12:14.000000,1,-46.60621761658031,-48.0,6.916944976401289,0.026041666666666668,285.0081063812596,8634.0,0.0,2.518134715025907,3.0,2.7709303195721118,0.005208333333333333,44.73575129533679,44.0,5.598327185075662,0.036458333333333336
2024-01-01 00:12:10.000000,2024-01-01 00:12:16.000000,1,-47.476683937823836,-48.0,10.484151004244106,0.08854166666666667,1515.4483937553855,7424.0,0.0,0.7409326424870466,3.0,4.524842672290496,0.046875,38.46632124352332,43.0,20.325736852172547,0.020833333333333332
2024-01-01 00:12:12.000000,2024-01-01 00:12:18.000000,1,-44.93782383419689,-42.0,10.911875670859892,0.06770833333333333,1526.5087636457133,7872.000000000002,0.0,-0.5129533678756477,0.0,4.087721462260174,0.14583333333333334,40.78756476683938,49.0,21.16604618785122,0.03125
2024-01-01 00:12:14.000000,2024-01-01 00:12:20.000000,1,-44.943005181347154,-43.0,8.771513153679999,0.109375,1545.1711451307608,7953.0,0.0,-0.5751295336787565,0.0,3.258930535979857,0.13541666666666666,41.20725388601036,49.0,20.59956889776455,0.010416666666666666
2024-01-01 00:12:16.000000,2024-01-01 00:12:22.000000,1,-42.90155440414508,-44.0,1.9514011174649635,0.06770833333333333,165.47788685651733,9370.0,0.0,0.2538860103626943,0.0,0.7519404948345474,0.2708333333333333,48.54922279792746,48.0,1.6798164325239655,0.052083333333333336
2024-01-01 00:12:18.000000,2024-01-01 00:12:24.000000,1,-44.04145077720207,-44.0,0.7058844695013832,0.2916666666666667,43.91607929500909,9169.0,0.0,0.44041450777202074,0.0,0.4977279986315434,0.3541666666666667,47.50777202072539,47.0,0.6464580659935212,0.25
2024-01-01 00:12:20.000000,2024-01-01 00:12:26.000000,1,-44.16062176165803,-44.0,0.3820226145997508,0.234375,41.63626057881659,9170.0,0.0,0.34196891191709844,0.0,0.47560297153034925,0.3958333333333333,47.512953367875646,48.0,0.5011321379527754,0.2552083333333333
2024-01-01 00:12:22.000000,2024-01-01 00:12:28.000000,1,-44.06217616580311,-44.0,0.2627368575285394,0.09375,35.53559852532464,9208.0,0.0,0.2849740932642487,0.0,0.45257610358223566,0.375,47.70984455958549,48.0,0.45501428169428876,0.203125
2024-01-01 00:12:24.000000,2024-01-01 00:12:30.000000,1,-43.94818652849741,-44.0,0.22222671987388617,0.09895833333333333,8.428074154845962,9255.0,0.0,0.2694300518134715,0.0,0.44481759666240545,0.3541666666666667,47.95336787564767,48.0,0.25597353867991474,0.09375
2024-01-01 00:12:26.000000,2024-01-01 00:12:32.000000,1,-43.90155440414508,-44.0,0.29869101299423645,0.1875,5.771017859483609,9262.0,0.0,0.19689119170984457,0.0,0.3986836067703636,0.28125,47.98963730569948,48.0,0.2038595642455112,0.03125
2024-01-01 00:12:28.000000,2024-01-01 00:12:34.000000,1,-43.766839378238345,-44.0,0.4239433680040435,0.328125,4.924702195886721,9268.0,0.0,0.13989637305699482,0.0,0.3477816449136737,0.23958333333333334,48.020725388601036,48.0,0.17555119216573753,0.052083333333333336
2024-01-01 00:12:30.000000,2024-01-01 00:12:36.000000,1,-43.7720207253886,-44.0,0.44469624415798853,0.2760416666666667,14.626144669212973,9253.0,0.0,0.07772020725388601,0.0,0.2684271014787624,0.14583333333333334,47.943005181347154,48.0,0.2920211268293451,0.08854166666666667
2024-01-01 00:12:32.000000,2024-01-01 00:12:38.000000,1,-43.80829015544042,-44.0,0.4202351508834023,0.20833333333333334,16.273958078920785,9249.0,0.0,0.046632124352331605,0.0,0.21139801127490349,0.09375,47.92227979274612,48.0,0.30477277132582525,0.125
2024-01-01 00:12:34.000000,2024-01-01 00:12:40.000000,1,-43.994818652849744,-44.0,4.807218323918409,0.18229166666666666,264.5451838154369,9111.0,0.0,-1.0259067357512954,0.0,2.5524400767546216,0.026041666666666668,47.20725388601036,48.0,6.458081921676216,0.171875
2024-01-01 00:12:36.000000,2024-01-01 00:12:42.000000,1,-45.7979274611399,-44.0,9.20289785967138,0.08333333333333333,1652.7048593060244,7522.000000000001,0.0,-4.932642487046632,0.0,7.884625186720068,0.08333333333333333,38.97409326424871,48.0,21.861647170606556,0.03125
2024-01-01 00:12:38.000000,2024-01-01 00:12:44.000000,1,-44.04663212435233,-43.0,10.541727678730101,0.16666666666666666,1744.3239792334844,7790.0,0.0,-5.27979274611399,-3.0,8.0960674583501,0.10416666666666667,40.362694300518136,48.0,22.713869133995413,0.041666666666666664
2024-01-01 00:12:40.000000,2024-01-01 00:12:46.000000,1,-43.409326424870464,-42.0,9.465029718113245,0.13020833333333334,1658.438439653384,7973.000000000002,0.0,-4.647668393782383,-1.0,8.06485477588602,0.06770833333333333,41.310880829015545,49.0,22.234000234046913,0.036458333333333336
2024-01-01 00:12:42.000000,2024-01-01 00:12:48.000000,1,-40.93782383419689,-42.0,4.056408180024606,0.06770833333333333,157.95180248046378,9702.0,0.0,-1.0518134715025906,-1.0,2.5754063850893996,0.13020833333333334,50.26943005181347,49.0,3.3307200464214715,0.06770833333333333
2024-01-01 00:12:44.000000,2024-01-01 00:12:50.000000,1,-42.119170984455955,-42.0,0.43456795688788946,0.19791666666666666,23.466716425647835,9495.0,0.0,-1.0518134715025906,-1.0,0.24454321027698422,0.09375,49.196891191709845,49.0,0.4815239194205149,0.2604166666666667
2024-01-01 00:12:46.000000,2024-01-01 00:12:52.000000,1,-42.1139896373057,-42.0,0.34979330190660074,0.15625,22.412654756201412,9478.0,0.0,-1.072538860103627,-1.0,0.2600526384871155,0.11979166666666667,49.10880829015544,49.0,0.37301576364935873,0.10416666666666667
2024-01-01 00:12:48.000000,2024-01-01 00:12:54.000000,1,-42.134715025906736,-42.0,0.39854820734150803,0.19791666666666666,7.291815270113493,9461.0,0.0,-1.2072538860103628,-1.0,0.4190132540638475,0.2760416666666667,49.020725388601036,49.0,0.2692301761271911,0.08333333333333333
2024-01-01 00:12:50.000000,2024-01-01 00:12:56.000000,1,-42.575129533678755,-42.0,2.117831809109331,0.19791666666666666,95.3312598699115,9369.000000000002,0.0,-2.678756476683938,-1.0,3.2946317617597036,0.057291666666666664,48.5440414507772,49.0,2.1236216702305706,0.08854166666666667
2024-01-01 00:12:52.000000,2024-01-01 00:12:58.000000,1,-37.24352331606217,-42.0,19.156911612302988,0.015625,1241.0699298667357,7918.000000000002,0.0,-14.575129533678757,-4.0,21.301061278060182,0.015625,41.02590673575129,47.0,13.007784221204744,0.057291666666666664
2024-01-01 00:12:54.000000,2024-01-01 00:13:00.000000,1,-24.181347150259068,-8.0,24.171549741912166,0.005208333333333333,1736.0447713464519,5908.0,0.0,-34.49222797927461,-37.0,27.02161927107788,0.005208333333333333,30.61139896373057,27.0,14.855879679559221,0.046875
2024-01-01 00:12:56.000000,2024-01-01 00:13:02.000000,1,-10.813471502590673,-3.0,20.552180157834073,0.005208333333333333,609.3082218746815,4045.0,0.0,-52.95854922279793,-61.0,18.314052606790288,0.005208333333333333,20.958549222797927,18.0,8.799167927572256,0.041666666666666664
2024-01-01 00:12:58.000000,2024-01-01 00:13:04.000000,1,-4.170984455958549,-4.0,2.0883574997188856,0.015625,171.96427430263165,3650.0,0.0,-61.04663212435233,-61.0,0.7725104869866284,0.21354166666666666,18.911917098445596,19.0,1.9572283105857158,0.11979166666666667
2024-01-01 00:13:00.000000,2024-01-01 00:13:06.000000,1,-5.310880829015544,-6.0,1.9221124856780172,0.057291666666666664,128.14446814510927,3755.0,0.0,-60.880829015544045,-61.0,0.662457024382499,0.16145833333333334,19.4559585492228,20.0,1.679961010938314,0.09895833333333333
2024-01-01 00:13:02.000000,2024-01-01 00:13:08.000000,1,-14.533678756476684,-6.0,19.7077648466393,0.005208333333333333,638.0431525022727,4460.0,0.0,-51.16580310880829,-61.0,19.7266072302157,0.005208333333333333,23.10880829015544,20.0,8.810716434732436,0.015625
2024-01-01 00:13:04.000000,2024-01-01 00:13:10.000000,1,-25.305699481865286,-37.0,21.189492744362386,0.005208333333333333,1903.9943986426865,6456.0,0.0,-32.41968911917098,-22.0,27.352921574355655,0.005208333333333333,33.45077720207254,27.0,15.587418534841204,0.005208333333333333
2024-01-01 00:13:06.000000,2024-01-01 00:13:12.000000,1,-36.590673575129536,-39.0,16.55367897371359,0.015625,1307.0751741821316,8473.0,0.0,-13.637305699481866,-4.0,19.60742464058625,0.015625,43.90155440414508,51.0,12.923478620502214,0.005208333333333333
2024-01-01 00:13:08.000000,2024-01-01 00:13:14.000000,1,-40.69948186528497,-40.0,2.0546820873648954,0.16666666666666666,165.95394828140067,9717.0,0.0,-4.367875647668394,-4.0,0.5989610319455616,0.3020833333333333,50.347150259067355,51.0,1.7135199709505249,0.14583333333333334
2024-01-01 00:13:10.000000,2024-01-01 00:13:16.000000,1,-42.38341968911917,-43.0,2.0176653987927025,0.08854166666666667,190.93278592623795,9435.0,0.0,-4.398963730569948,-5.0,0.7298679701740658,0.3229166666666667,48.8860103626943,48.0,1.703996876188076,0.046875
2024-01-01 00:13:12.000000,2024-01-01 00:13:18.000000,1,-44.04145077720207,-44.0,1.3648649081929582,0.234375,70.55692906138755,9172.0,0.0,-3.9637305699481864,-4.0,0.9594543642244602,0.078125,47.523316062176164,47.0,1.0852828877575704,0.21354166666666666
2024-01-01 00:13:14.000000,2024-01-01 00:13:20.000000,1,-47.056994818652846,-45.0,6.112816563460306,0.026041666666666668,894.0868845074228,8132.000000000001,0.0,-3.8082901554404147,-3.0,2.6652731408565487,0.08854166666666667,42.134715025906736,47.0,13.412233495590575,0.015625
2024-01-01 00:13:16.000000,2024-01-01 00:13:22.000000,1,-53.64766839378238,-46.0,9.497818129591549,0.015625,2577.8019122760056,5420.0,0.0,-1.0518134715025906,-3.0,5.2427935983620335,0.036458333333333336,28.082901554404145,46.0,21.2007607930423,0.005208333333333333
2024-01-01 00:13:18.000000,2024-01-01 00:13:24.000000,0,-56.64766839378238,-59.0,11.109315125431058,0.052083333333333336,1423.6947626017718,3219.0,0.0,9.419689119170984,2.0,19.521489918877858,0.041666666666666664,16.678756476683937,10.0,18.205722958608252,0.09895833333333333
2024-01-01 00:13:20.000000,2024-01-01 00:13:26.000000,0,-55.59585492227979,-55.0,10.810988980146204,0.06770833333333333,1412.83000149017,3607.0,0.0,10.979274611398964,3.0,18.412223789855943,0.041666666666666664,18.689119170984455,12.0,18.545179510435208,0.057291666666666664
2024-01-01 00:13:22.000000,2024-01-01 00:13:28.000000,0,-50.52849740932643,-49.0,8.93439435093181,0.09895833333333333,1787.4432991374465,6073.0,0.0,9.259067357512953,0.0,19.01384454923084,0.03125,31.466321243523318,43.0,17.260569088255213,0.026041666666666668
2024-01-01 00:13:24.000000,2024-01-01 00:13:30.000000,0,-48.73056994818653,-49.0,2.3362960773342003,0.16666666666666666,372.6072943420729,8025.999999999999,0.0,-0.5181347150259067,-1.0,1.7591820549876742,0.09895833333333333,41.58549222797927,43.0,8.617097641413714,0.015625
2024-01-01 00:13:26.000000,2024-01-01 00:13:32.000000,0,-48.87564766839378,-49.0,0.45078371593173305,0.078125,16.625005103650103,8315.0,0.0,-1.0207253886010363,-1.0,0.22726978330641565,0.052083333333333336,43.082901554404145,43.0,0.3864473277601871,0.07291666666666667
2024-01-01 00:13:28.000000,2024-01-01 00:13:34.000000,0,-48.98963730569948,-49.0,0.10153187644463954,0.020833333333333332,6.60209424609217,8291.0,0.0,-0.9896373056994818,-1.0,0.10153187644463971,0.020833333333333332,42.95854922279793,43.0,0.22440191090224795,0.08333333333333333
2024-01-01 00:13:30.000000,2024-01-01 00:13:36.000000,0,-49.0,-49.0,0.0,0.0,9.947602081177122,8278.0,0.0,-0.9948186528497409,-1.0,0.07198157507486962,0.010416666666666666,42.89119170984456,43.0,0.31220841318620607,0.17708333333333334
2024-01-01 00:13:32.000000,2024-01-01 00:13:38.000000,0,-49.0,-49.0,0.0,0.0,12.37294102318914,8263.0,0.0,-0.9792746113989638,-1.0,0.1428340099701226,0.020833333333333332,42.81347150259067,43.0,0.39054565256286083,0.296875
2024-01-01 00:13:34.000000,2024-01-01 00:13:40.000000,0,-48.86010362694301,-49.0,3.8087227175531595,0.005208333333333333,56.74435890215443,8272.0,0.0,-1.0932642487046633,-1.0,1.1688697432494084,0.005208333333333333,42.86010362694301,43.0,1.6974594956008604,0.34375
2024-01-01 00:13:36.000000,2024-01-01 00:13:42.000000,0,-46.715025906735754,-49.0,5.538372967716575,0.041666666666666664,341.9986768321046,8668.0,0.0,-1.378238341968912,-1.0,1.892128157321954,0.020833333333333332,44.9119170984456,43.0,3.784220658615394,0.036458333333333336
2024-01-01 00:13:38.000000,2024-01-01 00:13:44.000000,0,-46.61139896373057,-49.0,6.398182897266532,0.08333333333333333,470.82184913507984,8655.0,0.0,-1.5906735751295338,-1.0,2.1586348073339114,0.041666666666666664,44.84455958549223,43.0,4.791125035093513,0.0625
2024-01-01 00:13:40.000000,2024-01-01 00:13:46.000000,0,-46.30569948186528,-46.0,9.895538696640958,0.08333333333333333,712.7795778363576,8154.0,0.0,-6.150259067357513,-1.0,12.484707830783808,0.010416666666666666,42.248704663212436,40.0,6.9379925411363494,0.036458333333333336
2024-01-01 00:13:42.000000,2024-01-01 00:13:48.000000,0,-41.284974093264246,-44.0,13.709661743804386,0.015625,434.1821274063966,7544.0,0.0,-19.71502590673575,-5.0,20.39675811976502,0.005208333333333333,39.0880829015544,39.0,5.003906073568081,0.109375
2024-01-01 00:13:44.000000,2024-01-01 00:13:50.000000,0,-44.20725388601036,-52.0,16.822558924662673,0.010416666666666666,441.1841303479988,6740.0,0.0,-19.590673575129532,-10.0,20.893911495092706,0.010416666666666666,34.92227979274612,37.0,6.28483384363832,0.11979166666666667
2024-01-01 00:13:46.000000,2024-01-01 00:13:52.000000,0,-47.818652849740936,-59.0,16.384801908854488,0.005208333333333333,728.3368956875321,6168.0,0.0,-14.49740932642487,1.0,20.864923803761812,0.005208333333333333,31.958549222797927,27.0,7.1616994876181295,0.06770833333333333
2024-01-01 00:13:48.000000,2024-01-01 00:13:54.000000,0,-58.40414507772021,-59.0,7.017269131376942,0.06770833333333333,228.89191778044545,5332.0,0.0,0.19689119170984457,1.0,4.781974691656223,0.026041666666666668,27.626943005181346,26.0,4.657621384384562,0.057291666666666664
2024-01-01 00:13:50.000000,2024-01-01 00:13:56.000000,0,-56.461139896373055,-59.0,8.059659883882736,0.005208333333333333,675.2041813843831,5785.0,0.0,0.694300518134715,1.0,2.650632521377709,0.036458333333333336,29.974093264248705,26.0,8.890793009930169,0.015625
2024-01-01 00:13:52.000000,2024-01-01 00:13:58.000000,0,-52.13989637305699,-59.0,9.09705275016065,0.005208333333333333,1282.861255743962,7030.0,0.0,0.04145077720207254,1.0,2.734490729724625,0.057291666666666664,36.424870466321245,28.0,10.814525489899008,0.026041666666666668
2024-01-01 00:13:54.000000,2024-01-01 00:14:00.000000,0,-48.75647668393783,-49.0,8.212526764335207,0.19791666666666666,657.5485669166111,8052.0,0.0,-0.8860103626943006,-1.0,2.820583040329081,0.11979166666666667,41.72020725388601,43.0,8.620739041607102,0.041666666666666664
2024-01-01 00:13:56.000000,2024-01-01 00:14:02.000000,0,-50.64766839378238,-49.0,5.85770568477664,0.026041666666666668,721.7815378736188,7659.0,0.0,-0.06217616580310881,-1.0,2.6371286132782075,0.13020833333333334,39.6839378238342,43.0,7.14715860181145,0.015625
2024-01-01 00:13:58.000000,2024-01-01 00:14:04.000000,0,-54.233160621761655,-57.0,4.9331509179503765,0.046875,605.7142670858423,6730.0,0.0,1.839378238341969,3.0,3.3525648805154535,0.015625,34.870466321243526,32.0,6.115963426605711,0.026041666666666668
2024-01-01 00:14:00.000000,2024-01-01 00:14:06.000000,0,-56.8860103626943,-57.0,1.029492765423205,0.2760416666666667,65.59848499102273,6026.000000000001,0.0,4.0,5.0,2.210297868312474,0.08333333333333333,31.22279792746114,31.0,1.1889677094700026,0.3020833333333333
2024-01-01 00:14:02.000000,2024-01-01 00:14:08.000000,0,-56.74611398963731,-57.0,0.5232091752878144,0.2760416666666667,23.091202097124356,6069.0,0.0,4.839378238341969,5.0,0.48958275915888894,0.1875,31.44559585492228,31.0,0.5480968801067283,0.3489583333333333
2024-01-01 00:14:04.000000,2024-01-01 00:14:10.000000,0,-56.72538860103627,-57.0,0.4589707453397437,0.2916666666666667,20.746210312226804,6089.0,0.0,4.766839378238342,5.0,0.4239433680040429,0.2604166666666667,31.54922279792746,32.0,0.4988652927503394,0.421875
2024-01-01 00:14:06.000000,2024-01-01 00:14:12.000000,0,-56.64248704663213,-57.0,0.5697752033771042,0.3489583333333333,24.21645614314457,6117.000000000001,0.0,4.756476683937824,5.0,0.4762833767016018,0.2916666666666667,31.694300518134714,32.0,0.49457331446929725,0.3177083333333333
2024-01-01 00:14:08.000000,2024-01-01 00:14:14.000000,0,-54.9119170984456,-57.0,6.466058252631571,0.036458333333333336,485.05858552287725,6473.0,0.0,2.6010362694300517,5.0,4.040343292413735,0.036458333333333336,33.538860103626945,32.0,7.31506669670223,0.015625
2024-01-01 00:14:10.000000,2024-01-01 00:14:16.000000,0,-51.64766839378238,-55.0,7.481240932456635,0.015625,943.0999980960523,7315.0,0.0,0.09844559585492228,-1.0,4.316350656273218,0.046875,37.90155440414508,34.0,8.844469061956758,0.015625
2024-01-01 00:14:12.000000,2024-01-01 00:14:18.000000,0,-51.4300518134715,-50.0,9.961725110883219,0.041666666666666664,1198.4577056616972,7222.0,0.0,-1.5233160621761659,-3.0,7.764819526543599,0.0625,37.41968911917098,42.0,12.085417603577037,0.020833333333333332
2024-01-01 00:14:14.000000,2024-01-01 00:14:20.000000,0,-37.575129533678755,-49.0,24.617190028616356,0.03125,827.0237437468683,7379.0,0.0,-14.787564766839377,-3.0,21.833447457809292,0.015625,38.233160621761655,42.0,10.139780305605306,0.046875
2024-01-01 00:14:16.000000,2024-01-01 00:14:22.000000,0,-33.66839378238342,-46.0,27.591965278454925,0.020833333333333332,751.9414618200199,6836.000000000001,0.0,-22.83937823834197,-23.0,22.68833454908929,0.020833333333333332,35.41968911917098,38.0,9.388325302533097,0.06770833333333333
2024-01-01 00:14:18.000000,2024-01-01 00:14:24.000000,0,-29.72020725388601,-36.0,24.590488844744204,0.020833333333333332,634.9014209569555,7815.000000000001,0.0,-24.357512953367877,-23.0,20.734222365830764,0.020833333333333332,40.49222797927461,40.0,8.480442678957752,0.06770833333333333
2024-01-01 00:14:20.000000,2024-01-01 00:14:26.000000,0,-40.170984455958546,-42.0,16.088517759983322,0.109375,894.4215788140938,8423.0,0.0,-10.352331606217616,-4.0,17.04315011638001,0.015625,43.64248704663213,48.0,9.100232256141407,0.036458333333333336
2024-01-01 00:14:22.000000,2024-01-01 00:14:28.000000,0,-43.575129533678755,-44.0,5.691349714406543,0.08333333333333333,346.94661272547097,9122.0,0.0,-0.7512953367875648,1.0,6.299000489564219,0.026041666666666668,47.26424870466321,48.0,6.849392961264796,0.11979166666666667
2024-01-01 00:14:24.000000,2024-01-01 00:14:30.000000,0,-43.626943005181346,-44.0,1.2100703672140998,0.078125,75.3681627090256,9262.000000000002,0.0,1.3160621761658031,1.0,0.47718907445650616,0.14583333333333334,47.98963730569948,48.0,1.0357648004901325,0.171875
2024-01-01 00:14:26.000000,2024-01-01 00:14:32.000000,0,-44.310880829015545,-44.0,0.4751488267893642,0.22395833333333334,49.121742917249655,9142.0,0.0,1.1088082901554404,1.0,0.31220841318620685,0.125,47.36787564766839,47.0,0.4941366050556865,0.14583333333333334
2024-01-01 00:14:28.000000,2024-01-01 00:14:34.000000,0,-44.55958549222798,-45.0,0.6437389434300419,0.19270833333333334,39.82610875400333,9118.0,0.0,1.0932642487046633,1.0,0.32533030909718724,0.11979166666666667,47.24352331606217,47.0,0.5569373288401588,0.078125
2024-01-01 00:14:30.000000,2024-01-01 00:14:36.000000,0,-45.233160621761655,-45.0,0.7987874013828352,0.046875,59.31927613352873,9000.0,0.0,1.0103626943005182,1.0,0.17647111737534557,0.041666666666666664,46.63212435233161,47.0,0.6327882619454628,0.046875
2024-01-01 00:14:32.000000,2024-01-01 00:14:38.000000,0,-45.740932642487046,-46.0,0.7254547141719716,0.046875,68.61948231092222,8920.0,0.0,1.0414507772020725,1.0,0.24652156961054517,0.10416666666666667,46.21761658031088,46.0,0.695446887301249,0.046875
2024-01-01 00:14:34.000000,2024-01-01 00:14:40.000000,0,-46.04145077720207,-46.0,0.40612750577855894,0.1875,22.49089863671864,8859.0,0.0,1.1139896373056994,1.0,0.3186252041590381,0.140625,45.90155440414508,46.0,0.427745626796491,0.19791666666666666
2024-01-01 00:14:36.000000,2024-01-01 00:14:42.000000,0,-45.97409326424871,-46.0,0.4261654750091923,0.125,23.016536099204775,8868.0,0.0,1.4093264248704662,1.0,0.4929884022640275,0.18229166666666666,45.94818652849741,46.0,0.41759395951798284,0.14583333333333334
2024-01-01 00:14:38.000000,2024-01-01 00:14:44.000000,0,-45.917098445595855,-46.0,0.34364449236527705,0.125,13.996318813182645,8883.0,0.0,1.694300518134715,2.0,0.4619012485208792,0.140625,46.02590673575129,46.0,0.3135022787101833,0.09375
2024-01-01 00:14:40.000000,2024-01-01 00:14:46.000000,0,-45.943005181347154,-46.0,0.23243566532414983,0.078125,3.8077389703795905,8882.0,0.0,1.9585492227979275,2.0,0.22440191090224754,0.07291666666666667,46.020725388601036,46.0,0.1428340099701229,0.041666666666666664
2024-01-01 00:14:42.000000,2024-01-01 00:14:48.000000,0,-45.994818652849744,-46.0,0.07198157507486934,0.010416666666666666,6.64129437178606e-13,8878.0,0.0,1.9896373056994818,2.0,0.14396315014973923,0.020833333333333332,46.0,46.0,0.0,0.0
2024-01-01 00:14:44.000000,2024-01-01 00:14:50.000000,0,-45.994818652849744,-46.0,0.07198157507486924,0.010416666666666666,1.0000000000005433,8877.0,0.0,2.010362694300518,2.0,0.10153187644463985,0.020833333333333332,45.994818652849744,46.0,0.0719815750748694,0.010416666666666666
2024-01-01 00:14:46.000000,2024-01-01 00:14:52.000000,0,-46.22279792746114,-46.0,2.8790005582080647,0.052083333333333336,60.58642205568628,8814.0,0.0,1.5233160621761659,2.0,2.9739713537837043,0.005208333333333333,45.66839378238342,46.0,2.0447814701807316,0.06770833333333333
2024-01-01 00:14:48.000000,2024-01-01 00:14:54.000000,0,-41.6839378238342,-46.0,7.60883539573878,0.015625,516.8573776907076,9450.0,0.0,-0.7305699481865285,2.0,4.337331671388971,0.005208333333333333,48.96373056994819,46.0,5.948015300111685,0.015625
2024-01-01 00:14:50.000000,2024-01-01 00:14:56.000000,0,-45.83419689119171,-46.0,12.379985170233388,0.020833333333333332,3382.1008792514244,5982.0,0.0,0.6528497409326425,1.0,6.933366235640009,0.041666666666666664,30.99481865284974,46.0,31.43768595195608,0.015625
2024-01-01 00:14:52.000000,2024-01-01 00:14:58.000000,0,-48.067357512953365,-47.0,14.291628586987347,0.052083333333333336,4411.8030429930195,4287.0,-0.16580310880829016,0.6787564766839378,-1.0,9.225779918915393,0.09895833333333333,22.212435233160623,42.0,35.160368473982906,0.010416666666666666
2024-01-01 00:14:54.000000,2024-01-01 00:15:00.000000,0,-51.538860103626945,-47.0,10.72767996557824,0.052083333333333336,4040.9635731079516,3824.000000000001,-0.16580310880829016,2.8186528497409324,2.0,8.293651201917488,0.13020833333333334,19.813471502590673,43.0,32.862979818838724,0.010416666666666666
2024-01-01 00:14:56.000000,2024-01-01 00:15:02.000000,0,-46.54922279792746,-44.0,8.546375445004584,0.06770833333333333,1885.246918402444,7373.0,0.0,2.5906735751295336,3.0,7.046225057771492,0.11458333333333333,38.2020725388601,48.0,23.687320708532592,0.015625
2024-01-01 00:14:58.000000,2024-01-01 00:15:04.000000,0,-43.373056994818654,-44.0,1.9594055970139725,0.20833333333333334,80.34141921775804,9262.0,0.0,3.937823834196891,5.0,1.978074987533078,0.036458333333333336,47.98963730569948,47.0,1.7016831046352388,0.21354166666666666
2024-01-01 00:15:00.000000,2024-01-01 00:15:06.000000,0,-44.18652849740933,-44.0,1.171014904574552,0.24479166666666666,74.05547226897085,9117.0,0.0,5.1450777202072535,5.0,0.4560805840379978,0.19791666666666666,47.23834196891192,47.0,1.0232614051558475,0.109375
2024-01-01 00:15:02.000000,2024-01-01 00:15:08.000000,0,-43.129533678756474,-45.0,5.450421265270412,0.046875,230.3562156074383,9234.0,0.0,2.901554404145078,5.0,4.829989612263866,0.005208333333333333,47.84455958549223,47.0,3.130276202174471,0.03125
2024-01-01 00:15:04.000000,2024-01-01 00:15:10.000000,0,-41.38341968911917,-45.0,6.483001387846422,0.09375,372.26090813817643,9538.0,0.0,0.27461139896373055,2.0,5.22934707317696,0.015625,49.41968911917098,47.0,4.498266553482917,0.10416666666666667
2024-01-01 00:15:06.000000,2024-01-01 00:15:12.000000,0,-41.78238341968912,-45.0,6.831628383705963,0.09375,434.29424105407696,9475.0,0.0,-2.160621761658031,-2.0,3.944947140930069,0.1875,49.09326424870466,48.0,4.853221247448333,0.10416666666666667
2024-01-01 00:15:08.000000,2024-01-01 00:15:14.000000,0,-45.10362694300518,-47.0,5.71179675701411,0.06770833333333333,552.6883110972469,8935.0,0.0,-2.4248704663212437,-2.0,1.3407876683782927,0.25,46.295336787564764,45.0,5.1862025501509095,0.046875
2024-01-01 00:15:10.000000,2024-01-01 00:15:16.000000,0,-48.5699481865285,-49.0,2.060675581324744,0.06770833333333333,217.04471173180357,8325.0,0.0,-2.4196891191709846,-2.0,0.5254223566329674,0.24479166666666666,43.134715025906736,42.0,2.0997239517553568,0.057291666666666664
2024-01-01 00:15:12.000000,2024-01-01 00:15:18.000000,0,-48.35233160621762,-49.0,2.275367931302085,0.046875,224.25306699535304,8370.0,0.0,-1.761658031088083,-2.0,1.6024659861023116,0.046875,43.36787564766839,42.0,2.5442754668318885,0.057291666666666664
2024-01-01 00:15:14.000000,2024-01-01 00:15:20.000000,0,-46.84974093264249,-47.0,2.3280921273368618,0.11979166666666667,237.1728405836393,8672.0,0.0,-0.10880829015544041,-1.0,2.596787905585972,0.026041666666666668,44.932642487046635,45.0,2.5167401537956007,0.046875
2024-01-01 00:15:16.000000,2024-01-01 00:15:22.000000,0,-45.740932642487046,-46.0,1.416139544317935,0.125,81.24739476996268,8899.0,0.0,1.549222797927461,2.0,1.752650349321716,0.015625,46.10880829015544,46.0,1.6812616571881054,0.125
2024-01-01 00:15:18.000000,2024-01-01 00:15:24.000000,0,-45.83937823834197,-46.0,0.9129300510256128,0.08854166666666667,54.220079556697996,8888.0,0.0,2.471502590673575,2.0,0.5004855155699682,0.25,46.05181347150259,46.0,0.7888608126232272,0.06770833333333333
2024-01-01 00:15:20.000000,2024-01-01 00:15:26.000000,0,-46.01036269430052,-46.0,0.40811606429344216,0.13541666666666666,14.282854937431319,8866.000000000002,0.0,2.284974093264249,2.0,0.45257610358223643,0.2604166666666667,45.93782383419689,46.0,0.36267155430771353,0.11458333333333333
2024-01-01 00:15:22.000000,2024-01-01 00:15:28.000000,0,-44.76165803108808,-46.0,2.065384686512787,0.026041666666666668,176.90152088702757,9073.000000000002,0.0,2.7512953367875648,3.0,0.8102924374550772,0.234375,47.01036269430052,46.0,1.7410175344515346,0.026041666666666668
2024-01-01 00:15:24.000000,2024-01-01 00:15:30.000000,0,-44.12435233160622,-44.0,1.8413869659985207,0.08854166666666667,155.89762750278786,9170.0,0.0,3.233160621761658,3.0,0.8853782502079425,0.15104166666666666,47.512953367875646,47.0,1.5582736451029555,0.10416666666666667
2024-01-01 00:15:26.000000,2024-01-01 00:15:32.000000,0,-43.6839378238342,-44.0,1.5064448477947416,0.08333333333333333,118.89631988528762,9230.0,0.0,3.7927461139896375,4.0,0.5386607841810153,0.16145833333333334,47.82383419689119,47.0,1.3030620242462838,0.10416666666666667
2024-01-01 00:15:28.000000,2024-01-01 00:15:34.000000,0,-44.54922279792746,-45.0,0.5091986321442221,0.234375,25.236427607926764,9098.0,0.0,3.906735751295337,4.0,0.29155870195200445,0.15104166666666666,47.13989637305699,47.0,0.347781644913675,0.078125
2024-01-01 00:15:30.000000,2024-01-01 00:15:36.000000,0,-44.83419689119171,-45.0,0.37287104365801593,0.171875,5.927424894743413e-13,9071.0,0.0,3.7305699481865284,4.0,0.4448175966624049,0.16145833333333334,47.0,47.0,0.0,0.0
2024-01-01 00:15:32.000000,2024-01-01 00:15:38.000000,0,-44.98963730569948,-45.0,0.10153187644463943,0.020833333333333332,5.927424894743413e-13,9071.0,0.0,3.518134715025907,4.0,0.50097056060279,0.22395833333333334,47.0,47.0,0.0,0.0
2024-01-01 00:15:34.000000,2024-01-01 00:15:40.000000,0,-44.5699481865285,-45.0,2.5158929199791835,0.036458333333333336,47.21431509511191,9117.0,0.0,2.9689119170984455,3.0,1.2946473769882902,0.015625,47.23834196891192,47.0,1.6057128956577262,0.036458333333333336
2024-01-01 00:15:36.000000,2024-01-01 00:15:42.000000,0,-42.79274611398964,-45.0,3.5617395712976907,0.057291666666666664,251.6133602178862,9408.0,0.0,2.906735751295337,3.0,1.2835522882547232,0.041666666666666664,48.74611398963731,47.0,2.8509497553924064,0.057291666666666664
2024-01-01 00:15:38.000000,2024-01-01 00:15:44.000000,0,-40.93782383419689,-40.0,3.4454483002415377,0.08854166666666667,184.87275858919222,9697.0,0.0,2.5906735751295336,3.0,1.3043660905206662,0.08854166666666667,50.24352331606217,51.0,2.76657354651121,0.08854166666666667
2024-01-01 00:15:40.000000,2024-01-01 00:15:46.000000,0,-39.45077720207254,-40.0,1.503091230424003,0.22916666666666666,54.29449640210671,9949.0,0.0,2.4974093264248705,2.0,0.7713918179418083,0.08333333333333333,51.54922279792746,51.0,1.4644794002116281,0.3645833333333333
2024-01-01 00:15:42.000000,2024-01-01 00:15:48.000000,0,-39.51813471502591,-40.0,0.8042417770322575,0.3333333333333333,17.315900683828623,9935.0,0.0,2.082901554404145,2.0,0.5803805106419317,0.078125,51.476683937823836,51.0,0.6379699155337025,0.4479166666666667
2024-01-01 00:15:44.000000,2024-01-01 00:15:50.000000,0,-39.64248704663213,-40.0,0.5416583631620779,0.3645833333333333,18.76942711068235,9914.0,0.0,1.694300518134715,2.0,0.5446889908181365,0.21354166666666666,51.36787564766839,51.0,0.48348145547610455,0.4166666666666667
2024-01-01 00:15:46.000000,2024-01-01 00:15:52.000000,0,-39.80829015544042,-40.0,0.4559030401719162,0.2864583333333333,21.240950402202767,9892.0,0.0,1.4145077720207253,1.0,0.5629136360562178,0.22395833333333334,51.25388601036269,51.0,0.43636510833477654,0.3125
2024-01-01 00:15:48.000000,2024-01-01 00:15:54.000000,0,-40.12435233160622,-40.0,0.9547456686901254,0.06770833333333333,28.011198693084477,9851.0,0.0,1.0621761658031088,1.0,0.5166694523296689,0.19270833333333334,51.04145077720207,51.0,0.6023754789303594,0.24479166666666666
2024-01-01 00:15:50.000000,2024-01-01 00:15:56.000000,0,-45.21243523316062,-40.0,9.952043905294971,0.046875,1058.473102027749,8624.0,0.0,-0.17616580310880828,1.0,3.080525491811336,0.07291666666666667,44.6839378238342,51.0,11.1541565980033,0.041666666666666664
2024-01-01 00:15:52.000000,2024-01-01 00:15:58.000000,0,-49.12435233160622,-48.0,9.767349826089774,0.08854166666666667,886.526604808345,7835.0,0.0,-0.8082901554404145,0.0,3.0838175878886465,0.171875,40.59585492227979,42.0,10.716147444962495,0.06770833333333333
2024-01-01 00:15:54.000000,2024-01-01 00:16:00.000000,0,-52.56476683937824,-52.0,8.391290255907897,0.1875,620.2538371895788,7110.0,0.0,-1.3989637305699483,-1.0,3.5401563883373877,0.18229166666666666,36.83937823834197,39.0,9.004634433338516,0.10416666666666667
2024-01-01 00:15:56.000000,2024-01-01 00:16:02.000000,0,-48.6580310880829,-49.0,6.13622697753773,0.125,721.352641318971,8132.0,0.0,-0.7875647668393783,-1.0,2.8670997935635505,0.21354166666666666,42.134715025906736,42.0,6.8944789994295546,0.09375
2024-01-01 00:15:58.000000,2024-01-01 00:16:04.000000,0,-45.61139896373057,-43.0,5.64295971870028,0.09895833333333333,549.9878292408805,8767.0,0.0,-1.7409326424870466,-2.0,3.1762847073765825,0.15104166666666666,45.424870466321245,48.0,6.299454598482469,0.08854166666666667
2024-01-01 00:16:00.000000,2024-01-01 00:16:06.000000,0,-43.44041450777202,-43.0,2.7171952133198722,0.13020833333333334,167.18797293778601,9274.0,0.0,-2.626943005181347,-3.0,2.435779196398899,0.18229166666666666,48.05181347150259,48.0,2.6314225648925915,0.16145833333333334
2024-01-01 00:16:02.000000,2024-01-01 00:16:08.000000,0,-43.90673575129534,-44.0,4.198413169680969,0.140625,173.13424419033467,9148.000000000002,0.0,-2.435233160621762,-3.0,2.4658505278222598,0.16145833333333334,47.398963730569946,48.0,4.611059956295588,0.13020833333333334
2024-01-01 00:16:04.000000,2024-01-01 00:16:10.000000,0,-44.73575129533679,-45.0,4.020470611486154,0.18229166666666666,179.2513272836872,9027.0,0.0,-1.0155440414507773,-1.0,2.4227151691891073,0.026041666666666668,46.7720207253886,47.0,4.408779659146226,0.10416666666666667
2024-01-01 00:16:06.000000,2024-01-01 00:16:12.000000,0,-44.880829015544045,-45.0,3.959600060926235,0.18229166666666666,162.74193865514127,9016.0,0.0,0.22279792746113988,0.0,1.6447829281789799,0.22916666666666666,46.715025906735754,47.0,4.348926127547702,0.07291666666666667
2024-01-01 00:16:08.000000,2024-01-01 00:16:14.000000,0,-44.979274611398964,-45.0,0.38131555751653434,0.13541666666666666,8.504568846299652,9071.0,0.0,0.38341968911917096,0.0,0.6755666718777562,0.296875,47.0,47.0,0.25,0.049479166666666664
2024-01-01 00:16:10.000000,2024-01-01 00:16:16.000000,0,-45.031088082901555,-45.0,0.4070567086733649,0.09895833333333333,9.402017216311815,9066.0,0.0,0.41450777202072536,0.0,0.702819390022334,0.23958333333333334,46.97409326424871,47.0,0.27829902159932807,0.06770833333333333
2024-01-01 00:16:12.000000,2024-01-01 00:16:18.000000,0,-45.310880829015545,-45.0,0.712050846217677,0.11458333333333333,46.29720422594731,9011.0,0.0,0.3316062176165803,0.0,1.02260187469406,0.22916666666666666,46.689119170984455,47.0,0.6509094209381027,0.09895833333333333
2024-01-01 00:16:14.000000,2024-01-01 00:16:20.000000,0,-46.05181347150259,-46.0,1.1714526800910805,0.11979166666666667,129.0787387507926,8863.0,0.0,-0.40414507772020725,0.0,1.545282949983432,0.08854166666666667,45.92227979274612,46.0,1.1543265462922343,0.046875
2024-01-01 00:16:16.000000,2024-01-01 00:16:22.000000,0,-46.73056994818653,-47.0,0.9241821759266466,0.13541666666666666,74.96660248748026,8735.0,0.0,-1.1088082901554404,-1.0,1.3553809156829588,0.171875,45.259067357512954,45.0,0.8810701120310068,0.057291666666666664
2024-01-01 00:16:18.000000,2024-01-01 00:16:24.000000,3,-47.18652849740933,-47.0,0.5366028078592388,0.11979166666666667,34.74049498836475,8645.0,0.0,-1.6321243523316062,-2.0,0.8193011154571276,0.21354166666666666,44.79274611398964,45.0,0.5088275153866054,0.09895833333333333
2024-01-01 00:16:20.000000,2024-01-01 00:16:26.000000,3,-47.26424870466321,-47.0,0.48692977367429524,0.22395833333333334,30.370576168381767,8635.0,0.0,-1.3937823834196892,-1.0,0.6211235571363442,0.22395833333333334,44.740932642487046,45.0,0.45096327527601243,0.1875
2024-01-01 00:16:22.000000,2024-01-01 00:16:28.000000,3,-47.62176165803109,-47.0,1.0542290850335,0.2604166666666667,70.9909300160243,8553.0,0.0,-1.4663212435233162,-1.0,0.7289800526066853,0.21875,44.3160621761658,45.0,1.154069356428514,0.22916666666666666
2024-01-01 00:16:24.000000,2024-01-01 00:16:30.000000,3,-47.626943005181346,-47.0,1.1019393329987255,0.3125,75.18014442004946,8550.0,0.0,-1.1968911917098446,-1.0,1.0065362810023755,0.18229166666666666,44.30051813471503,45.0,1.1738690217133105,0.23958333333333334
2024-01-01 00:16:26.000000,2024-01-01 00:16:32.000000,3,-47.61658031088083,-47.0,1.1030897492129332,0.203125,96.77872937118055,8544.0,0.0,-1.4870466321243523,-2.0,1.15969108804419,0.17708333333333334,44.26943005181347,44.0,1.1814310648392388,0.19791666666666666
2024-01-01 00:16:28.000000,2024-01-01 00:16:34.000000,3,-42.170984455958546,-47.0,11.49260575529467,0.005208333333333333,669.4410316571581,8015.0,0.0,8.393782383419689,-1.0,21.160605169510074,0.005208333333333333,41.52849740932643,45.0,11.27083562790689,0.005208333333333333
2024-01-01 00:16:30.000000,2024-01-01 00:16:36.000000,3,-29.4559585492228,-32.0,20.006232837083697,0.015625,1962.836223294936,5918.0,0.0,29.621761658031087,24.0,31.585481616776576,0.005208333333333333,30.66321243523316,44.0,18.72680632257348,0.015625
2024-01-01 00:16:32.000000,2024-01-01 00:16:38.000000,3,-19.865284974093264,-19.0,15.59555515759459,0.11458333333333333,1246.6147841788988,4029.0,0.0,50.637305699481864,60.0,23.68880398774078,0.046875,20.875647668393782,14.0,17.056434444471364,0.046875
2024-01-01 00:16:34.000000,2024-01-01 00:16:40.000000,3,-16.082901554404145,-19.0,10.570860491801666,0.13020833333333334,612.7867162079879,2260.0,0.0,62.07253886010363,62.0,7.217233591073345,0.19270833333333334,11.709844559585493,11.0,10.245362593057038,0.08854166666666667
2024-01-01 00:16:36.000000,2024-01-01 00:16:42.000000,3,-18.33160621761658,-19.0,10.573841840163608,0.15625,573.5091424651596,2119.0,0.0,62.8860103626943,62.0,9.261674003875255,0.16666666666666666,10.979274611398964,11.0,13.562724095392394,0.13020833333333334
2024-01-01 00:16:38.000000,2024-01-01 00:16:44.000000,3,-17.45077720207254,-19.0,14.586270367951418,0.13020833333333334,1112.9962067644033,1974.0000000000002,0.0,63.347150259067355,61.0,13.224767824963118,0.15104166666666666,10.2279792746114,11.0,17.753809584130625,0.109375
2024-01-01 00:16:40.000000,2024-01-01 00:16:46.000000,3,-16.1139896373057,-17.0,14.56191741108952,0.16145833333333334,1262.5561646129972,2294.0,0.0,63.72020725388601,61.0,15.238535853448063,0.140625,11.8860103626943,13.0,17.49456645230337,0.09895833333333333
2024-01-01 00:16:42.000000,2024-01-01 00:16:48.000000,3,-18.020725388601036,-18.0,13.164012871755224,0.16145833333333334,960.2817628971754,2389.0,0.0,63.84974093264249,62.0,16.623377503384642,0.15625,12.378238341968911,14.0,15.360153502826634,0.09895833333333333
2024-01-01 00:16:44.000000,2024-01-01 00:16:50.000000,3,-17.818652849740932,-18.0,13.020947236116658,0.14583333333333334,845.9579686993907,2246.0,0.0,64.22279792746114,63.0,15.463906175807013,0.15625,11.637305699481866,12.0,11.36483323105107,0.09375
2024-01-01 00:16:46.000000,2024-01-01 00:16:52.000000,3,-18.39378238341969,-19.0,13.331133777986143,0.125,765.05881610987,2268.0,0.0,64.21761658031087,63.0,15.028940848899628,0.13020833333333334,11.751295336787564,12.0,11.829531851861123,0.109375
2024-01-01 00:16:48.000000,2024-01-01 00:16:54.000000,3,-17.191709844559586,-17.0,11.37154405736989,0.13541666666666666,772.070334183369,2525.0,0.0,62.83419689119171,61.0,11.77848813792325,0.09895833333333333,13.082901554404145,15.0,10.259820898556969,0.109375
2024-01-01 00:16:50.000000,2024-01-01 00:16:56.000000,3,-16.471502590673577,-16.0,7.0482316281907655,0.16666666666666666,853.2359395107727,2041.0000000000005,0.0,62.83419689119171,63.0,9.69662051860674,0.109375,10.575129533678757,12.0,10.65636562052663,0.06770833333333333
2024-01-01 00:16:52.000000,2024-01-01 00:16:58.000000,3,-19.740932642487046,-17.0,12.692486013739824,0.10416666666666667,905.9005505989309,2339.0,0.0,58.94818652849741,59.0,10.906678445568378,0.08854166666666667,12.119170984455959,12.0,15.231932443909422,0.08333333333333333
2024-01-01 00:16:54.000000,2024-01-01 00:17:00.000000,3,-19.76683937823834,-16.0,14.108306465079641,0.125,1111.234986173586,1937.0,0.0,61.23834196891192,61.0,14.974463726734307,0.17708333333333334,10.036269430051814,8.0,15.5765492330735,0.09895833333333333
2024-01-01 00:16:56.000000,2024-01-01 00:17:02.000000,3,-21.139896373056995,-18.0,14.896731814032425,0.13020833333333334,1387.5797941490935,2374.0,0.0,62.07253886010363,59.0,18.235579984601095,0.15625,12.300518134715025,11.0,16.00855402006913,0.11458333333333333
2024-01-01 00:16:58.000000,2024-01-01 00:17:04.000000,3,-17.39896373056995,-17.0,10.08925784785743,0.20833333333333334,1089.104867708703,1846.0,0.0,65.69430051813471,64.0,15.499825894615233,0.15625,9.564766839378239,9.0,10.82903129673015,0.13541666666666666
2024-01-01 00:17:00.000000,2024-01-01 00:17:06.000000,3,-17.088082901554404,-17.0,9.49712198474314,0.203125,786.2153111038228,1811.9999999999998,0.0,63.979274611398964,63.0,14.494236839323548,0.11458333333333333,9.38860103626943,9.0,10.480103898349828,0.14583333333333334
2024-01-01 00:17:02.000000,2024-01-01 00:17:08.000000,3,-17.746113989637305,-18.0,6.958418008027305,0.203125,508.3419567650102,1880.0,0.0,64.06735751295336,64.0,13.54547209716444,0.13541666666666666,9.740932642487047,9.0,8.772306873089184,0.14583333333333334
2024-01-01 00:17:04.000000,2024-01-01 00:17:10.000000,3,-18.264248704663213,-18.0,6.844068035251927,0.22395833333333334,813.2170921306509,1959.0,0.0,64.18134715025907,64.0,15.33321776163549,0.11979166666666667,10.150259067357513,11.0,9.677788811846497,0.140625
2024-01-01 00:17:06.000000,2024-01-01 00:17:12.000000,3,-19.259067357512954,-19.0,4.720879283457796,0.203125,804.610357672251,2110.0000000000005,0.0,63.35751295336787,64.0,14.838774447902248,0.11458333333333333,10.932642487046632,11.0,8.50738782872826,0.109375
2024-01-01 00:17:08.000000,2024-01-01 00:17:14.000000,3,-18.683937823834196,-19.0,3.887560427755089,0.20833333333333334,670.0704010394379,2006.9999999999998,0.0,62.715025906735754,64.0,13.408899102071489,0.13020833333333334,10.398963730569948,11.0,7.819673304379114,0.078125
2024-01-01 00:17:10.000000,2024-01-01 00:17:16.000000,3,-18.792746113989637,-19.0,4.191826026973746,0.20833333333333334,529.5596062725245,1763.0,0.0,62.64248704663213,64.0,13.86623815059622,0.13541666666666666,9.134715025906736,10.0,6.777911970037318,0.08854166666666667
2024-01-01 00:17:12.000000,2024-01-01 00:17:18.000000,3,-18.65284974093264,-18.0,4.418086013669222,0.203125,572.8508148543302,1728.0,0.0,63.21761658031088,64.0,14.570743393517153,0.13541666666666666,8.953367875647668,9.0,7.055797081301611,0.078125
2024-01-01 00:17:14.000000,2024-01-01 00:17:20.000000,3,-19.238341968911918,-19.0,4.8643239238988665,0.20833333333333334,755.5993300129746,1698.0000000000005,0.0,62.968911917098445,63.0,14.858326346891927,0.125,8.797927461139896,9.0,7.729515660691647,0.078125
2024-01-01 00:17:16.000000,2024-01-01 00:17:22.000000,3,-19.17098445595855,-19.0,5.756951193698983,0.1875,722.2276633621298,1744.0000000000002,0.0,62.45077720207254,62.0,13.828522453500861,0.13541666666666666,9.036269430051814,9.0,8.248972825572245,0.10416666666666667
2024-01-01 00:17:18.000000,2024-01-01 00:17:24.000000,3,-18.430051813471504,-18.0,6.994531234100064,0.22916666666666666,587.4304781172684,1542.0,0.0,62.32642487046632,62.0,12.887016082322733,0.13541666666666666,7.989637305699482,8.0,8.624087897004978,0.13020833333333334
2024-01-01 00:17:20.000000,2024-01-01 00:17:26.000000,3,-17.756476683937823,-18.0,9.551274567036709,0.234375,547.9458671128996,1300.0,0.0,62.170984455958546,61.0,13.17418512520979,0.140625,6.7357512953367875,7.0,8.63903547497195,0.16145833333333334
2024-01-01 00:17:22.000000,2024-01-01 00:17:28.000000,3,-24.129533678756477,-20.0,19.335007334769195,0.15104166666666666,529.2125571822966,1322.9999999999998,0.0,49.259067357512954,57.0,35.54948477651466,0.09895833333333333,6.8549222797927465,9.0,10.867079928196121,0.13541666666666666
2024-01-01 00:17:24.000000,2024-01-01 00:17:30.000000,3,-28.036269430051814,-23.0,20.08818398985738,0.0625,506.83359932451236,1753.0000000000002,0.0,47.75647668393783,57.0,36.29935967095823,0.07291666666666667,9.082901554404145,10.0,10.75064764888453,0.140625
2024-01-01 00:17:26.000000,2024-01-01 00:17:32.000000,3,-28.746113989637305,-23.0,18.496700097795074,0.052083333333333336,394.4241804359243,2261.0000000000005,0.0,47.41450777202073,57.0,36.71106493182026,0.08333333333333333,11.715025906735752,13.0,9.6871173109548,0.11458333333333333
2024-01-01 00:17:28.000000,2024-01-01 00:17:34.000000,3,-22.409326424870468,-20.0,10.808142959428018,0.140625,516.245797943339,2313.0,0.0,60.020725388601036,60.0,19.56611615917692,0.11458333333333333,11.984455958549223,13.0,6.5163869430090635,0.09375
2024-01-01 00:17:30.000000,2024-01-01 00:17:36.000000,3,-18.60103626943005,-19.0,10.74279792483718,0.15625,483.16137498855795,2134.0,0.0,61.715025906735754,60.0,18.74796189268406,0.13541666666666666,11.05699481865285,12.0,7.030577951954923,0.109375
2024-01-01 00:17:32.000000,2024-01-01 00:17:38.000000,3,-27.860103626943005,-20.0,32.004005510860765,0.078125,764.8335035925486,2543.0,0.0,52.69948186528497,59.0,32.26942002082062,0.09895833333333333,13.176165803108809,13.0,13.716248417079386,0.11979166666666667
2024-01-01 00:17:34.000000,2024-01-01 00:17:40.000000,3,-34.80829015544042,-30.0,33.732550020942256,0.07291666666666667,847.6717052461164,2791.0,0.0,45.30569948186528,52.0,36.6274148614129,0.07291666666666667,14.461139896373057,14.0,13.47450496717914,0.13541666666666666
2024-01-01 00:17:36.000000,2024-01-01 00:17:42.000000,3,-35.61658031088083,-31.0,32.06419561330289,0.07291666666666667,834.6471840481983,2842.0,0.0,45.78238341968912,51.0,35.921707407078024,0.0625,14.72538860103627,15.0,13.679829585137782,0.140625
2024-01-01 00:17:38.000000,2024-01-01 00:17:44.000000,3,-26.906735751295336,-22.0,17.3644034299104,0.109375,841.7478979207608,2289.0,0.0,56.04145077720207,60.0,27.32783878912277,0.10416666666666667,11.860103626943005,12.0,10.401127442375602,0.140625
2024-01-01 00:17:40.000000,2024-01-01 00:17:46.000000,3,-20.5440414507772,-20.0,9.073736036767853,0.20833333333333334,967.0685575205506,2166.0,0.0,64.48186528497409,64.0,16.717659470429986,0.13020833333333334,11.22279792746114,11.0,10.789032743832768,0.13541666666666666
2024-01-01 00:17:42.000000,2024-01-01 00:17:48.000000,3,-20.352331606217618,-21.0,10.22151566824271,0.19791666666666666,749.5522553820763,1956.0,0.0,62.90155440414508,62.0,16.97012226398434,0.15104166666666666,10.134715025906736,10.0,11.67228229640238,0.16145833333333334
2024-01-01 00:17:44.000000,2024-01-01 00:17:50.000000,3,-19.72020725388601,-20.0,8.89606982268886,0.20833333333333334,552.6130621529487,1934.0000000000002,0.0,62.398963730569946,61.0,15.962893135452797,0.13541666666666666,10.020725388601036,10.0,10.025986313296274,0.13020833333333334
2024-01-01 00:17:46.000000,2024-01-01 00:17:52.000000,3,-19.1139896373057,-19.0,7.9449578572865125,0.19270833333333334,805.3358852126294,1944.0,0.0,62.89637305699482,64.0,15.696656932611592,0.140625,10.072538860103627,10.0,10.079626847001036,0.08854166666666667
2024-01-01 00:17:48.000000,2024-01-01 00:17:54.000000,3,-19.22279792746114,-19.0,5.397443303469001,0.21354166666666666,867.4583219729992,2112.0,0.0,63.310880829015545,64.0,15.38250953976407,0.13020833333333334,10.94300518134715,11.0,8.766167520939886,0.057291666666666664
2024-01-01 00:17:50.000000,2024-01-01 00:17:56.000000,3,-19.673575129533678,-20.0,4.70174792029995,0.22916666666666666,789.6840243257503,2225.0,0.0,62.21243523316062,64.0,14.98511243066216,0.140625,11.528497409326425,12.0,8.6174765690405,0.057291666666666664
2024-01-01 00:17:52.000000,2024-01-01 00:17:58.000000,3,-19.860103626943005,-20.0,4.509955883657717,0.22395833333333334,888.9838392915993,2333.0,0.0,61.97409326424871,64.0,15.278809956235351,0.11458333333333333,12.088082901554404,12.0,8.463002382513247,0.078125
2024-01-01 00:17:54.000000,2024-01-01 00:18:00.000000,3,-19.637305699481864,-19.0,4.896114211249853,0.22395833333333334,900.7631516727362,2381.0,0.0,62.61139896373057,64.0,15.394779777147628,0.13020833333333334,12.336787564766839,13.0,8.675008648017469,0.07291666666666667
2024-01-01 00:17:56.000000,2024-01-01 00:18:02.000000,3,-23.4559585492228,-19.0,17.59259367835244,0.13541666666666666,1310.3298700877967,2020.0,0.0,63.06217616580311,65.0,22.76982353883397,0.125,10.466321243523316,11.0,21.32511614467235,0.09375
2024-01-01 00:17:58.000000,2024-01-01 00:18:04.000000,3,-23.238341968911918,-19.0,18.583291704376492,0.13020833333333334,1091.0547060621318,1771.9999999999998,0.0,62.63212435233161,63.0,23.715641905385063,0.13020833333333334,9.181347150259068,10.0,21.093622265013355,0.078125
2024-01-01 00:18:00.000000,2024-01-01 00:18:06.000000,3,-23.39378238341969,-19.0,18.53039065445095,0.13541666666666666,877.0772971658233,1585.0,0.0,62.41450777202073,62.0,24.284215485818315,0.13020833333333334,8.212435233160623,8.0,20.81219220936577,0.09895833333333333
2024-01-01 00:18:02.000000,2024-01-01 00:18:08.000000,3,-19.626943005181346,-19.0,8.04192785511926,0.203125,569.7092638282592,1853.0000000000002,0.0,62.689119170984455,62.0,17.94426370016147,0.13020833333333334,9.601036269430052,9.0,7.134233707078804,0.109375
2024-01-01 00:18:04.000000,2024-01-01 00:18:10.000000,3,-19.409326424870468,-19.0,5.399008016734818,0.18229166666666666,593.6582582350359,1873.0000000000002,0.0,62.295336787564764,62.0,15.502715790828123,0.125,9.704663212435234,10.0,7.0379054808840955,0.09895833333333333
2024-01-01 00:18:06.000000,2024-01-01 00:18:12.000000,3,-19.29015544041451,-19.0,5.375363987354323,0.17708333333333334,612.684399874593,2007.0,0.0,62.082901554404145,62.0,15.337976013926985,0.125,10.398963730569948,11.0,7.484108091185795,0.078125
2024-01-01 00:18:08.000000,2024-01-01 00:18:14.000000,3,-19.020725388601036,-19.0,5.277663771759004,0.171875,705.7931304211278,2140.0,0.0,62.005181347150256,62.0,15.733952608308048,0.11979166666666667,11.088082901554404,12.0,7.903553588508454,0.07291666666666667
2024-01-01 00:18:10.000000,2024-01-01 00:18:16.000000,3,-18.865284974093264,-19.0,5.817760795492981,0.15625,657.5745551606066,2016.0000000000002,0.0,62.38341968911917,63.0,16.46581479899548,0.11979166666666667,10.44559585492228,11.0,8.306523150912746,0.078125
2024-01-01 00:18:12.000000,2024-01-01 00:18:18.000000,3,-17.507772020725387,-18.0,6.335349874402208,0.16145833333333334,822.6417186142077,1987.0,0.0,62.29015544041451,60.0,14.112965244644572,0.125,10.295336787564766,10.0,8.793394124257427,0.07291666666666667
2024-01-01 00:18:14.000000,2024-01-01 00:18:20.000000,3,-16.632124352331605,-17.0,6.240359577069467,0.14583333333333334,538.215098386791,1845.0000000000002,0.0,62.69430051813472,61.0,11.307483632387813,0.15104166666666666,9.55958549222798,9.0,8.762956112368043,0.08333333333333333
2024-01-01 00:18:16.000000,2024-01-01 00:18:22.000000,3,-15.186528497409327,-16.0,5.696894701507923,0.125,762.1652590321189,1621.0,0.0,62.74611398963731,61.0,7.388955576248378,0.17708333333333334,8.398963730569948,9.0,8.702334394893859,0.0625
2024-01-01 00:18:18.000000,2024-01-01 00:18:24.000000,3,-15.963730569948186,-17.0,9.996026844553258,0.125,505.6728229033727,1456.0,0.0,63.461139896373055,63.0,7.654641344343665,0.1875,7.544041450777202,8.0,8.680040456795476,0.0625
2024-01-01 00:18:20.000000,2024-01-01 00:18:26.000000,3,-16.922279792746114,-18.0,9.725887437254325,0.125,504.66066260972025,1605.0,0.0,62.487046632124354,62.0,6.247590209007717,0.17708333333333334,8.316062176165802,11.0,7.943065701988997,0.052083333333333336
2024-01-01 00:18:22.000000,2024-01-01 00:18:28.000000,3,-19.10362694300518,-20.0,9.003450571499632,0.13541666666666666,309.09008768003355,2116.0000000000005,0.0,61.689119170984455,61.0,5.567459002177978,0.16666666666666666,10.963730569948186,12.0,6.290181715210039,0.052083333333333336
2024-01-01 00:18:24.000000,2024-01-01 00:18:30.000000,3,-19.94818652849741,-20.0,1.6978568986693905,0.13020833333333334,96.5717557894231,2272.0,0.0,60.27979274611399,60.0,2.3726865834932256,0.19270833333333334,11.7720207253886,12.0,1.8027307294495096,0.14583333333333334
2024-01-01 00:18:26.000000,2024-01-01 00:18:32.000000,3,-19.94818652849741,-20.0,1.8505093123315826,0.13020833333333334,106.38757164220168,2220.0,0.0,60.50777202072539,60.0,1.4934550649711849,0.20833333333333334,11.50259067357513,11.0,1.8060210418082707,0.15104166666666666
2024-01-01 00:18:28.000000,2024-01-01 00:18:34.000000,3,-18.072538860103627,-19.0,5.289033690078379,0.08854166666666667,397.5204618090577,1851.0,0.0,61.06217616580311,60.0,6.518105347642874,0.109375,9.590673575129534,11.0,5.361253357636332,0.036458333333333336
2024-01-01 00:18:30.000000,2024-01-01 00:18:36.000000,3,-16.678756476683937,-18.0,6.976180792209719,0.13020833333333334,518.9851677061099,1601.0,0.0,61.47150259067357,61.0,7.443570094470485,0.13541666666666666,8.295336787564766,8.0,6.09993417105396,0.078125
2024-01-01 00:18:32.000000,2024-01-01 00:18:38.000000,3,-15.020725388601036,-16.0,11.276338866009246,0.16145833333333334,628.6694314843605,1474.0,0.0,64.860103626943,63.0,16.32278934718386,0.13020833333333334,7.637305699481865,5.0,9.579875662185605,0.11458333333333333
2024-01-01 00:18:34.000000,2024-01-01 00:18:40.000000,3,-17.150259067357513,-18.0,12.581948562127987,0.14583333333333334,728.6453971912932,2153.0,0.0,66.23316062176166,63.0,19.951308928971915,0.13020833333333334,11.155440414507773,9.0,10.74644727814266,0.13541666666666666
2024-01-01 00:18:36.000000,2024-01-01 00:18:42.000000,3,-18.357512953367877,-19.0,12.430710375881581,0.16145833333333334,938.7112833414117,2650.0,0.0,67.68911917098445,68.0,22.206106886941395,0.13541666666666666,13.73056994818653,14.0,11.869075196814366,0.11979166666666667
2024-01-01 00:18:38.000000,2024-01-01 00:18:44.000000,3,-19.818652849740932,-19.0,8.661051721686807,0.16145833333333334,755.3928796789318,2897.0,0.0,64.46113989637306,63.0,18.89939904098898,0.140625,15.010362694300518,15.0,9.880530960189722,0.13020833333333334
2024-01-01 00:18:40.000000,2024-01-01 00:18:46.000000,3,-19.984455958549223,-19.0,13.404164730573566,0.1875,642.234584985957,2573.0,0.0,63.1139896373057,61.0,17.291841198112053,0.15625,13.33160621761658,14.0,10.311496719396644,0.08333333333333333
2024-01-01 00:18:42.000000,2024-01-01 00:18:48.000000,3,-19.487046632124354,-19.0,16.4266389365878,0.20833333333333334,763.864559612958,2290.0,0.0,63.15544041450777,60.0,19.179163062254997,0.15104166666666666,11.865284974093264,14.0,11.551627187265659,0.14583333333333334
2024-01-01 00:18:44.000000,2024-01-01 00:18:50.000000,3,-19.34715025906736,-19.0,17.33970349681657,0.20833333333333334,904.1719444644126,2128.0,0.0,64.10880829015544,61.0,19.71261163383983,0.13541666666666666,11.025906735751295,12.0,12.870927848401466,0.18229166666666666
2024-01-01 00:18:46.000000,2024-01-01 00:18:52.000000,3,-19.53886010362694,-19.0,14.642254520526157,0.203125,790.402123416066,2084.0000000000005,0.0,65.01554404145078,63.0,19.108919351732553,0.11979166666666667,10.797927461139896,11.0,13.20415006789699,0.19270833333333334
2024-01-01 00:18:48.000000,2024-01-01 00:18:54.000000,3,-18.65284974093264,-18.0,11.899698204471964,0.15625,564.9927389953676,2483.0,0.0,64.20725388601036,63.0,16.556045887844554,0.11979166666666667,12.865284974093264,12.0,11.638320640893252,0.16145833333333334
2024-01-01 00:18:50.000000,2024-01-01 00:18:56.000000,3,-18.476683937823836,-18.0,11.842751184295228,0.16145833333333334,744.9220587755954,2527.0000000000005,0.0,64.55958549222798,63.0,18.03924609919407,0.13020833333333334,13.093264248704664,12.0,10.923102725112066,0.14583333333333334
2024-01-01 00:18:52.000000,2024-01-01 00:18:58.000000,3,-17.60621761658031,-17.0,9.063454702258758,0.171875,916.1570566366953,2446.0,0.0,64.3678756476684,63.0,18.084708208441075,0.125,12.67357512953368,12.0,10.775752881943406,0.10416666666666667
2024-01-01 00:18:54.000000,2024-01-01 00:19:00.000000,3,-19.17098445595855,-19.0,9.200701262039695,0.1875,593.8661756418256,1934.0000000000002,0.0,63.06217616580311,61.0,19.144088225602108,0.11979166666666667,10.020725388601036,9.0,10.538104742049402,0.09375
2024-01-01 00:18:56.000000,2024-01-01 00:19:02.000000,3,-21.098445595854923,-19.0,13.984949040113687,0.19270833333333334,825.161992868324,1699.0,0.0,63.4559585492228,61.0,22.417426681005853,0.125,8.803108808290155,7.0,12.358894851548854,0.109375
2024-01-01 00:18:58.000000,2024-01-01 00:19:04.000000,3,-30.186528497409327,-26.0,24.39553461681193,0.09895833333333333,1486.2970906801283,2369.0,0.0,48.295336787564764,48.0,29.71164945872004,0.08333333333333333,12.27461139896373,9.0,23.26706873412315,0.08333333333333333
2024-01-01 00:19:00.000000,2024-01-01 00:19:06.000000,3,-35.27461139896373,-33.0,25.346807573047112,0.07291666666666667,1728.5543223712505,1773.0,0.0,45.10880829015544,43.0,29.06715599136933,0.078125,9.186528497409327,6.0,24.80709796086736,0.09375
2024-01-01 00:19:02.000000,2024-01-01 00:19:08.000000,3,-32.70984455958549,-30.0,25.503446590540378,0.08333333333333333,1752.652683326822,1887.0,0.0,45.284974093264246,42.0,28.587341169292646,0.06770833333333333,9.77720207253886,7.0,24.265396711108874,0.09375
2024-01-01 00:19:04.000000,2024-01-01 00:19:10.000000,3,-24.65284974093264,-23.0,17.682933882442885,0.13020833333333334,809.5522897234434,1478.0000000000002,0.0,62.16062176165803,61.0,27.42053107821581,0.109375,7.658031088082901,7.0,14.361303266760359,0.16666666666666666
2024-01-01 00:19:06.000000,2024-01-01 00:19:12.000000,3,-17.569948186528496,-18.0,12.252828266083492,0.13541666666666666,658.0810507553675,2079.0,0.0,65.51813471502591,60.0,26.334011053564492,0.125,10.7720207253886,8.0,12.49165740602777,0.125
2024-01-01 00:19:08.000000,2024-01-01 00:19:14.000000,3,-16.191709844559586,-17.0,13.16480209683019,0.15625,619.6734709194873,1819.9999999999998,0.0,67.23316062176166,60.0,27.834753061223203,0.11458333333333333,9.430051813471502,8.0,12.325301234376981,0.15625
2024-01-01 00:19:10.000000,2024-01-01 00:19:16.000000,3,-17.518134715025905,-17.0,17.146760282025795,0.171875,664.4203920993974,1530.0,0.0,66.87564766839378,58.0,28.60425153641586,0.10416666666666667,7.927461139896373,6.0,14.0510572807927,0.140625
2024-01-01 00:19:12.000000,2024-01-01 00:19:18.000000,3,-19.66839378238342,-19.0,17.298659811118156,0.203125,740.8308995639875,1844.0,0.0,70.34196891191709,68.0,30.892743724913704,0.11979166666666667,9.55440414507772,7.0,14.51537955147284,0.14583333333333334
2024-01-01 00:19:14.000000,2024-01-01 00:19:20.000000,3,-22.150259067357513,-20.0,14.689963000408401,0.1875,1140.503063137538,2360.0,0.0,69.16580310880829,67.0,27.26745372812059,0.11979166666666667,12.2279792746114,14.0,14.33998796197431,0.109375
2024-01-01 00:19:16.000000,2024-01-01 00:19:22.000000,3,-20.27461139896373,-18.0,9.536783392654522,0.171875,1078.0296438805156,2372.0,0.0,67.28497409326425,66.0,21.349927598539225,0.13541666666666666,12.290155440414507,14.0,11.222594233504083,0.125
2024-01-01 00:19:18.000000,2024-01-01 00:19:24.000000,3,-19.575129533678755,-18.0,8.575388906924784,0.11979166666666667,914.5945599421027,2254.0,0.0,65.71502590673575,66.0,17.848220970063103,0.15625,11.678756476683938,13.0,10.514395613265771,0.09375
2024-01-01 00:19:20.000000,2024-01-01 00:19:26.000000,3,-17.958549222797927,-19.0,11.559553316814767,0.19270833333333334,723.2228327086154,2067.0,0.0,66.45077720207254,66.0,23.128916603398814,0.16666666666666666,10.709844559585493,10.0,9.901007759981427,0.11979166666666667
2024-01-01 00:19:22.000000,2024-01-01 00:19:28.000000,3,-17.735751295336787,-19.0,13.983905055616278,0.19270833333333334,702.3473747183306,1731.0,0.0,65.9119170984456,64.0,28.52351940638505,0.14583333333333334,8.968911917098445,8.0,11.079686149168486,0.140625
2024-01-01 00:19:24.000000,2024-01-01 00:19:30.000000,3,-18.04663212435233,-19.0,14.012007557300187,0.203125,476.3592779711616,1868.0000000000002,0.0,65.81347150259067,61.0,28.12613747459948,0.13541666666666666,9.678756476683938,10.0,10.647789995061375,0.171875
2024-01-01 00:19:26.000000,2024-01-01 00:19:32.000000,3,-18.927461139896373,-18.0,11.098278877440892,0.18229166666666666,466.97152744892315,1870.0,0.0,64.03108808290155,60.0,24.400500920351536,0.13541666666666666,9.689119170984457,10.0,9.731645959151308,0.19270833333333334
2024-01-01 00:19:28.000000,2024-01-01 00:19:34.000000,3,-18.124352331606218,-17.0,11.764400648788525,0.16666666666666666,591.8822225526563,1875.0,0.0,65.04145077720207,63.0,22.12790333984711,0.125,9.715025906735752,10.0,9.626711542865179,0.1875
2024-01-01 00:19:30.000000,2024-01-01 00:19:36.000000,3,-17.40414507772021,-17.0,16.251999345583386,0.16666666666666666,750.9086786716259,1950.0000000000002,0.0,68.34715025906736,69.0,26.301511059712503,0.13541666666666666,10.103626943005182,8.0,12.6934873928892,0.1875
2024-01-01 00:19:32.000000,2024-01-01 00:19:38.000000,3,-17.40414507772021,-17.0,17.275114067993186,0.15625,933.7290964635206,2028.0,0.0,70.10362694300518,67.0,29.700933580053857,0.10416666666666667,10.507772020725389,8.0,13.499660169713705,0.16666666666666666
2024-01-01 00:19:34.000000,2024-01-01 00:19:40.000000,3,-18.55440414507772,-18.0,15.317419066430528,0.15104166666666666,1133.759140058539,2555.0,0.0,71.19170984455958,69.0,26.805424157224312,0.11979166666666667,13.238341968911918,12.0,12.684684882564017,0.16145833333333334
2024-01-01 00:19:36.000000,2024-01-01 00:19:42.000000,3,-18.55440414507772,-17.0,9.746174130908123,0.13020833333333334,1096.9647936827696,2427.0,0.0,69.17098445595855,65.0,22.796582062083314,0.13541666666666666,12.575129533678757,11.0,10.34386911355427,0.13541666666666666
2024-01-01 00:19:38.000000,2024-01-01 00:19:44.000000,3,-18.694300518134714,-17.0,9.036662516109127,0.15625,782.6793627655173,2473.0,0.0,68.10880829015544,68.0,16.965147334852837,0.16666666666666666,12.813471502590673,11.0,10.629480666526895,0.13020833333333334
2024-01-01 00:19:40.000000,2024-01-01 00:19:46.000000,3,-19.357512953367877,-17.0,13.253209439567838,0.16666666666666666,778.1892399837154,2353.0,0.0,66.81865284974093,66.0,23.73954296651617,0.14583333333333334,12.191709844559586,10.0,11.392593248043715,0.15104166666666666
2024-01-01 00:19:42.000000,2024-01-01 00:19:48.000000,3,-18.39896373056995,-18.0,15.63254481055103,0.203125,549.3455986928412,1991.0,0.0,67.47668393782384,68.0,27.575856087281483,0.13541666666666666,10.316062176165802,8.0,12.718040051285975,0.171875
2024-01-01 00:19:44.000000,2024-01-01 00:19:50.000000,3,-18.316062176165804,-19.0,16.022399718709863,0.203125,621.2785634826652,1788.0,0.0,66.68911917098445,65.0,32.08723032206008,0.11979166666666667,9.264248704663212,6.0,12.122964458875451,0.18229166666666666
2024-01-01 00:19:46.000000,2024-01-01 00:19:52.000000,3,-19.23316062176166,-20.0,17.295307012190943,0.19791666666666666,692.8316165341744,1576.0,0.0,67.98963730569949,68.0,30.489238135041486,0.13541666666666666,8.16580310880829,6.0,13.219046844680795,0.19270833333333334
2024-01-01 00:19:48.000000,2024-01-01 00:19:54.000000,3,-20.922279792746114,-19.0,18.130291497256053,0.171875,742.7383380779127,1545.0,0.0,69.4559585492228,70.0,27.238135380349977,0.16145833333333334,8.005181347150259,7.0,12.59815520941394,0.16145833333333334
2024-01-01 00:19:50.000000,2024-01-01 00:19:56.000000,3,-21.559585492227978,-19.0,17.378381680331707,0.16666666666666666,688.9604583947527,1774.0000000000002,0.0,69.36269430051813,68.0,20.262677538673643,0.19270833333333334,9.191709844559586,9.0,13.490333486687344,0.11458333333333333
2024-01-01 00:19:52.000000,2024-01-01 00:19:58.000000,3,-19.264248704663213,-18.0,14.697917106554838,0.19270833333333334,974.8693190594537,1652.0,0.0,68.48704663212435,68.0,17.780522116997084,0.22395833333333334,8.55958549222798,8.0,12.574686205254656,0.125
2024-01-01 00:19:54.000000,2024-01-01 00:20:00.000000,3,-18.616580310880828,-19.0,11.992538249323422,0.19791666666666666,867.792559837267,1911.0,0.0,65.68911917098445,66.0,17.976742374735178,0.19270833333333334,9.901554404145077,8.0,12.660044088439953,0.13541666666666666
2024-01-01 00:19:56.000000,2024-01-01 00:20:02.000000,3,-19.424870466321245,-19.0,12.39647980564141,0.19270833333333334,557.6739325336175,1789.0,0.0,67.07253886010362,68.0,19.475276053878776,0.16666666666666666,9.26943005181347,8.0,10.768876265777871,0.16666666666666666
2024-01-01 00:19:58.000000,2024-01-01 00:20:04.000000,3,-20.243523316062177,-19.0,10.826653646822534,0.15104166666666666,773.2298253321879,2220.0,0.0,67.29533678756476,69.0,17.090166184812976,0.171875,11.50259067357513,10.0,9.16919909280272,0.140625
2024-01-01 00:20:00.000000,2024-01-01 00:20:06.000000,3,-20.678756476683937,-18.0,10.713621319559936,0.140625,508.1948135346508,2182.0,0.0,69.61139896373057,70.0,14.839392767906876,0.19270833333333334,11.305699481865284,10.0,8.02176847272793,0.17708333333333334
2024-01-01 00:20:02.000000,2024-01-01 00:20:08.000000,3,-19.65284974093264,-18.0,10.541026232022176,0.16145833333333334,497.21263605735146,2207.0,0.0,66.46113989637306,68.0,18.598269205597298,0.15104166666666666,11.435233160621761,10.0,9.025265581995987,0.203125
2024-01-01 00:20:04.000000,2024-01-01 00:20:10.000000,3,-18.559585492227978,-18.0,11.693027829749163,0.20833333333333334,475.59759994968204,1991.0,0.0,66.21243523316062,65.0,24.132478348198145,0.14583333333333334,10.316062176165802,9.0,8.464300093891245,0.19791666666666666
2024-01-01 00:20:06.000000,2024-01-01 00:20:12.000000,3,-15.27461139896373,-16.0,15.87458096491823,0.17708333333333334,563.6228861126259,1719.0000000000002,0.0,64.93264248704664,62.0,29.8590547015205,0.125,8.906735751295336,8.0,10.223115464965524,0.19270833333333334
2024-01-01 00:20:08.000000,2024-01-01 00:20:14.000000,3,-13.989637305699482,-15.0,17.47110401172751,0.20833333333333334,535.9072567971557,1585.0,0.0,66.5440414507772,62.0,31.535023159416564,0.13541666666666666,8.212435233160623,8.0,11.737202728628265,0.21875
2024-01-01 00:20:10.000000,2024-01-01 00:20:16.000000,3,-12.155440414507773,-13.0,18.13539023847846,0.21875,613.7133176071857,1440.0,0.0,67.64766839378238,65.0,29.081426762731773,0.14583333333333334,7.461139896373057,8.0,13.616388438588821,0.17708333333333334
2024-01-01 00:20:12.000000,2024-01-01 00:20:18.000000,3,-15.259067357512953,-16.0,14.744180813990573,0.22395833333333334,675.1875026230105,1929.0,0.0,67.4041450777202,66.0,25.017751685463452,0.15104166666666666,9.994818652849741,10.0,12.471842206098383,0.171875
2024-01-01 00:20:14.000000,2024-01-01 00:20:20.000000,3,-16.72538860103627,-16.0,12.309051038906745,0.18229166666666666,748.5466671431144,2014.9999999999998,0.0,68.80310880829016,68.0,19.056456437429308,0.17708333333333334,10.44041450777202,11.0,11.324651569060379,0.15625
2024-01-01 00:20:16.000000,2024-01-01 00:20:22.000000,3,-18.424870466321245,-16.0,11.730293896787439,0.13020833333333334,658.9781161061836,1881.0,0.0,66.35751295336787,65.0,20.169894491106874,0.171875,9.746113989637307,9.0,10.543698647744002,0.171875
2024-01-01 00:20:18.000000,2024-01-01 00:20:24.000000,3,-20.621761658031087,-19.0,15.440306526439075,0.13541666666666666,886.2855559374743,2133.0,0.0,61.8860103626943,62.0,21.239395911545884,0.11979166666666667,11.05181347150259,8.0,18.40961618416743,0.15625
2024-01-01 00:20:20.000000,2024-01-01 00:20:26.000000,3,-24.424870466321245,-20.0,20.020713313258227,0.14583333333333334,1961.7522055281004,3921.0,0.0,50.96373056994819,44.0,21.37886735408816,0.07291666666666667,20.316062176165804,12.0,23.821353363724896,0.06770833333333333
2024-01-01 00:20:22.000000,2024-01-01 00:20:28.000000,3,-27.626943005181346,-23.0,18.156028024514143,0.11979166666666667,1832.0088995790677,4734.0,0.0,49.21243523316062,42.0,19.05560533175437,0.041666666666666664,24.528497409326423,20.0,22.752757761451573,0.07291666666666667
2024-01-01 00:20:24.000000,2024-01-01 00:20:30.000000,3,-23.321243523316063,-20.0,18.67597650581077,0.13541666666666666,2006.2314497222853,3923.000000000001,0.0,51.968911917098445,44.0,21.821459892288203,0.052083333333333336,20.326424870466322,17.0,22.871747860028346,0.09895833333333333
2024-01-01 00:20:26.000000,2024-01-01 00:20:32.000000,3,-19.300518134715027,-20.0,14.775149806803023,0.20833333333333334,1026.247822047205,1867.9999999999998,0.0,62.10880829015544,62.0,26.448920408211947,0.15625,9.678756476683938,10.0,19.122968696803568,0.13541666666666666
2024-01-01 00:20:28.000000,2024-01-01 00:20:34.000000,3,-14.601036269430052,-15.0,14.039060055925614,0.203125,1000.6207778915762,520.0,1.6580310880829017,66.29015544041451,65.0,28.591934258864207,0.16145833333333334,2.694300518134715,2.0,19.1187304171429,0.13020833333333334
2024-01-01 00:20:30.000000,2024-01-01 00:20:36.000000,3,-15.8860103626943,-16.0,13.063046684728334,0.16666666666666666,988.7338458598083,939.0,1.1606217616580312,66.29533678756476,65.0,27.477847687871375,0.18229166666666666,4.865284974093265,6.0,16.41050498939349,0.125
2024-01-01 00:20:32.000000,2024-01-01 00:20:38.000000,3,-16.989637305699482,-17.0,12.667210639623905,0.171875,1005.1839672627739,835.0,1.3264248704663213,64.41450777202073,64.0,25.743813918978503,0.21875,4.3264248704663215,5.0,14.540610378271996,0.15104166666666666
2024-01-01 00:20:34.000000,2024-01-01 00:20:40.000000,3,-18.59585492227979,-19.0,12.04948059996126,0.19791666666666666,585.046318064805,1196.0,0.0,63.54922279792746,64.0,21.8097577530558,0.24479166666666666,6.196891191709844,7.0,12.991687673982442,0.125
2024-01-01 00:20:36.000000,2024-01-01 00:20:42.000000,3,-18.575129533678755,-19.0,10.131212245909925,0.19791666666666666,538.6859471249037,1202.0,0.0,63.35751295336787,61.0,21.028543548766834,0.234375,6.227979274611399,7.0,12.55238376097949,0.11458333333333333
2024-01-01 00:20:38.000000,2024-01-01 00:20:44.000000,3,-19.015544041450777,-19.0,8.72226358947907,0.171875,615.9892410107695,1343.0,0.0,63.29015544041451,60.0,20.32570100463645,0.21354166666666666,6.958549222797927,9.0,12.15988717947733,0.07291666666666667
2024-01-01 00:20:40.000000,2024-01-01 00:20:46.000000,3,-18.487046632124354,-19.0,8.875357274669144,0.171875,755.7763348721699,1792.0000000000005,0.0,62.409326424870464,59.0,20.742802869865496,0.18229166666666666,9.284974093264248,11.0,10.688615055104208,0.10416666666666667
2024-01-01 00:20:42.000000,2024-01-01 00:20:48.000000,3,-19.746113989637305,-20.0,10.439448317532815,0.13020833333333334,717.5918261703495,2053.0,0.0,61.35751295336787,59.0,20.00889536637101,0.19270833333333334,10.637305699481866,11.0,10.897393466770062,0.109375
2024-01-01 00:20:44.000000,2024-01-01 00:20:50.000000,0,-18.53886010362694,-18.0,11.281427987797858,0.13541666666666666,742.6108857080045,2064.0,0.0,62.13989637305699,61.0,20.115192071480184,0.16666666666666666,10.694300518134716,11.0,11.293656896537911,0.109375
2024-01-01 00:20:46.000000,2024-01-01 00:20:52.000000,0,-19.419689119170986,-20.0,12.051755832775976,0.171875,788.2085923232545,1927.0,0.0,61.58549222797927,62.0,21.34791648916411,0.18229166666666666,9.984455958549223,11.0,11.22333723947646,0.14583333333333334
2024-01-01 00:20:48.000000,2024-01-01 00:20:54.000000,0,-18.077720207253886,-20.0,11.564545809303317,0.15625,672.0698994049676,1844.0,0.0,61.6839378238342,62.0,22.239665227084263,0.18229166666666666,9.55440414507772,11.0,10.898126453202071,0.16145833333333334
2024-01-01 00:20:50.000000,2024-01-01 00:20:56.000000,0,-19.466321243523318,-19.0,14.100833140294649,0.15104166666666666,1104.7628639064433,2041.0,0.0,62.538860103626945,61.0,23.274400116376835,0.18229166666666666,10.575129533678757,10.0,16.99588807834634,0.125
2024-01-01 00:20:52.000000,2024-01-01 00:20:58.000000,0,-20.580310880829014,-20.0,13.968156713975652,0.125,980.9251459197848,2318.0,0.0,62.67875647668394,60.0,24.489589933526094,0.19270833333333334,12.010362694300518,11.0,16.09217901306722,0.109375
2024-01-01 00:20:54.000000,2024-01-01 00:21:00.000000,0,-20.362694300518136,-19.0,13.55056337216044,0.140625,1015.3156900589801,2251.0,0.0,63.6839378238342,60.0,25.381230783384943,0.1875,11.663212435233161,11.0,16.29466758512872,0.08854166666666667
2024-01-01 00:20:56.000000,2024-01-01 00:21:02.000000,0,-17.316062176165804,-18.0,11.796830481649748,0.15625,884.1827086082149,2171.0,0.0,63.92746113989637,60.0,24.378844190023667,0.19270833333333334,11.248704663212436,12.0,13.74167592280979,0.08333333333333333
2024-01-01 00:20:58.000000,2024-01-01 00:21:04.000000,0,-17.70984455958549,-19.0,10.317801994443668,0.17708333333333334,974.0527684799787,2233.0,0.0,63.33678756476684,59.0,23.68841893647283,0.171875,11.569948186528498,12.0,13.689508166894381,0.11458333333333333
2024-01-01 00:21:00.000000,2024-01-01 00:21:06.000000,0,-16.481865284974095,-18.0,10.696618071580259,0.17708333333333334,1418.3444897922402,2030.0,0.0,63.15025906735751,59.0,23.364708350131426,0.16666666666666666,10.518134715025907,13.0,15.198373427308724,0.10416666666666667
2024-01-01 00:21:02.000000,2024-01-01 00:21:08.000000,0,-18.17098445595855,-18.0,9.69357538338145,0.16666666666666666,891.4233254748132,2294.0,0.0,61.04663212435233,58.0,23.125853622857626,0.19270833333333334,11.8860103626943,13.0,11.284090069092503,0.125
2024-01-01 00:21:04.000000,2024-01-01 00:21:10.000000,0,-16.678756476683937,-18.0,9.899516744716843,0.21875,859.145893806944,1690.0,0.0,63.170984455958546,59.0,22.698356850514507,0.19791666666666666,8.756476683937823,11.0,12.24395139874878,0.10416666666666667
2024-01-01 00:21:06.000000,2024-01-01 00:21:12.000000,0,-16.958549222797927,-18.0,12.028539931524662,0.1875,684.167574201298,1903.0,0.0,62.74611398963731,59.0,23.7991333422271,0.19791666666666666,9.860103626943005,10.0,11.905710901602596,0.08333333333333333
2024-01-01 00:21:08.000000,2024-01-01 00:21:14.000000,0,-18.414507772020727,-19.0,11.972372575851097,0.16666666666666666,802.6769651916106,2088.0,0.0,62.3160621761658,58.0,23.163562465204862,0.18229166666666666,10.818652849740932,11.0,12.183632473899861,0.109375
2024-01-01 00:21:10.000000,2024-01-01 00:21:16.000000,0,-16.54922279792746,-18.0,15.061986917855306,0.140625,1014.5092319651919,2448.0,0.0,64.21761658031087,60.0,23.437956673731687,0.140625,12.683937823834198,14.0,15.199664231360968,0.11458333333333333
2024-01-01 00:21:12.000000,2024-01-01 00:21:18.000000,0,-17.181347150259068,-18.0,13.532494236432075,0.15104166666666666,900.6990346083597,2857.0,0.0,62.93782383419689,60.0,21.09739985534483,0.16145833333333334,14.803108808290155,16.0,14.612444420822987,0.09895833333333333
2024-01-01 00:21:14.000000,2024-01-01 00:21:20.000000,0,-15.471502590673575,-15.0,13.42418783705847,0.171875,1140.0219036235676,2242.0,0.0,65.87046632124353,63.0,21.18418258911379,0.14583333333333334,11.61658031088083,12.0,16.601585476337863,0.08333333333333333
2024-01-01 00:21:16.000000,2024-01-01 00:21:22.000000,0,-17.06217616580311,-17.0,10.003450937366763,0.17708333333333334,872.458401599561,2376.0,0.0,62.2020725388601,61.0,21.58644433471024,0.171875,12.310880829015543,13.0,12.807742439930594,0.09375
2024-01-01 00:21:18.000000,2024-01-01 00:21:24.000000,0,-17.580310880829014,-18.0,9.207392065772458,0.19270833333333334,788.9188436587775,2070.0,0.0,63.590673575129536,62.0,22.3616886861905,0.171875,10.72538860103627,11.0,12.652495965029102,0.078125
2024-01-01 00:21:20.000000,2024-01-01 00:21:26.000000,0,-17.1139896373057,-17.0,9.410071130835938,0.19791666666666666,910.9806029970927,2208.0,0.0,61.36787564766839,60.0,21.274603505536575,0.16666666666666666,11.44041450777202,13.0,11.202112144321493,0.09375
2024-01-01 00:21:22.000000,2024-01-01 00:21:28.000000,0,-18.55440414507772,-18.0,9.1086265076931,0.17708333333333334,725.5183592907714,2208.0,0.0,60.94818652849741,59.0,20.01034652494452,0.16666666666666666,11.44041450777202,12.0,10.78568803989597,0.11458333333333333
2024-01-01 00:21:24.000000,2024-01-01 00:21:30.000000,0,-18.196891191709845,-18.0,9.431363384207717,0.15104166666666666,665.515502287462,1592.0,0.0,61.626943005181346,58.0,20.097307538414434,0.15625,8.248704663212436,8.0,11.441441073317511,0.11979166666666667
2024-01-01 00:21:26.000000,2024-01-01 00:21:32.000000,0,-19.968911917098445,-19.0,9.113809768555045,0.1875,595.2005406791819,1811.0,0.0,60.98963730569948,58.0,23.304369591457903,0.16145833333333334,9.38341968911917,8.0,10.566167248730828,0.13020833333333334
2024-01-01 00:21:28.000000,2024-01-01 00:21:34.000000,0,-18.186528497409327,-18.0,9.636433948306244,0.171875,673.5682095553947,1224.0,0.0,63.62176165803109,60.0,22.791787240811043,0.18229166666666666,6.341968911917099,7.0,11.173683286478479,0.13020833333333334
2024-01-01 00:21:30.000000,2024-01-01 00:21:36.000000,0,-19.082901554404145,-19.0,9.134034789573164,0.21354166666666666,850.8204740390867,1853.0,0.0,61.76165803108808,59.0,23.279890762271236,0.1875,9.601036269430052,9.0,9.92846281760438,0.125
2024-01-01 00:21:32.000000,2024-01-01 00:21:38.000000,0,-19.502590673575128,-20.0,8.480445861123945,0.203125,678.0947594008294,1763.0000000000002,0.0,62.70984455958549,59.0,21.55513174775817,0.19270833333333334,9.134715025906736,10.0,9.836289476910236,0.15104166666666666
2024-01-01 00:21:34.000000,2024-01-01 00:21:40.000000,0,-19.305699481865286,-21.0,10.008580623480956,0.17708333333333334,727.2729485353724,1730.9999999999998,0.0,62.409326424870464,60.0,21.30882338918397,0.17708333333333334,8.968911917098445,11.0,10.912963781549417,0.125
2024-01-01 00:21:36.000000,2024-01-01 00:21:42.000000,0,-18.65284974093264,-20.0,13.125940627532675,0.13020833333333334,810.6373313449438,1795.0000000000002,0.0,66.7720207253886,64.0,20.471266564371835,0.16666666666666666,9.300518134715025,11.0,12.567436830163029,0.13020833333333334
2024-01-01 00:21:38.000000,2024-01-01 00:21:44.000000,0,-14.0,-13.0,14.182221852258081,0.16145833333333334,988.148608019154,1350.0,0.0,67.49740932642487,64.0,21.462448881790124,0.15104166666666666,6.994818652849741,6.0,13.764953009260525,0.078125
2024-01-01 00:21:40.000000,2024-01-01 00:21:46.000000,0,-14.720207253886011,-13.0,12.978927470717894,0.17708333333333334,644.4268166957992,1804.0,0.0,67.03108808290155,64.0,23.60215092946847,0.13020833333333334,9.347150259067357,8.0,12.111835837622364,0.10416666666666667
2024-01-01 00:21:42.000000,2024-01-01 00:21:48.000000,4,-14.414507772020725,-14.0,10.352847680468955,0.19270833333333334,592.7521221509812,1596.9999999999998,0.0,65.29015544041451,61.0,24.613232308317667,0.13541666666666666,8.27461139896373,8.0,10.483232046705718,0.10416666666666667
2024-01-01 00:21:44.000000,2024-01-01 00:21:50.000000,4,-17.481865284974095,-16.0,10.046295577770147,0.14583333333333334,540.1517794115557,1818.9999999999998,0.0,67.89637305699482,65.0,26.145419398563305,0.125,9.424870466321243,8.0,9.0136356836929,0.11979166666666667
2024-01-01 00:21:46.000000,2024-01-01 00:21:52.000000,4,-18.497409326424872,-17.0,11.328027719045107,0.13020833333333334,574.308757111333,2171.0,0.0,68.76683937823834,69.0,25.940889113121674,0.13020833333333334,11.248704663212436,11.0,10.401838323145748,0.17708333333333334
2024-01-01 00:21:48.000000,2024-01-01 00:21:54.000000,4,-18.243523316062177,-17.0,11.053740506645504,0.13541666666666666,613.0462615976115,2426.0,0.0,68.4041450777202,67.0,25.6909189415672,0.140625,12.569948186528498,12.0,10.342394976574234,0.15625
2024-01-01 00:21:50.000000,2024-01-01 00:21:56.000000,4,-18.94300518134715,-18.0,11.266740567048725,0.125,557.3730734642148,2683.0,0.0,65.01554404145078,64.0,24.317234261411233,0.13541666666666666,13.901554404145077,12.0,10.179413849590922,0.13020833333333334
2024-01-01 00:21:52.000000,2024-01-01 00:21:58.000000,4,-17.932642487046632,-17.0,9.67011190912807,0.19270833333333334,497.07100774550685,2793.0,0.0,63.41968911917098,61.0,24.738318495528002,0.13020833333333334,14.471502590673575,13.0,8.814078837365553,0.13020833333333334
2024-01-01 00:21:54.000000,2024-01-01 00:22:00.000000,4,-17.968911917098445,-18.0,9.850923569091178,0.1875,593.5056822309717,2843.0,0.0,63.17616580310881,61.0,25.062215331165348,0.125,14.73056994818653,14.0,8.56226874301629,0.13541666666666666
2024-01-01 00:21:56.000000,2024-01-01 00:22:02.000000,4,-16.740932642487046,-16.0,8.563198460601486,0.17708333333333334,552.0859377954248,3017.0,0.0,62.23834196891192,58.0,25.204066746657134,0.109375,15.632124352331607,15.0,8.296862116755703,0.13020833333333334
2024-01-01 00:21:58.000000,2024-01-01 00:22:04.000000,4,-15.367875647668393,-15.0,8.957329642130476,0.16666666666666666,499.4535464135684,3024.0,0.0,62.994818652849744,59.0,23.979265654876716,0.13020833333333334,15.66839378238342,15.0,8.342529468180567,0.13541666666666666
2024-01-01 00:22:00.000000,2024-01-01 00:22:06.000000,4,-15.238341968911918,-15.0,8.807263890483513,0.15625,533.0127080794165,2833.0,0.0,62.74611398963731,60.0,22.556706271996035,0.140625,14.678756476683938,14.0,8.96639643961065,0.140625
2024-01-01 00:22:02.000000,2024-01-01 00:22:08.000000,4,-14.683937823834198,-14.0,7.9181095858027035,0.13020833333333334,661.6463398851208,2595.0,0.0,64.86528497409327,63.0,22.631386921859395,0.14583333333333334,13.44559585492228,13.0,9.10405094028565,0.11979166666666667
2024-01-01 00:22:04.000000,2024-01-01 00:22:10.000000,4,-15.424870466321243,-15.0,7.809302886408957,0.13020833333333334,642.8079168729791,2514.0,0.0,65.06735751295336,63.0,23.44964955676439,0.13541666666666666,13.025906735751295,11.0,9.654141616188525,0.11458333333333333
2024-01-01 00:22:06.000000,2024-01-01 00:22:12.000000,4,-14.937823834196891,-15.0,7.481662960619381,0.171875,832.767052091864,2358.0,0.0,66.17098445595855,65.0,24.83144821350469,0.13541666666666666,12.217616580310882,11.0,10.529932559441697,0.13541666666666666
2024-01-01 00:22:08.000000,2024-01-01 00:22:14.000000,4,-13.528497409326425,-13.0,8.626537684260237,0.140625,644.4365337127405,2358.0,0.0,65.91709844559585,64.0,25.384611641776193,0.125,12.217616580310882,12.0,9.76837480715482,0.14583333333333334
2024-01-01 00:22:10.000000,2024-01-01 00:22:16.000000,4,-11.49740932642487,-11.0,8.526994116927778,0.14583333333333334,554.0878537486196,2239.0,0.0,66.21761658031087,63.0,24.08090314695562,0.13541666666666666,11.601036269430052,12.0,9.02377640387988,0.140625
2024-01-01 00:22:12.000000,2024-01-01 00:22:18.000000,4,-11.072538860103627,-10.0,8.35507095769494,0.125,433.0469442370184,2452.0,0.0,63.73575129533679,59.0,23.71966520149805,0.109375,12.704663212435234,12.0,7.918913870676435,0.11979166666666667
2024-01-01 00:22:14.000000,2024-01-01 00:22:20.000000,4,-11.590673575129534,-11.0,7.506477484908185,0.11979166666666667,525.8234734289651,2525.0,0.0,63.134715025906736,59.0,22.01638800243071,0.10416666666666667,13.082901554404145,12.0,7.72532145202599,0.125
2024-01-01 00:22:16.000000,2024-01-01 00:22:22.000000,4,-12.015544041450777,-12.0,9.640667272429104,0.08854166666666667,486.8149357798487,2433.0,0.0,63.005181347150256,58.0,22.466293597605652,0.109375,12.606217616580311,12.0,8.790996974550895,0.11458333333333333
2024-01-01 00:22:18.000000,2024-01-01 00:22:24.000000,4,-11.077720207253886,-12.0,9.378009016246908,0.15104166666666666,718.892195988992,2428.0,0.0,64.49740932642487,60.0,23.269956567860646,0.140625,12.580310880829016,11.0,9.459619547644774,0.08854166666666667
2024-01-01 00:22:20.000000,2024-01-01 00:22:26.000000,4,-11.652849740932643,-13.0,10.038400471398807,0.13541666666666666,689.4226771683135,2279.0000000000005,0.0,62.601036269430054,57.0,23.042338725063324,0.13541666666666666,11.808290155440414,11.0,9.843014320591603,0.08333333333333333
2024-01-01 00:22:22.000000,2024-01-01 00:22:28.000000,4,-11.564766839378239,-12.0,9.210908505257665,0.16145833333333334,610.9395541832225,1985.0,0.0,65.41450777202073,63.0,23.98228940478768,0.15104166666666666,10.284974093264248,10.0,9.42053564274348,0.11979166666666667
2024-01-01 00:22:24.000000,2024-01-01 00:22:30.000000,4,-14.26943005181347,-14.0,12.392872119124249,0.171875,773.9206741927555,2323.0,0.0,66.3678756476684,64.0,25.666823676706137,0.13541666666666666,12.036269430051814,11.0,11.666535590183978,0.1875
2024-01-01 00:22:26.000000,2024-01-01 00:22:32.000000,4,-16.362694300518136,-15.0,14.829343693151186,0.16145833333333334,765.5188437876592,2494.0,0.0,65.85492227979275,65.0,30.300228428717656,0.140625,12.922279792746114,11.0,13.197978498320932,0.19270833333333334
2024-01-01 00:22:28.000000,2024-01-01 00:22:34.000000,4,-22.207253886010363,-22.0,18.95110345354806,0.15625,836.0705249382663,2737.0,0.0,66.1761658031088,64.0,30.42785271160344,0.140625,14.181347150259068,11.0,16.22155408478898,0.1875
2024-01-01 00:22:30.000000,2024-01-01 00:22:36.000000,4,-25.181347150259068,-25.0,23.477898832570187,0.14583333333333334,796.5669936246638,1792.9999999999995,0.0,57.69430051813472,59.0,37.780821008770026,0.09895833333333333,9.290155440414507,6.0,19.542388663190906,0.18229166666666666
2024-01-01 00:22:32.000000,2024-01-01 00:22:38.000000,4,-29.678756476683937,-30.0,27.060511176107937,0.19270833333333334,1075.9395511494129,1920.0000000000002,0.0,42.4300518134715,56.0,49.88744131059574,0.052083333333333336,9.94818652849741,7.0,22.577122669825723,0.140625
2024-01-01 00:22:34.000000,2024-01-01 00:22:40.000000,4,-25.968911917098445,-22.0,24.665028113317497,0.09375,1315.4661497917048,1820.0,0.0,42.27979274611399,56.0,49.17585849062683,0.057291666666666664,9.430051813471502,7.0,20.48745877811109,0.11979166666666667
2024-01-01 00:22:36.000000,2024-01-01 00:22:42.000000,4,-21.264248704663213,-17.0,19.85802777899046,0.14583333333333334,897.715100467779,1871.0,0.0,50.233160621761655,63.0,46.4915151181296,0.078125,9.694300518134716,9.0,16.309660310075483,0.125
2024-01-01 00:22:38.000000,2024-01-01 00:22:44.000000,4,-16.33160621761658,-16.0,8.245825080657145,0.1875,675.9711423890105,1464.0,0.0,67.74611398963731,68.0,25.51761642162343,0.16145833333333334,7.585492227979275,7.0,10.001780929497407,0.171875
2024-01-01 00:22:40.000000,2024-01-01 00:22:46.000000,4,-12.906735751295336,-14.0,11.203217832837908,0.20833333333333334,528.599753277477,1386.0,0.0,65.48186528497409,64.0,25.97175815193478,0.11979166666666667,7.181347150259067,7.0,10.34273417714423,0.1875
2024-01-01 00:22:42.000000,2024-01-01 00:22:48.000000,4,-13.621761658031089,-15.0,10.728027108019312,0.21875,497.1028884416083,1251.0,0.0,64.50259067357513,62.0,24.83112217903414,0.140625,6.481865284974093,6.0,10.453315494900364,0.15104166666666666
2024-01-01 00:22:44.000000,2024-01-01 00:22:50.000000,4,-11.27461139896373,-14.0,10.268389397161773,0.22395833333333334,460.55420184594834,1468.0,0.0,65.32124352331606,63.0,24.605648371439624,0.140625,7.606217616580311,7.0,9.914759762086844,0.140625
2024-01-01 00:22:46.000000,2024-01-01 00:22:52.000000,4,-13.357512953367875,-13.0,8.19753888568901,0.21354166666666666,449.9268618483241,1414.0,0.0,65.26424870466322,62.0,24.336564067355326,0.140625,7.3264248704663215,7.0,8.304251933359913,0.13020833333333334
2024-01-01 00:22:48.000000,2024-01-01 00:22:54.000000,4,-12.243523316062177,-12.0,9.351791941739771,0.22916666666666666,383.66328036275684,1624.0000000000002,0.0,64.29015544041451,61.0,25.48362947717375,0.11458333333333333,8.414507772020725,8.0,7.445230358759315,0.21354166666666666
2024-01-01 00:22:50.000000,2024-01-01 00:22:56.000000,4,-11.963730569948186,-12.0,10.637185687187003,0.20833333333333334,415.4843822118814,1446.9999999999998,0.0,64.44559585492227,61.0,25.857147500384674,0.125,7.4974093264248705,7.0,8.241235465842133,0.17708333333333334
2024-01-01 00:22:52.000000,2024-01-01 00:22:58.000000,4,-10.492227979274611,-11.0,9.830924407081707,0.203125,600.9087555145201,1840.0,0.0,65.39378238341969,60.0,26.428960651904127,0.13541666666666666,9.533678756476684,9.0,8.751794782620218,0.11979166666666667
2024-01-01 00:22:54.000000,2024-01-01 00:23:00.000000,4,-10.155440414507773,-11.0,8.91725176844861,0.18229166666666666,508.33488490952413,1808.0000000000002,0.0,66.92746113989638,62.0,25.19434713134643,0.15104166666666666,9.367875647668393,8.0,8.177994109261915,0.11979166666666667
2024-01-01 00:22:56.000000,2024-01-01 00:23:02.000000,4,-11.336787564766839,-12.0,7.982764248252469,0.1875,448.31760343892927,1729.0000000000002,0.0,65.65284974093264,62.0,24.77521242473708,0.140625,8.958549222797927,8.0,8.834611265789599,0.16145833333333334
2024-01-01 00:22:58.000000,2024-01-01 00:23:04.000000,4,-11.932642487046632,-12.0,8.55622469327022,0.15625,665.228750077887,1462.0,0.0,65.81865284974093,63.0,23.90766230574905,0.125,7.575129533678757,7.0,9.131892551474492,0.15625
2024-01-01 00:23:00.000000,2024-01-01 00:23:06.000000,4,-14.917098445595855,-14.0,10.312985739855664,0.15625,556.3044828656426,1703.0,0.0,64.56994818652849,63.0,19.56150898707633,0.13541666666666666,8.823834196891191,8.0,9.61336156810056,0.14583333333333334
2024-01-01 00:23:02.000000,2024-01-01 00:23:08.000000,4,-23.61139896373057,-21.0,20.682855083060304,0.10416666666666667,857.646951890253,1513.0,0.0,55.75647668393783,60.0,29.730872212593912,0.11458333333333333,7.839378238341969,8.0,11.677975335850485,0.11979166666666667
2024-01-01 00:23:04.000000,2024-01-01 00:23:10.000000,4,-25.33678756476684,-21.0,19.45067329708266,0.08333333333333333,1045.5254913825386,1716.0,0.0,54.35751295336787,60.0,28.19909975718581,0.08854166666666667,8.89119170984456,8.0,12.371993537553445,0.11458333333333333
2024-01-01 00:23:06.000000,2024-01-01 00:23:12.000000,4,-27.430051813471504,-23.0,20.613671851099237,0.078125,653.0463750821433,1817.0000000000002,0.0,51.424870466321245,59.0,26.801854007481317,0.0625,9.414507772020725,8.0,12.98573724367077,0.08854166666666667
2024-01-01 00:23:08.000000,2024-01-01 00:23:14.000000,4,-18.8860103626943,-17.0,12.380153015508013,0.09375,700.0836550918239,2041.0,0.0,60.9119170984456,61.0,11.093237098630178,0.16666666666666666,10.575129533678757,8.0,11.009740153080001,0.07291666666666667
2024-01-01 00:23:10.000000,2024-01-01 00:23:16.000000,4,-17.27979274611399,-15.0,15.162469289559075,0.07291666666666667,538.0347064255059,1640.0,0.0,62.60621761658031,61.0,12.951848432041002,0.14583333333333334,8.49740932642487,6.0,10.206270719682786,0.08854166666666667
2024-01-01 00:23:12.000000,2024-01-01 00:23:18.000000,4,-15.450777202072539,-16.0,11.107378924854906,0.13020833333333334,521.7663601921776,1477.0,0.0,64.98445595854922,64.0,13.950611054395393,0.18229166666666666,7.652849740932642,7.0,9.070826902264546,0.11979166666666667
2024-01-01 00:23:14.000000,2024-01-01 00:23:20.000000,4,-16.689119170984455,-18.0,11.523379122792035,0.14583333333333334,591.5778948883943,1446.0,0.0,64.08290155440415,64.0,13.13723112140199,0.18229166666666666,7.492227979274611,7.0,8.424987123496873,0.140625
2024-01-01 00:23:16.000000,2024-01-01 00:23:22.000000,4,-18.730569948186528,-19.0,7.2743805711758345,0.1875,755.3904825448121,1745.0,0.0,63.26424870466321,62.0,12.808591541272493,0.16145833333333334,9.041450777202073,9.0,7.784756871665927,0.09895833333333333
2024-01-01 00:23:18.000000,2024-01-01 00:23:24.000000,4,-16.60103626943005,-18.0,8.225430520883757,0.19270833333333334,637.4378970542562,2222.0,0.0,62.12435233160622,62.0,12.813366951165326,0.16666666666666666,11.512953367875648,12.0,9.314028850056737,0.109375
2024-01-01 00:23:20.000000,2024-01-01 00:23:26.000000,4,-16.435233160621763,-18.0,7.758543816908858,0.16666666666666666,530.0463657260461,2447.0,0.0,62.35751295336787,62.0,13.751956604390886,0.15625,12.678756476683938,12.0,8.235493212042364,0.11979166666666667
2024-01-01 00:23:22.000000,2024-01-01 00:23:28.000000,4,-16.435233160621763,-18.0,7.619000513555657,0.15104166666666666,681.4959919309307,2327.0,0.0,61.82383419689119,62.0,12.241921307772706,0.19270833333333334,12.05699481865285,12.0,10.144880958978675,0.11458333333333333
2024-01-01 00:23:24.000000,2024-01-01 00:23:30.000000,4,-18.00518134715026,-18.0,5.820668462225827,0.17708333333333334,926.211770745744,2048.0,0.0,62.46632124352332,62.0,10.092806609186155,0.19791666666666666,10.61139896373057,11.0,10.194937193866073,0.09895833333333333
2024-01-01 00:23:26.000000,2024-01-01 00:23:32.000000,4,-19.756476683937823,-19.0,6.392359699014826,0.13020833333333334,866.3173613414131,2074.0,0.0,61.41450777202073,62.0,6.828570257503257,0.203125,10.746113989637307,10.0,10.433958876721022,0.125
2024-01-01 00:23:28.000000,2024-01-01 00:23:34.000000,4,-18.72538860103627,-17.0,6.241847013911643,0.13541666666666666,508.48827609033907,1903.0,0.0,61.5699481865285,62.0,5.088439562852387,0.13020833333333334,9.860103626943005,7.0,8.285662440175718,0.08854166666666667
2024-01-01 00:23:30.000000,2024-01-01 00:23:36.000000,4,-18.559585492227978,-17.0,5.900902458716678,0.10416666666666667,282.6572087987039,1510.0,0.0,61.50259067357513,62.0,3.102627166900278,0.19791666666666666,7.823834196891192,6.0,5.216165958412325,0.06770833333333333
2024-01-01 00:23:32.000000,2024-01-01 00:23:38.000000,4,-22.248704663212436,-17.0,14.184069367928121,0.046875,443.9086222252832,1620.0,0.0,59.78238341968912,62.0,7.541848560292784,0.020833333333333332,8.393782383419689,6.0,9.509883164716749,0.041666666666666664
2024-01-01 00:23:34.000000,2024-01-01 00:23:40.000000,4,-24.59585492227979,-21.0,13.418829409782461,0.03125,444.13062907839844,1666.0,0.0,59.09326424870466,61.0,7.369108255188264,0.052083333333333336,8.632124352331607,7.0,9.45573041341188,0.0625
2024-01-01 00:23:36.000000,2024-01-01 00:23:42.000000,4,-25.751295336787564,-22.0,12.91762002721593,0.03125,435.17240120619437,1661.0,0.0,58.766839378238345,60.0,7.264535634111429,0.03125,8.606217616580311,7.0,9.459913379090564,0.0625
2024-01-01 00:23:38.000000,2024-01-01 00:23:44.000000,4,-21.383419689119172,-21.0,1.1762115717358501,0.11979166666666667,19.727780910896872,1258.0,0.0,60.704663212435236,61.0,0.6380545100995482,0.2708333333333333,6.518134715025907,7.0,0.6621718074568501,0.3958333333333333
2024-01-01 00:23:40.000000,2024-01-01 00:23:46.000000,4,-20.378238341968913,-20.0,1.1487960206511443,0.19270833333333334,22.717954960516096,1263.0,0.0,60.994818652849744,61.0,0.5636322800818437,0.15104166666666666,6.544041450777202,7.0,0.5945746364190828,0.4166666666666667
2024-01-01 00:23:42.000000,2024-01-01 00:23:48.000000,4,-19.958549222797927,-20.0,0.8946263005392711,0.171875,19.926486352470825,1280.0,0.0,61.082901554404145,61.0,0.46026246548354227,0.22916666666666666,6.632124352331606,7.0,0.5813097147441788,0.4166666666666667
2024-01-01 00:23:44.000000,2024-01-01 00:23:50.000000,4,-19.65284974093264,-20.0,0.7696757049863846,0.25,26.13049993258238,1301.0,0.0,61.1139896373057,61.0,0.4299480829806335,0.22916666666666666,6.740932642487047,7.0,0.5730339218996292,0.328125
2024-01-01 00:23:46.000000,2024-01-01 00:23:52.000000,4,-19.746113989637305,-20.0,0.5616177594877335,0.2552083333333333,16.28440363306303,1325.0,0.0,61.067357512953365,61.0,0.2712274600044191,0.125,6.865284974093265,7.0,0.4114089695689631,0.21875
2024-01-01 00:23:48.000000,2024-01-01 00:23:54.000000,4,-19.7720207253886,-20.0,0.5588721525550859,0.2760416666666667,9.467709227680134,1343.0,0.0,61.04663212435233,61.0,0.25597353867991474,0.09375,6.958549222797927,7.0,0.3033527390402904,0.10416666666666667
2024-01-01 00:23:50.000000,2024-01-01 00:23:56.000000,4,-19.89637305699482,-20.0,0.7566629765646183,0.25,20.755313022820943,1369.0,0.0,61.020725388601036,61.0,0.4325138391668085,0.09375,7.0932642487046635,7.0,0.4804579170096701,0.13541666666666666
2024-01-01 00:23:52.000000,2024-01-01 00:23:58.000000,4,-20.036269430051814,-20.0,0.745633518356054,0.19270833333333334,16.905759849734498,1375.0000000000002,0.0,61.005181347150256,61.0,0.4506639699564681,0.10416666666666667,7.124352331606218,7.0,0.45078371593173366,0.14583333333333334
2024-01-01 00:23:54.000000,2024-01-01 00:24:00.000000,4,-20.06217616580311,-20.0,0.7189904887901071,0.19791666666666666,15.870985710085817,1383.0,0.0,61.015544041450774,61.0,0.4387088529830071,0.10416666666666667,7.16580310880829,7.0,0.4715571529856709,0.21875
2024-01-01 00:23:56.000000,2024-01-01 00:24:02.000000,4,-20.145077720207254,-20.0,0.407851483348749,0.21875,12.750097757618036,1380.0,0.0,61.005181347150256,61.0,0.21644402005351346,0.052083333333333336,7.150259067357513,7.0,0.35825449990364255,0.25
2024-01-01 00:23:58.000000,2024-01-01 00:24:04.000000,4,-15.901554404145077,-20.0,7.960556910244629,0.005208333333333333,677.9654994240705,2123.0,0.0,60.715025906735754,61.0,1.4918640899448619,0.0625,11.0,7.0,7.199537022151725,0.005208333333333333
2024-01-01 00:24:00.000000,2024-01-01 00:24:06.000000,4,-14.870466321243523,-18.0,7.745886562271524,0.041666666666666664,720.0329505479848,2054.0,0.0,60.994818652849744,61.0,1.7455222753711663,0.14583333333333334,10.642487046632125,7.0,7.535448036826793,0.010416666666666666
2024-01-01 00:24:02.000000,2024-01-01 00:24:08.000000,4,-14.316062176165802,-18.0,7.453928007843511,0.0625,781.4216808265402,1965.0,0.0,61.170984455958546,62.0,1.8047355429440168,0.3072916666666667,10.181347150259068,6.0,7.775044496704422,0.010416666666666666
2024-01-01 00:24:04.000000,2024-01-01 00:24:10.000000,4,-17.911917098445596,-18.0,2.388669642239841,0.203125,64.04058345595105,1146.0000000000002,0.0,61.69430051813472,62.0,0.9269229184341488,0.390625,5.937823834196891,6.0,1.6696648335231752,0.24479166666666666
2024-01-01 00:24:06.000000,2024-01-01 00:24:12.000000,4,-16.647668393782382,-19.0,6.522413859617563,0.06770833333333333,195.49363164260495,1227.0,0.0,61.55440414507772,62.0,0.9939367132683693,0.40625,6.357512953367876,6.0,3.3806523703347686,0.140625
2024-01-01 00:24:08.000000,2024-01-01 00:24:14.000000,4,-15.248704663212436,-18.0,7.166204748739994,0.06770833333333333,281.6009176153933,1267.0,0.0,61.803108808290155,62.0,1.662262098760028,0.34375,6.564766839378239,5.0,4.0178251362598285,0.11458333333333333
2024-01-01 00:24:10.000000,2024-01-01 00:24:16.000000,4,-10.715025906735752,-12.0,8.22132846906145,0.046875,512.3754687606591,1740.0,0.0,62.15544041450777,62.0,1.7873059154026114,0.3229166666666667,9.015544041450777,9.0,5.047149240678906,0.06770833333333333
2024-01-01 00:24:12.000000,2024-01-01 00:24:18.000000,4,-12.005181347150259,-10.0,10.65388104622678,0.046875,650.0873485076464,1556.0,0.0,61.30569948186528,63.0,4.1601806166782165,0.19791666666666666,8.062176165803109,11.0,8.350790221468305,0.09895833333333333
2024-01-01 00:24:14.000000,2024-01-01 00:24:20.000000,4,-19.678756476683937,-12.0,16.460192337239842,0.026041666666666668,1336.524833209355,683.0000000000001,0.16580310880829016,58.3419689119171,61.0,6.400451665301584,0.06770833333333333,3.538860103626943,10.0,12.480809967460795,0.036458333333333336
2024-01-01 00:24:16.000000,2024-01-01 00:24:22.000000,4,-30.23316062176166,-35.0,14.057268984856481,0.09895833333333333,1082.3058836976743,877.0,0.3316062176165803,54.58549222797927,53.0,6.979448767273198,0.14583333333333334,-4.544041450777202,-9.0,12.720938212186747,0.052083333333333336
2024-01-01 00:24:18.000000,2024-01-01 00:24:24.000000,4,-30.730569948186528,-34.0,11.743790388724609,0.09895833333333333,1780.315511935077,326.0,-0.16580310880829016,53.73056994818653,53.0,5.937166498224036,0.19270833333333334,1.689119170984456,-6.0,17.91928476272419,0.036458333333333336
2024-01-01 00:24:20.000000,2024-01-01 00:24:26.000000,4,-31.186528497409327,-35.0,12.103994901411781,0.08854166666666667,2210.17523994078,504.0,-0.16580310880829016,52.50259067357513,52.0,5.727423388411308,0.18229166666666666,2.61139896373057,-9.0,18.314932279068717,0.010416666666666666
2024-01-01 00:24:22.000000,2024-01-01 00:24:28.000000,4,-29.259067357512954,-31.0,13.599373191768102,0.078125,2497.779794819138,1058.0000000000002,0.16580310880829016,52.21761658031088,52.0,5.799991066635963,0.16666666666666666,5.481865284974093,14.0,21.401930711252593,0.020833333333333332
2024-01-01 00:24:24.000000,2024-01-01 00:24:30.000000,4,-29.010362694300518,-30.0,13.656877707658307,0.09375,2306.48733005995,866.0000000000001,-0.16580310880829016,52.79274611398964,53.0,6.193793030694615,0.14583333333333334,4.487046632124352,15.0,20.44201881957086,0.020833333333333332
2024-01-01 00:24:26.000000,2024-01-01 00:24:32.000000,4,-24.89119170984456,-25.0,11.190750232219946,0.21875,1797.706299578887,1271.0,-0.16580310880829016,55.86010362694301,57.0,5.7351360407467435,0.11979166666666667,6.585492227979275,9.0,18.213553701250195,0.041666666666666664
2024-01-01 00:24:28.000000,2024-01-01 00:24:34.000000,4,-26.10880829015544,-27.0,8.754378376557122,0.19270833333333334,1671.3673538251264,511.0,-0.16580310880829016,56.50777202072539,57.0,4.274584739802771,0.14583333333333334,2.6476683937823835,2.0,15.481851177732738,0.046875
2024-01-01 00:24:30.000000,2024-01-01 00:24:36.000000,4,-32.35751295336787,-34.0,6.627881294127876,0.08854166666666667,1139.1896012189993,634.0,0.16580310880829016,54.3419689119171,53.0,4.323765510122908,0.15104166666666666,-3.284974093264249,-2.0,11.731218683333818,0.041666666666666664
2024-01-01 00:24:32.000000,2024-01-01 00:24:38.000000,4,-36.119170984455955,-36.0,6.362430037007902,0.10416666666666667,918.5555027875644,902.0,0.3316062176165803,51.96373056994819,52.0,3.496088673126399,0.11458333333333333,-4.6735751295336785,-6.0,11.321171913986845,0.046875
2024-01-01 00:24:34.000000,2024-01-01 00:24:40.000000,4,-28.44559585492228,-32.0,13.651098619646547,0.015625,890.4514172963251,1153.0,0.0,54.83937823834197,54.0,5.4083368926808095,0.109375,5.974093264248705,8.0,11.375428212251611,0.036458333333333336
2024-01-01 00:24:36.000000,2024-01-01 00:24:42.000000,4,-21.419689119170986,-18.0,13.192683653684076,0.07291666666666667,1229.23996297137,1470.0,0.0,58.0880829015544,61.0,5.32364154751471,0.057291666666666664,7.616580310880829,11.0,9.729044505747655,0.03125
2024-01-01 00:24:38.000000,2024-01-01 00:24:44.000000,4,-11.958549222797927,-10.0,5.541354186263186,0.078125,737.6091339084808,3055.0,0.0,60.69430051813472,61.0,1.6023480989010508,0.11458333333333333,15.82901554404145,17.0,8.302032103445045,0.09895833333333333
2024-01-01 00:24:40.000000,2024-01-01 00:24:46.000000,4,-10.191709844559586,-9.0,5.533942017107209,0.08854166666666667,990.5406466903167,3520.0,0.0,60.031088082901555,60.0,1.8283266932934403,0.140625,18.238341968911918,23.0,9.268291674842144,0.015625
2024-01-01 00:24:42.000000,2024-01-01 00:24:48.000000,4,-12.072538860103627,-8.0,10.849583434773773,0.052083333333333336,530.0124366419784,4126.0,0.0,58.196891191709845,59.0,2.926636058396641,0.203125,21.378238341968913,24.0,6.79973521276605,0.0625
2024-01-01 00:24:44.000000,2024-01-01 00:24:50.000000,4,-18.015544041450777,-13.0,12.900450849654534,0.036458333333333336,851.4949289409923,3623.0,0.0,57.056994818652846,58.0,3.302755365627515,0.1875,18.7720207253886,22.0,8.144517875002476,0.08333333333333333
2024-01-01 00:24:46.000000,2024-01-01 00:24:52.000000,4,-20.39896373056995,-19.0,11.279193555121132,0.11458333333333333,725.122149531191,3463.0,0.0,57.067357512953365,58.0,3.310435168029594,0.19791666666666666,17.94300518134715,21.0,7.813707592335072,0.13020833333333334
2024-01-01 00:24:48.000000,2024-01-01 00:24:54.000000,4,-20.704663212435232,-21.0,7.5643647160788285,0.13541666666666666,1035.401795343799,2729.0,0.0,58.58031088082902,59.0,2.9217264279046433,0.11979166666666667,14.139896373056995,17.0,8.240279247242706,0.041666666666666664
2024-01-01 00:24:50.000000,2024-01-01 00:24:56.000000,4,-20.533678756476682,-22.0,7.0791768766172085,0.09375,866.2327212388501,1804.0000000000002,0.0,59.26943005181347,60.0,2.6614430974505514,0.078125,9.347150259067357,7.0,10.764462396740782,0.036458333333333336
2024-01-01 00:24:52.000000,2024-01-01 00:24:58.000000,4,-23.60621761658031,-22.0,5.938080032571951,0.0625,814.9459009165344,680.0,-0.3316062176165803,59.20725388601036,60.0,3.1055308897322496,0.09375,3.523316062176166,6.0,8.713658183935115,0.0625
2024-01-01 00:24:54.000000,2024-01-01 00:25:00.000000,4,-25.259067357512954,-23.0,9.098719756591088,0.13020833333333334,1019.7228807482912,902.0,0.16580310880829016,57.72538860103627,59.0,4.566890351038775,0.203125,4.6735751295336785,8.0,11.330828897571662,0.026041666666666668
2024-01-01 00:24:56.000000,2024-01-01 00:25:02.000000,4,-27.253886010362695,-27.0,10.754495083813653,0.11979166666666667,1332.5192116882986,416.00000000000006,0.16580310880829016,55.74611398963731,56.0,5.5633471197147735,0.13541666666666666,2.155440414507772,7.0,15.037338387113808,0.036458333333333336
2024-01-01 00:24:58.000000,2024-01-01 00:25:04.000000,4,-23.27979274611399,-19.0,13.108698446330287,0.07291666666666667,1657.78917117409,1402.0,-0.16580310880829016,56.373056994818654,58.0,5.80908945477772,0.125,7.2642487046632125,13.0,16.075266216701483,0.041666666666666664
2024-01-01 00:25:00.000000,2024-01-01 00:25:06.000000,4,-17.88082901554404,-12.0,12.485045026316637,0.057291666666666664,1506.1787753937103,1850.0,0.0,58.005181347150256,61.0,5.295927493255262,0.08854166666666667,9.585492227979275,17.0,15.438864544658852,0.015625
2024-01-01 00:25:02.000000,2024-01-01 00:25:08.000000,4,-10.196891191709845,-10.0,3.485474422749472,0.234375,123.98047147859845,3437.0,0.0,61.15025906735751,61.0,1.977269907397879,0.390625,17.808290155440414,17.0,2.647627412490542,0.3177083333333333
2024-01-01 00:25:04.000000,2024-01-01 00:25:10.000000,4,-9.181347150259068,-9.0,3.07429942031254,0.2760416666666667,88.22697072884002,3289.0,0.0,61.362694300518136,61.0,2.173001235527206,0.4479166666666667,17.041450777202073,17.0,2.3975556060878427,0.3229166666666667
2024-01-01 00:25:06.000000,2024-01-01 00:25:12.000000,4,-12.94818652849741,-10.0,8.992902833995961,0.13020833333333334,282.1586014193076,3033.0,0.0,60.362694300518136,61.0,3.4404240585916295,0.24479166666666666,15.715025906735752,17.0,5.207829854766796,0.171875
2024-01-01 00:25:08.000000,2024-01-01 00:25:14.000000,4,-17.077720207253886,-13.0,12.0553917304862,0.10416666666666667,557.1042242483695,2573.0,0.0,59.27979274611399,60.0,3.835749595166778,0.16666666666666666,13.33160621761658,15.0,6.468987395834151,0.08333333333333333
2024-01-01 00:25:10.000000,2024-01-01 00:25:16.000000,4,-20.2279792746114,-20.0,11.631487641293711,0.11979166666666667,746.5671725801725,2546.0000000000005,0.0,57.803108808290155,59.0,5.240327466069344,0.11979166666666667,13.191709844559586,11.0,10.55143817600416,0.07291666666666667
2024-01-01 00:25:12.000000,2024-01-01 00:25:18.000000,4,-20.922279792746114,-23.0,10.729106196486027,0.11458333333333333,1620.398752857011,3764.0,0.0,54.47150259067357,57.0,8.795149368712394,0.13541666666666666,19.502590673575128,14.0,15.153425201477969,0.020833333333333332
2024-01-01 00:25:14.000000,2024-01-01 00:25:20.000000,4,-20.518134715025905,-21.0,7.958285294956701,0.22395833333333334,1872.0257880075053,3435.0,0.0,55.37823834196891,59.0,9.020632773281328,0.041666666666666664,17.797927461139896,11.0,16.093658037113382,0.026041666666666668
2024-01-01 00:25:16.000000,2024-01-01 00:25:22.000000,4,-26.39378238341969,-24.0,8.52571860939376,0.0625,1828.9487032742472,1684.0000000000002,0.16580310880829016,53.86010362694301,56.0,8.271192099039027,0.109375,8.72538860103627,5.0,20.097735879407203,0.015625
2024-01-01 00:25:18.000000,2024-01-01 00:25:24.000000,4,-29.60103626943005,-31.0,6.861076731865977,0.06770833333333333,921.0659426560528,1031.0,0.0,56.15025906735751,55.0,4.035417733853737,0.036458333333333336,-5.341968911917099,-8.0,8.793768523971693,0.026041666666666668
2024-01-01 00:25:20.000000,2024-01-01 00:25:26.000000,4,-29.06217616580311,-32.0,9.765813534449517,0.11979166666666667,1136.2275606457097,934.0000000000001,-0.16580310880829016,55.21761658031088,55.0,3.4737558501412122,0.21875,-4.839378238341969,-9.0,13.299048510253115,0.041666666666666664
2024-01-01 00:25:22.000000,2024-01-01 00:25:28.000000,4,-19.678756476683937,-24.0,12.445314316866254,0.005208333333333333,1827.1781109622748,967.0,0.16580310880829016,57.994818652849744,58.0,3.1449321159314225,0.057291666666666664,5.010362694300518,6.0,15.31645004742508,0.005208333333333333
2024-01-01 00:25:24.000000,2024-01-01 00:25:30.000000,4,-14.077720207253886,-9.0,10.232157793388858,0.0625,1067.3961125205226,2765.0000000000005,0.0,59.27461139896373,60.0,2.8817363073462716,0.21875,14.32642487046632,19.0,12.472142966335461,0.020833333333333332
2024-01-01 00:25:26.000000,2024-01-01 00:25:32.000000,4,-12.32642487046632,-8.0,9.833095486131425,0.09375,779.6083210274714,3282.0,0.0,59.73056994818653,60.0,2.4087402020490254,0.2552083333333333,17.00518134715026,19.0,8.811390242964897,0.10416666666666667
2024-01-01 00:25:28.000000,2024-01-01 00:25:34.000000,4,-11.911917098445596,-7.0,10.014443369109008,0.09375,748.4763317505967,3494.0,0.0,59.476683937823836,60.0,2.1604217828453636,0.3072916666666667,18.10362694300518,22.0,9.146358411599518,0.07291666666666667
2024-01-01 00:25:30.000000,2024-01-01 00:25:36.000000,4,-14.129533678756477,-8.0,13.405487382744122,0.041666666666666664,1314.504752188802,2668.0,0.0,59.30569948186528,60.0,4.067761804324152,0.23958333333333334,13.823834196891191,19.0,13.324478250161722,0.041666666666666664
2024-01-01 00:25:32.000000,2024-01-01 00:25:38.000000,4,-19.10880829015544,-19.0,14.686075290103805,0.08854166666666667,2662.150791719519,119.00000000000009,0.16580310880829016,55.67875647668394,60.0,7.2169082793300445,0.03125,0.616580310880829,10.0,23.518346887656712,0.041666666666666664
2024-01-01 00:25:34.000000,2024-01-01 00:25:40.000000,4,-22.21761658031088,-20.0,12.421599992475093,0.14583333333333334,2743.300502096306,94.99999999999997,0.16580310880829016,55.10880829015544,58.0,6.911914165164203,0.041666666666666664,0.49222797927461137,10.0,23.52793534002552,0.041666666666666664
2024-01-01 00:25:36.000000,2024-01-01 00:25:42.000000,4,-24.60621761658031,-22.0,12.732437360532996,0.078125,2848.541047001606,410.00000000000006,-0.16580310880829016,53.32642487046632,55.0,6.4624053962936285,0.057291666666666664,-2.1243523316062176,-5.0,23.749234148182893,0.03125
2024-01-01 00:25:38.000000,2024-01-01 00:25:44.000000,4,-18.17098445595855,-15.0,12.815062246433515,0.08854166666666667,1520.6467656817154,1716.0000000000002,0.0,58.1139896373057,59.0,5.387820092955841,0.171875,8.89119170984456,11.0,14.861989237422556,0.06770833333333333
2024-01-01 00:25:40.000000,2024-01-01 00:25:46.000000,4,-18.16062176165803,-16.0,12.79363870359272,0.052083333333333336,902.5394215504349,844.9999999999999,-0.49740932642487046,59.27461139896373,61.0,5.7365992375051205,0.11458333333333333,4.3782383419689115,7.0,11.854892757720911,0.0625
2024-01-01 00:25:42.000000,2024-01-01 00:25:48.000000,4,-14.528497409326425,-16.0,5.590213390497295,0.052083333333333336,214.2203900805087,1444.0,0.0,62.02590673575129,62.0,1.426808914591043,0.1875,7.481865284974093,8.0,3.83798621274977,0.2760416666666667
2024-01-01 00:25:44.000000,2024-01-01 00:25:50.000000,4,-16.756476683937823,-17.0,3.0461334816871717,0.171875,138.570479052839,1685.0,0.0,61.626943005181346,62.0,1.0286011343614576,0.2604166666666667,8.73056994818653,9.0,1.9337862759279207,0.13541666666666666
2024-01-01 00:25:46.000000,2024-01-01 00:25:52.000000,4,-20.746113989637305,-18.0,14.315012440596714,0.046875,506.5254292523979,1276.9999999999998,0.0,60.538860103626945,61.0,6.328654473414452,0.06770833333333333,6.616580310880829,9.0,12.107510354933364,0.109375
2024-01-01 00:25:48.000000,2024-01-01 00:25:54.000000,4,-26.259067357512954,-21.0,15.327509078200364,0.06770833333333333,1193.082319940705,21.999999999999943,-0.16580310880829016,58.119170984455955,61.0,7.909072805486562,0.06770833333333333,0.11398963730569948,8.0,15.386258111944963,0.078125
2024-01-01 00:25:50.000000,2024-01-01 00:25:56.000000,4,-26.94300518134715,-27.0,15.503758458467901,0.09375,1486.9994307660365,184.99999999999994,-0.16580310880829016,57.32642487046632,58.0,8.068210262467042,0.10416666666666667,0.9585492227979274,3.0,17.088871316862416,0.08333333333333333
2024-01-01 00:25:52.000000,2024-01-01 00:25:58.000000,4,-28.471502590673577,-31.0,8.19047123703079,0.11458333333333333,1595.2713617851396,624.0,0.16580310880829016,55.53367875647668,55.0,5.802312348001023,0.140625,-3.233160621761658,-8.0,15.712009037016067,0.052083333333333336
2024-01-01 00:25:54.000000,2024-01-01 00:26:00.000000,4,-23.383419689119172,-26.0,10.306659190129714,0.078125,1819.3385955929598,697.0000000000001,0.16580310880829016,56.3160621761658,57.0,4.485927189123112,0.13020833333333334,3.61139896373057,11.0,18.192239491613087,0.026041666666666668
2024-01-01 00:25:56.000000,2024-01-01 00:26:02.000000,4,-19.39896373056995,-19.0,12.215572326087962,0.026041666666666668,2451.607287589264,1443.0,0.16580310880829016,56.60621761658031,58.0,4.1671286445100755,0.13541666666666666,7.476683937823834,16.0,19.678423182421387,0.010416666666666666
2024-01-01 00:25:58.000000,2024-01-01 00:26:04.000000,4,-10.989637305699482,-8.0,9.757470235086613,0.08854166666666667,1065.3778000490365,3323.0,0.0,59.0,60.0,3.6069955179715243,0.21354166666666666,17.21761658031088,21.0,13.517900960321358,0.140625
2024-01-01 00:26:00.000000,2024-01-01 00:26:06.000000,4,-6.637305699481865,-6.0,3.9545671111095566,0.18229166666666666,346.7991108357038,3794.0,0.0,60.89119170984456,61.0,2.9569084237760204,0.19791666666666666,19.6580310880829,18.0,5.154604561605909,0.140625
2024-01-01 00:26:02.000000,2024-01-01 00:26:08.000000,4,-3.3989637305699483,-5.0,5.307365063810166,0.13541666666666666,232.56699487210153,3348.0,0.0,61.72538860103627,62.0,2.6599318559713243,0.3541666666666667,17.34715025906736,17.0,4.102680102588984,0.23958333333333334
2024-01-01 00:26:04.000000,2024-01-01 00:26:10.000000,4,-9.761658031088082,-5.0,12.841792991502972,0.046875,871.1183299619738,2122.0,0.0,60.689119170984455,62.0,4.053899325456007,0.11458333333333333,10.994818652849741,15.0,9.553848160845117,0.046875
2024-01-01 00:26:06.000000,2024-01-01 00:26:12.000000,4,-16.124352331606218,-16.0,15.444628169427796,0.11979166666666667,1304.6856179012232,915.0000000000001,0.3316062176165803,59.18652849740933,61.0,5.260547427793904,0.06770833333333333,4.740932642487047,9.0,12.933533335570539,0.026041666666666668
2024-01-01 00:26:08.000000,2024-01-01 00:26:14.000000,4,-29.673575129533678,-34.0,11.548907603725043,0.052083333333333336,1068.2225113552008,1010.0000000000001,0.16580310880829016,54.73056994818653,53.0,6.760789847419246,0.046875,-5.233160621761658,-9.0,11.64726983657292,0.036458333333333336
2024-01-01 00:26:10.000000,2024-01-01 00:26:16.000000,4,-34.523316062176164,-39.0,10.15046824600353,0.06770833333333333,914.9948653469206,2255.0,0.0,51.362694300518136,49.0,6.3297459956622815,0.109375,-11.683937823834198,-15.0,11.058490376754897,0.06770833333333333
2024-01-01 00:26:12.000000,2024-01-01 00:26:18.000000,4,-36.84455958549223,-39.0,6.184379174061572,0.109375,625.5707886417787,2894.0,0.0,49.917098445595855,49.0,4.612411683396547,0.23958333333333334,-14.994818652849741,-16.0,8.919487915821376,0.125
2024-01-01 00:26:14.000000,2024-01-01 00:26:20.000000,4,-30.16062176165803,-34.0,14.043092297569851,0.14583333333333334,1130.744130025632,2214.0,0.0,53.10362694300518,51.0,6.688737214659451,0.06770833333333333,-11.471502590673575,-16.0,13.89358613718198,0.046875
2024-01-01 00:26:16.000000,2024-01-01 00:26:22.000000,4,-21.33160621761658,-25.0,14.803008070235625,0.0625,1219.1860716743345,644.0,0.16580310880829016,58.02590673575129,60.0,5.902361138738443,0.09375,-3.3367875647668392,1.0,14.19710739469528,0.041666666666666664
2024-01-01 00:26:18.000000,2024-01-01 00:26:24.000000,4,-22.357512953367877,-27.0,15.16271667992635,0.036458333333333336,1153.1180897749525,486.0,0.16580310880829016,58.12435233160622,59.0,5.184620457842848,0.046875,-2.518134715025907,-3.0,11.349602261867615,0.041666666666666664
2024-01-01 00:26:20.000000,2024-01-01 00:26:26.000000,4,-21.10880829015544,-21.0,13.064486496858477,0.020833333333333332,1133.8130781048244,95.00000000000003,0.16580310880829016,58.803108808290155,60.0,4.529140678426107,0.020833333333333332,0.49222797927461137,2.0,9.219046843234644,0.03125
2024-01-01 00:26:22.000000,2024-01-01 00:26:28.000000,4,-20.466321243523318,-16.0,12.915597621368446,0.005208333333333333,950.7603131614092,0.9999999999999947,-0.16580310880829016,59.10362694300518,62.0,4.712531753396501,0.005208333333333333,0.0051813471502590676,2.0,8.812572345640648,0.036458333333333336
2024-01-01 00:26:24.000000,2024-01-01 00:26:30.000000,4,-9.476683937823834,-8.0,9.817115442589337,0.078125,601.8963773419679,1555.0,0.0,62.03626943005181,62.0,2.4630034531771785,0.2916666666666667,8.05699481865285,8.0,7.731959195778352,0.08854166666666667
2024-01-01 00:26:26.000000,2024-01-01 00:26:32.000000,4,-3.533678756476684,-1.0,6.736108811257318,0.109375,708.5340381131703,2228.0,0.0,62.53367875647668,62.0,1.6330427378868906,0.3541666666666667,11.544041450777202,14.0,6.636340783765769,0.057291666666666664
2024-01-01 00:26:28.000000,2024-01-01 00:26:34.000000,4,-0.7823834196891192,0.0,4.307732935051066,0.22916666666666666,262.20404795962475,3159.0000000000005,0.0,61.97409326424871,62.0,1.6845969880329847,0.3802083333333333,16.367875647668395,17.0,4.483116957109489,0.234375
2024-01-01 00:26:30.000000,2024-01-01 00:26:36.000000,4,-7.8860103626943,-2.0,15.861623667016527,0.036458333333333336,962.5405656132658,2486.0,0.0,59.512953367875646,61.0,5.589339563224125,0.13020833333333334,12.880829015544041,17.0,11.829134906766727,0.11979166666666667
2024-01-01 00:26:32.000000,2024-01-01 00:26:38.000000,4,-21.523316062176164,-13.0,22.065969401164455,0.036458333333333336,2088.506666212601,597.9999999999999,0.16580310880829016,55.487046632124354,60.0,8.364177589758748,0.046875,3.098445595854922,13.0,23.091431664607622,0.026041666666666668
2024-01-01 00:26:34.000000,2024-01-01 00:26:40.000000,4,-31.077720207253886,-32.0,17.09438172155232,0.14583333333333334,1171.6680344313697,1718.0,0.0,52.870466321243526,53.0,7.307160321828986,0.15625,-8.901554404145077,-14.0,21.7290523567238,0.09375
2024-01-01 00:26:36.000000,2024-01-01 00:26:42.000000,4,-32.6839378238342,-31.0,12.583827295889776,0.171875,1042.8906223226916,1892.9999999999998,0.0,53.43523316062176,54.0,6.327618205841333,0.19791666666666666,-9.808290155440414,-12.0,20.314186690964803,0.125
2024-01-01 00:26:38.000000,2024-01-01 00:26:44.000000,4,-25.694300518134714,-28.0,7.543265391286787,0.11979166666666667,1960.2983357550124,44.99999999999996,0.16580310880829016,56.575129533678755,57.0,3.650885039504161,0.140625,-0.23316062176165803,-4.0,17.103622266816497,0.026041666666666668
2024-01-01 00:26:40.000000,2024-01-01 00:26:46.000000,4,-21.844559585492227,-21.0,8.199763966230968,0.19791666666666666,859.0374476636764,1971.0,0.0,58.56476683937824,59.0,3.151917748328467,0.23958333333333334,10.212435233160623,14.0,11.505499173275892,0.15625
2024-01-01 00:26:42.000000,2024-01-01 00:26:48.000000,4,-23.60621761658031,-21.0,11.159373988112552,0.13541666666666666,718.7953380791641,2091.0,0.0,57.575129533678755,59.0,4.717631281163105,0.07291666666666667,10.83419689119171,13.0,9.893888659935413,0.15625
2024-01-01 00:26:44.000000,2024-01-01 00:26:50.000000,0,-22.072538860103627,-18.0,11.526912453389997,0.08854166666666667,779.5790725326618,1743.0000000000002,0.0,58.409326424870464,61.0,4.968999318920616,0.09895833333333333,9.031088082901555,11.0,8.055734717003944,0.14583333333333334
2024-01-01 00:26:46.000000,2024-01-01 00:26:52.000000,0,-18.212435233160623,-14.0,13.025273940545441,0.057291666666666664,640.7012383955545,1592.0,0.0,59.44559585492228,62.0,5.143603813473837,0.046875,8.248704663212436,10.0,6.925218925603019,0.08854166666666667
2024-01-01 00:26:48.000000,2024-01-01 00:26:54.000000,0,-12.901554404145077,-14.0,5.402126092682723,0.125,220.50608450620945,2210.0,0.0,61.86010362694301,62.0,1.205937563007387,0.17708333333333334,11.450777202072539,11.0,2.9683946133071446,0.15104166666666666
2024-01-01 00:26:50.000000,2024-01-01 00:26:56.000000,0,-14.347150259067357,-16.0,6.018954839298343,0.07291666666666667,148.9419402322111,2274.0,0.0,61.4559585492228,62.0,1.4139845584751711,0.19791666666666666,11.782383419689118,11.0,2.3814168835080083,0.203125
2024-01-01 00:26:52.000000,2024-01-01 00:26:58.000000,0,-19.17098445595855,-19.0,3.096837695666141,0.09895833333333333,135.14789540255074,2388.0,0.0,60.38341968911917,60.0,1.3761868798066585,0.1875,12.373056994818652,12.0,2.3486918969807453,0.19791666666666666
2024-01-01 00:26:54.000000,2024-01-01 00:27:00.000000,0,-19.04663212435233,-19.0,3.9041779910549224,0.09895833333333333,323.9329299998509,2286.0000000000005,0.0,60.310880829015545,60.0,1.3176429995510832,0.22916666666666666,11.844559585492227,13.0,4.7704258127795205,0.09375
2024-01-01 00:26:56.000000,2024-01-01 00:27:02.000000,0,-18.83419689119171,-21.0,5.11874328475248,0.109375,557.507306306156,2245.0,0.0,60.2279792746114,60.0,2.066560286136091,0.2916666666666667,11.632124352331607,13.0,6.615512400244541,0.0625
2024-01-01 00:26:58.000000,2024-01-01 00:27:04.000000,0,-20.575129533678755,-21.0,8.704393233975319,0.15104166666666666,808.6385507402296,2154.0,0.0,59.119170984455955,60.0,3.301088099776655,0.140625,11.160621761658032,13.0,7.864086593160854,0.078125
2024-01-01 00:27:00.000000,2024-01-01 00:27:06.000000,0,-21.637305699481864,-23.0,13.85764894812979,0.171875,699.3304378025165,2121.0,0.0,59.17616580310881,59.0,7.216160380634069,0.16666666666666666,10.989637305699482,10.0,9.696965610708729,0.10416666666666667
2024-01-01 00:27:02.000000,2024-01-01 00:27:08.000000,0,-20.979274611398964,-24.0,17.758201904690054,0.10416666666666667,721.6283089038543,1345.0,0.0,61.62176165803109,58.0,12.453118041829148,0.09895833333333333,6.9689119170984455,8.0,13.307229682798091,0.140625
2024-01-01 00:27:04.000000,2024-01-01 00:27:10.000000,0,-19.05699481865285,-21.0,19.18419122624619,0.16145833333333334,965.4228022568378,494.00000000000006,-1.1606217616580312,64.26943005181347,60.0,15.033294583278602,0.11458333333333333,2.5595854922279795,2.0,16.52295826501079,0.140625
2024-01-01 00:27:06.000000,2024-01-01 00:27:12.000000,0,-19.238341968911918,-19.0,16.71405288681599,0.19270833333333334,809.6444743034089,537.0000000000001,-1.1606217616580312,64.37823834196891,61.0,13.93986127251859,0.11979166666666667,2.7823834196891193,4.0,15.714056224912897,0.078125
2024-01-01 00:27:08.000000,2024-01-01 00:27:14.000000,0,-20.60621761658031,-20.0,12.297965731774363,0.19270833333333334,685.1775025962804,1239.0,0.0,61.865284974093264,61.0,9.925371899341679,0.234375,6.419689119170984,9.0,13.224229101142978,0.046875
2024-01-01 00:27:10.000000,2024-01-01 00:27:16.000000,0,-20.78238341968912,-21.0,6.4383535452052385,0.15625,174.43693894157178,1920.0,0.0,60.61139896373057,61.0,2.8246081238891523,0.265625,9.94818652849741,9.0,5.002854323452998,0.24479166666666666
2024-01-01 00:27:12.000000,2024-01-01 00:27:18.000000,0,-15.875647668393782,-19.0,7.350954991828102,0.015625,611.8477181634864,2482.0,0.0,60.63212435233161,61.0,3.14318113558901,0.2604166666666667,12.860103626943005,10.0,5.833283986961277,0.026041666666666668
2024-01-01 00:27:14.000000,2024-01-01 00:27:20.000000,0,-11.937823834196891,-8.0,7.103862610554698,0.015625,463.7267382570766,2943.0,0.0,60.97409326424871,62.0,3.1613473412597077,0.1875,15.248704663212436,16.0,5.3375937619427525,0.036458333333333336
2024-01-01 00:27:16.000000,2024-01-01 00:27:22.000000,0,-7.9067357512953365,-8.0,3.354351374461329,0.25,203.41436983643192,3478.0,0.0,61.22279792746114,62.0,3.328710092637841,0.3541666666666667,18.020725388601036,17.0,3.632834277494295,0.11979166666666667
2024-01-01 00:27:18.000000,2024-01-01 00:27:24.000000,0,-9.787564766839377,-8.0,5.025088180942913,0.21875,116.26839833501491,3323.0,0.0,61.38341968911917,62.0,2.9044030358782256,0.3645833333333333,17.21761658031088,17.0,3.849283011989419,0.3072916666666667
2024-01-01 00:27:20.000000,2024-01-01 00:27:26.000000,0,-9.642487046632125,-9.0,5.366918151886626,0.2708333333333333,129.46864920646078,3371.0,0.0,61.39378238341969,61.0,2.998326389820891,0.4270833333333333,17.466321243523318,17.0,4.5472239059047626,0.4479166666666667
2024-01-01 00:27:22.000000,2024-01-01 00:27:28.000000,0,-10.093264248704664,-10.0,4.810102889753737,0.3229166666666667,137.2536403106582,3352.0,0.0,61.3419689119171,61.0,2.605513037105845,0.3802083333333333,17.367875647668395,17.0,4.03169786208275,0.3854166666666667
2024-01-01 00:27:24.000000,2024-01-01 00:27:30.000000,0,-9.580310880829016,-10.0,2.4055114465569267,0.109375,65.98974772433303,3339.0000000000005,0.0,61.362694300518136,61.0,0.9259325225249585,0.375,17.300518134715027,17.0,2.550091857196156,0.3125
2024-01-01 00:27:26.000000,2024-01-01 00:27:32.000000,0,-11.05699481865285,-11.0,2.708371528892349,0.171875,74.31974904648432,3357.0,0.0,61.07253886010363,61.0,2.095362508362402,0.3020833333333333,17.39378238341969,17.0,2.614136786760856,0.2604166666666667
2024-01-01 00:27:28.000000,2024-01-01 00:27:34.000000,0,-18.124352331606218,-12.0,10.388549271122955,0.015625,830.0938583934989,2395.0,0.0,59.29015544041451,61.0,4.006343469617373,0.11979166666666667,12.409326424870466,17.0,8.846687001250814,0.046875
2024-01-01 00:27:30.000000,2024-01-01 00:27:36.000000,0,-21.647668393782382,-21.0,9.88212861125905,0.0625,1098.4857618771441,1221.0000000000002,0.0,59.02590673575129,60.0,4.436396850157771,0.1875,6.3264248704663215,6.0,10.542679933143738,0.11979166666666667
2024-01-01 00:27:32.000000,2024-01-01 00:27:38.000000,0,-23.29015544041451,-21.0,8.180818296267542,0.09895833333333333,435.25018164806625,326.0000000000001,-0.6632124352331606,59.424870466321245,61.0,4.201413838024283,0.11458333333333333,1.689119170984456,3.0,6.535698106624313,0.08333333333333333
2024-01-01 00:27:34.000000,2024-01-01 00:27:40.000000,0,-17.844559585492227,-17.0,5.716996219044271,0.21354166666666666,349.1478652632854,450.0,0.0,61.53367875647668,62.0,2.9155037158437023,0.21354166666666666,2.33160621761658,4.0,5.83487057218305,0.140625
2024-01-01 00:27:36.000000,2024-01-01 00:27:42.000000,0,-14.466321243523316,-15.0,3.4596115269056495,0.171875,457.3318460662364,1225.0000000000002,0.0,62.284974093264246,62.0,2.0505670263450737,0.3020833333333333,6.347150259067358,5.0,4.750954362811009,0.09375
2024-01-01 00:27:38.000000,2024-01-01 00:27:44.000000,0,-14.590673575129534,-15.0,3.3962779967831733,0.125,412.1891748655366,1317.0,0.0,62.30569948186528,62.0,2.050106362294033,0.3229166666666667,6.823834196891192,6.0,4.547212036588959,0.15104166666666666
2024-01-01 00:27:40.000000,2024-01-01 00:27:46.000000,0,-15.803108808290155,-17.0,3.673184170667293,0.078125,297.7986344630312,1380.0,0.0,61.984455958549226,62.0,1.7031731535633694,0.2864583333333333,7.150259067357513,6.0,3.7781185291140003,0.06770833333333333
2024-01-01 00:27:42.000000,2024-01-01 00:27:48.000000,0,-17.575129533678755,-18.0,2.386115023423774,0.24479166666666666,146.36890274691137,1035.0,0.0,61.818652849740936,62.0,1.2923106924165038,0.3333333333333333,5.362694300518135,5.0,2.1753967537599737,0.234375
2024-01-01 00:27:44.000000,2024-01-01 00:27:50.000000,0,-14.865284974093264,-17.0,5.266095075123675,0.078125,527.4782087538467,1600.0,0.0,61.80829015544042,62.0,2.8685677463450885,0.359375,8.290155440414507,7.0,4.916888039862792,0.046875
2024-01-01 00:27:46.000000,2024-01-01 00:27:52.000000,0,-12.202072538860104,-11.0,4.99224355197247,0.16666666666666666,592.8352583254828,2263.0,0.0,61.84974093264249,62.0,3.141326092597606,0.3072916666666667,11.72538860103627,12.0,5.783618026669035,0.10416666666666667
2024-01-01 00:27:48.000000,2024-01-01 00:27:54.000000,0,-13.683937823834198,-11.0,7.1098963480100945,0.109375,840.9168003228666,2005.0,0.0,61.2279792746114,61.0,3.4429645292346858,0.265625,10.38860103626943,13.0,9.321194186022538,0.078125
2024-01-01 00:27:50.000000,2024-01-01 00:27:56.000000,0,-17.072538860103627,-18.0,6.252909512761564,0.09895833333333333,707.9633576427032,1851.0,0.0,60.82383419689119,61.0,2.2661576818555287,0.2708333333333333,9.590673575129534,11.0,8.953195196768219,0.078125
2024-01-01 00:27:52.000000,2024-01-01 00:27:58.000000,0,-21.860103626943005,-21.0,5.904281108303718,0.09375,1079.1307837445247,641.0000000000001,0.16580310880829016,59.74611398963731,60.0,2.7562047289292613,0.20833333333333334,3.321243523316062,7.0,10.255101093874988,0.041666666666666664
2024-01-01 00:27:54.000000,2024-01-01 00:28:00.000000,0,-17.259067357512954,-18.0,8.780021898737743,0.09895833333333333,815.2898705885027,1215.0,0.0,60.704663212435236,61.0,3.959538722022015,0.17708333333333334,6.295336787564767,10.0,8.96874370008746,0.0625
2024-01-01 00:27:56.000000,2024-01-01 00:28:02.000000,0,-14.471502590673575,-11.0,9.111603540795036,0.08854166666666667,895.1608443975748,1428.0,0.0,61.10880829015544,62.0,4.224627095172338,0.28125,7.398963730569948,10.0,9.758084199979326,0.08333333333333333
2024-01-01 00:27:58.000000,2024-01-01 00:28:04.000000,0,-9.284974093264248,-10.0,4.207710200279204,0.20833333333333334,406.71323953268586,2681.0,0.0,62.12435233160622,62.0,3.5170829710451703,0.2708333333333333,13.89119170984456,14.0,4.208569522604753,0.20833333333333334
2024-01-01 00:28:00.000000,2024-01-01 00:28:06.000000,0,-9.435233160621761,-9.0,3.6780885650332014,0.16145833333333334,217.65145104039703,2917.000000000001,0.0,61.83937823834197,62.0,2.1286986505215597,0.3072916666666667,15.1139896373057,15.0,2.987379903425752,0.22395833333333334
2024-01-01 00:28:02.000000,2024-01-01 00:28:08.000000,0,-9.55958549222798,-10.0,3.595110080923128,0.21875,130.38305157137145,2931.0,0.0,61.81347150259067,62.0,1.7548815458796891,0.2864583333333333,15.186528497409327,15.0,2.8570863783586278,0.24479166666666666
2024-01-01 00:28:04.000000,2024-01-01 00:28:10.000000,0,-12.984455958549223,-11.0,5.9314457589207565,0.08854166666666667,685.3106383739821,2030.0,0.0,61.7720207253886,62.0,1.6832027258280229,0.359375,10.518134715025907,13.0,6.266722016806235,0.026041666666666668
2024-01-01 00:28:06.000000,2024-01-01 00:28:12.000000,0,-16.590673575129532,-16.0,6.38629033410113,0.18229166666666666,583.2684773474762,1409.0,0.0,61.347150259067355,62.0,2.174354469150086,0.4114583333333333,7.300518134715026,6.0,7.067594014005391,0.078125
2024-01-01 00:28:08.000000,2024-01-01 00:28:14.000000,0,-20.564766839378237,-21.0,5.285317917800966,0.20833333333333334,310.8036517632092,412.99999999999994,0.0,60.829015544041454,61.0,2.1303333964348017,0.3541666666666667,2.139896373056995,1.0,4.943020541383463,0.109375
2024-01-01 00:28:10.000000,2024-01-01 00:28:16.000000,0,-21.968911917098445,-22.0,5.906305542729403,0.140625,577.7504423401456,80.0,0.3316062176165803,60.01036269430052,60.0,2.8813148714781294,0.3020833333333333,0.41450777202072536,1.0,7.280410136912483,0.14583333333333334
2024-01-01 00:28:12.000000,2024-01-01 00:28:18.000000,0,-22.518134715025905,-22.0,5.902941766830389,0.16666666666666666,992.0001123451667,50.000000000000036,0.3316062176165803,59.35751295336787,60.0,3.261463441828439,0.109375,-0.25906735751295334,0.0,9.81576289490435,0.19270833333333334
2024-01-01 00:28:14.000000,2024-01-01 00:28:20.000000,0,-20.466321243523318,-19.0,6.437209171457649,0.08333333333333333,1068.5666897480335,625.0,0.16580310880829016,59.78238341968912,61.0,3.479748032984142,0.03125,3.238341968911917,7.0,10.919935007588103,0.06770833333333333
2024-01-01 00:28:16.000000,2024-01-01 00:28:22.000000,0,-20.305699481865286,-17.0,7.277592511496164,0.07291666666666667,1461.807294623604,349.99999999999994,0.16580310880829016,59.18652849740933,61.0,4.449534721751154,0.041666666666666664,1.8134715025906736,9.0,14.244751404408662,0.020833333333333332
2024-01-01 00:28:18.000000,2024-01-01 00:28:24.000000,0,-22.756476683937823,-23.0,6.964027512026038,0.057291666666666664,1936.5837204747863,1104.0000000000002,-0.16580310880829016,57.66321243523316,59.0,4.631813004628385,0.046875,-5.72020725388601,-3.0,15.84838503728869,0.015625
2024-01-01 00:28:20.000000,2024-01-01 00:28:26.000000,0,-25.507772020725387,-27.0,6.417845539152641,0.10416666666666667,1385.4518920347355,2325.0,0.0,56.27461139896373,56.0,4.340006237907696,0.09375,-12.046632124352332,-16.0,13.073625706710855,0.020833333333333332
2024-01-01 00:28:22.000000,2024-01-01 00:28:28.000000,0,-20.39378238341969,-26.0,9.962971166937589,0.005208333333333333,2146.909150021639,775.0,0.16580310880829016,57.601036269430054,57.0,3.8932900295105184,0.041666666666666664,-4.015544041450777,-15.0,17.610802994876536,0.005208333333333333
2024-01-01 00:28:24.000000,2024-01-01 00:28:30.000000,0,-13.466321243523316,-8.0,9.194663048952089,0.005208333333333333,1569.4824299079753,1668.0,0.0,60.04663212435233,61.0,3.1062607401565145,0.08854166666666667,8.642487046632125,17.0,14.389726443394153,0.005208333333333333
2024-01-01 00:28:26.000000,2024-01-01 00:28:32.000000,0,-7.4404145077720205,-8.0,1.1400949495349506,0.2604166666666667,78.37263400009901,3395.0,0.0,61.512953367875646,61.0,0.7224726659344617,0.4166666666666667,17.590673575129532,17.0,1.0524356978457998,0.2708333333333333
2024-01-01 00:28:28.000000,2024-01-01 00:28:34.000000,0,-7.409326424870466,-7.0,0.8619962672580653,0.2708333333333333,33.44547675196036,3329.0000000000005,0.0,61.590673575129536,62.0,0.5432503088818024,0.4427083333333333,17.248704663212436,17.0,0.604075465095401,0.296875
2024-01-01 00:28:30.000000,2024-01-01 00:28:36.000000,0,-7.150259067357513,-7.0,1.0222587506927368,0.19791666666666666,53.887953567387676,3253.0,0.0,61.72020725388601,62.0,0.5538275515195211,0.3958333333333333,16.854922279792746,17.0,0.7428051555666823,0.17708333333333334
2024-01-01 00:28:32.000000,2024-01-01 00:28:38.000000,0,-6.062176165803109,-7.0,2.2281974754579776,0.16666666666666666,55.25349473695683,3232.0,0.0,61.818652849740936,62.0,1.6435683514031363,0.34375,16.746113989637305,17.0,1.4371550047827197,0.3125
2024-01-01 00:28:34.000000,2024-01-01 00:28:40.000000,0,-6.512953367875648,-6.0,5.294561683434156,0.15625,173.14023433160943,3119.0,0.0,61.69948186528497,62.0,2.1269230859322343,0.3333333333333333,16.16062176165803,16.0,3.3696104539544285,0.328125
2024-01-01 00:28:36.000000,2024-01-01 00:28:42.000000,0,-8.305699481865284,-6.0,6.622626827529881,0.10416666666666667,275.55261913683074,3017.0,0.0,61.53367875647668,62.0,2.331879481683916,0.3645833333333333,15.632124352331607,16.0,4.005777617116219,0.14583333333333334
2024-01-01 00:28:38.000000,2024-01-01 00:28:44.000000,0,-8.735751295336788,-8.0,6.691693901483921,0.17708333333333334,302.0391048590693,3064.0,0.0,61.40414507772021,61.0,2.139018325192542,0.3854166666666667,15.875647668393782,16.0,4.36189438492221,0.13541666666666666
2024-01-01 00:28:40.000000,2024-01-01 00:28:46.000000,0,-11.16580310880829,-10.0,7.168614427851353,0.052083333333333336,797.698446561694,2475.0,0.0,61.20725388601036,61.0,2.0408712454279208,0.359375,12.823834196891191,16.0,8.888197453497877,0.07291666666666667
2024-01-01 00:28:42.000000,2024-01-01 00:28:48.000000,0,-17.305699481865286,-14.0,12.189254944282615,0.036458333333333336,1825.813109483351,657.0,-0.16580310880829016,58.72020725388601,60.0,5.982131026940882,0.11979166666666667,3.4041450777202074,9.0,16.181019726689335,0.015625
2024-01-01 00:28:44.000000,2024-01-01 00:28:50.000000,0,-25.60103626943005,-26.0,10.858051878086576,0.07291666666666667,1520.6196159272056,1487.0,-0.16580310880829016,56.398963730569946,59.0,7.456219367339323,0.0625,-7.704663212435233,-8.0,15.328378808314724,0.08333333333333333
2024-01-01 00:28:46.000000,2024-01-01 00:28:52.000000,0,-27.580310880829014,-28.0,10.178870368866233,0.13020833333333334,1712.9644745895584,1346.0,0.16580310880829016,56.0,57.0,8.050621094052309,0.09895833333333333,-6.974093264248705,-7.0,16.03266042631176,0.08333333333333333
2024-01-01 00:28:48.000000,2024-01-01 00:28:54.000000,0,-23.145077720207254,-19.0,10.047786298440881,0.06770833333333333,1541.0861941218184,36.99999999999995,0.16580310880829016,58.53367875647668,61.0,6.83131236174758,0.08854166666666667,0.19170984455958548,7.0,14.995469235140263,0.046875
2024-01-01 00:28:50.000000,2024-01-01 00:28:56.000000,0,-19.373056994818654,-18.0,6.153902850517687,0.21354166666666666,395.1245235386809,1630.0,0.0,60.72538860103627,61.0,3.8368047659145277,0.13020833333333334,8.44559585492228,9.0,7.202313993200328,0.3177083333333333
2024-01-01 00:28:52.000000,2024-01-01 00:28:58.000000,0,-18.71502590673575,-19.0,1.5534344089362142,0.16145833333333334,53.49495588165135,1639.0,0.0,61.23834196891192,61.0,0.6334276359207809,0.171875,8.492227979274611,9.0,1.090294164169202,0.3020833333333333
2024-01-01 00:28:54.000000,2024-01-01 00:29:00.000000,0,-20.704663212435232,-19.0,11.32018979042276,0.11979166666666667,270.6366177654052,1661.0,0.0,61.78756476683938,61.0,5.4334468396760345,0.125,8.606217616580311,9.0,9.422400320861083,0.24479166666666666
2024-01-01 00:28:56.000000,2024-01-01 00:29:02.000000,0,-18.678756476683937,-19.0,15.077936920511673,0.08854166666666667,731.7924706798552,2551.0,0.0,26.984455958549223,61.0,52.268485235283215,0.015625,13.217616580310882,9.0,14.238090802716151,0.041666666666666664
2024-01-01 00:28:58.000000,2024-01-01 00:29:04.000000,0,-19.523316062176164,-17.0,19.320507384981532,0.078125,631.4709259599372,2748.0,0.0,28.17616580310881,60.0,53.29624412006626,0.010416666666666666,14.238341968911918,15.0,14.66803431172522,0.06770833333333333
2024-01-01 00:29:00.000000,2024-01-01 00:29:06.000000,0,-20.45077720207254,-17.0,17.65670646658027,0.08333333333333333,649.2512874721488,3185.0000000000005,0.0,25.45077720207254,58.0,51.918595254946744,0.020833333333333332,16.502590673575128,17.0,12.661919759793703,0.08854166666666667
2024-01-01 00:29:02.000000,2024-01-01 00:29:08.000000,0,-23.16580310880829,-20.0,18.004150895886905,0.14583333333333334,1139.971346575947,3564.0,0.0,58.15544041450777,61.0,14.265586648828476,0.08854166666666667,18.466321243523318,15.0,16.046811581030617,0.10416666666666667
2024-01-01 00:29:04.000000,2024-01-01 00:29:10.000000,0,-21.89119170984456,-22.0,15.098067451165091,0.20833333333333334,1440.433883079664,3173.0,0.0,58.082901554404145,62.0,13.996404593220811,0.11979166666666667,16.440414507772022,14.0,19.14712292993271,0.11458333333333333
2024-01-01 00:29:06.000000,2024-01-01 00:29:12.000000,0,-25.430051813471504,-24.0,22.00914886703864,0.171875,1555.6955050546562,2028.0000000000002,0.0,56.461139896373055,59.0,19.30106303058294,0.17708333333333334,10.507772020725389,7.0,22.919042112715392,0.09375
2024-01-01 00:29:08.000000,2024-01-01 00:29:14.000000,0,-15.119170984455959,-20.0,38.79850855349753,0.125,1262.7268781542527,1679.0,0.0,27.326424870466322,53.0,46.449145311541656,0.005208333333333333,8.699481865284975,6.0,23.55982742891251,0.06770833333333333
2024-01-01 00:29:10.000000,2024-01-01 00:29:16.000000,0,-17.523316062176164,-22.0,40.43050526042342,0.09895833333333333,1307.964347861068,1839.0000000000002,0.0,25.38860103626943,51.0,48.203337481826644,0.010416666666666666,9.528497409326425,9.0,22.273173005912188,0.09375
2024-01-01 00:29:12.000000,2024-01-01 00:29:18.000000,0,-12.652849740932643,-20.0,35.4234606914332,0.06770833333333333,931.0175611310586,2724.0,0.0,28.17616580310881,56.0,48.094850423987175,0.005208333333333333,14.1139896373057,11.0,17.724672691497727,0.078125
2024-01-01 00:29:14.000000,2024-01-01 00:29:20.000000,0,-22.95336787564767,-22.0,14.071354677233602,0.11979166666666667,220.8413234046873,1949.0,0.0,59.41450777202073,61.0,19.579809884035928,0.14583333333333334,10.098445595854923,10.0,5.943803467021511,0.140625
2024-01-01 00:29:16.000000,2024-01-01 00:29:22.000000,0,-19.305699481865286,-20.0,22.020937448181407,0.11458333333333333,311.7347888430643,2262.0,0.0,48.590673575129536,60.0,33.74248860953748,0.026041666666666668,11.720207253886011,11.0,5.347746406056364,0.140625
2024-01-01 00:29:18.000000,2024-01-01 00:29:24.000000,0,-17.72538860103627,-20.0,29.25751733848489,0.08333333333333333,454.40652457456645,2497.0,0.0,38.07253886010363,60.0,45.08608574022349,0.010416666666666666,12.937823834196891,12.0,7.938977515375471,0.140625
2024-01-01 00:29:20.000000,2024-01-01 00:29:26.000000,0,-18.33160621761658,-20.0,29.48753066287721,0.125,481.94560679064733,2611.0,0.0,37.83937823834197,58.0,45.28072280722483,0.010416666666666666,13.528497409326425,13.0,8.604774977764494,0.15625
2024-01-01 00:29:22.000000,2024-01-01 00:29:28.000000,0,-19.870466321243523,-22.0,20.762516513392836,0.14583333333333334,521.8946809615175,2359.0,0.0,49.61139896373057,59.0,35.779115105326625,0.046875,12.22279792746114,12.0,8.480805438213347,0.13541666666666666
2024-01-01 00:29:24.000000,2024-01-01 00:29:30.000000,0,-22.088082901554404,-21.0,5.542216102465227,0.15104166666666666,641.0644825519944,2094.0,0.0,60.47150259067357,60.0,11.176634216881308,0.1875,10.849740932642487,11.0,6.697575154738308,0.109375
2024-01-01 00:29:26.000000,2024-01-01 00:29:32.000000,0,-21.83937823834197,-21.0,4.883017299245653,0.16666666666666666,669.2868103934182,2071.0,0.0,60.74611398963731,60.0,12.934643320985133,0.18229166666666666,10.73056994818653,11.0,6.497591555925465,0.08333333333333333
2024-01-01 00:29:28.000000,2024-01-01 00:29:34.000000,0,-21.05699481865285,-21.0,5.738381857154041,0.16145833333333334,668.6843638548776,2078.0,0.0,61.16062176165803,61.0,13.939979361943076,0.15104166666666666,10.766839378238341,9.0,7.040991500677155,0.08333333333333333
2024-01-01 00:29:30.000000,2024-01-01 00:29:36.000000,0,-19.06217616580311,-19.0,5.839544558979232,0.15104166666666666,701.4676096547277,2050.0,0.0,62.78756476683938,63.0,13.63900086368446,0.140625,10.621761658031089,11.0,9.852397286806085,0.078125
2024-01-01 00:29:32.000000,2024-01-01 00:29:38.000000,0,-18.253886010362695,-18.0,7.612544329883321,0.171875,890.0625604622917,875.9999999999999,-0.49740932642487046,63.50259067357513,63.0,16.36119785763828,0.15104166666666666,4.538860103626943,6.0,16.140651084880957,0.07291666666666667
2024-01-01 00:29:34.000000,2024-01-01 00:29:40.000000,0,-16.621761658031087,-17.0,7.757183700527567,0.16666666666666666,1187.1522997282186,729.0,-0.16580310880829016,63.56476683937824,63.0,15.224610082327066,0.15104166666666666,3.77720207253886,6.0,16.59245242715782,0.0625
2024-01-01 00:29:36.000000,2024-01-01 00:29:42.000000,0,-16.559585492227978,-17.0,7.560714240552176,0.13541666666666666,1290.3279267053215,812.0,0.16580310880829016,62.310880829015545,61.0,13.957403044296333,0.15104166666666666,4.2072538860103625,7.0,15.36664912856459,0.046875
2024-01-01 00:29:38.000000,2024-01-01 00:29:44.000000,0,-19.533678756476682,-18.0,10.614463179255234,0.11979166666666667,798.4589591613577,1409.0,0.0,60.59585492227979,60.0,8.188685246251447,0.17708333333333334,7.300518134715026,9.0,11.65711736008542,0.09375
2024-01-01 00:29:40.000000,2024-01-01 00:29:46.000000,0,-23.150259067357513,-22.0,10.649394174632711,0.16145833333333334,860.9234210018403,892.0,0.0,59.538860103626945,60.0,7.229121715478447,0.18229166666666666,4.6217616580310885,4.0,10.530063261778816,0.08854166666666667
2024-01-01 00:29:42.000000,2024-01-01 00:29:48.000000,0,-25.33160621761658,-24.0,9.322010580384177,0.22916666666666666,511.10969558144086,104.99999999999999,0.49740932642487046,59.2020725388601,60.0,6.19270369188968,0.14583333333333334,0.5440414507772021,-1.0,8.6319041351415,0.078125
2024-01-01 00:29:44.000000,2024-01-01 00:29:50.000000,0,-23.300518134715027,-22.0,5.5417778567415885,0.109375,175.70555951744907,237.0,0.0,60.20725388601036,61.0,4.298564346431782,0.21354166666666666,-1.2279792746113989,-1.0,3.5692326088719453,0.21875
2024-01-01 00:29:46.000000,2024-01-01 00:29:52.000000,0,-22.17616580310881,-22.0,2.01557782592639,0.140625,64.2235197210618,285.0,0.0,60.64766839378238,61.0,1.1366101161485678,0.24479166666666666,-1.4766839378238341,-1.0,1.0311428674660372,0.25
2024-01-01 00:29:48.000000,2024-01-01 00:29:54.000000,0,-21.932642487046632,-22.0,5.306307347713077,0.16145833333333334,147.22916837765922,182.99999999999997,0.0,60.9119170984456,61.0,4.343039564608892,0.20833333333333334,-0.9481865284974094,-1.0,3.6625084366263563,0.140625
2024-01-01 00:29:50.000000,2024-01-01 00:29:56.000000,0,-21.621761658031087,-21.0,5.377125839801768,0.18229166666666666,834.995548694437,713.0,0.16580310880829016,60.63212435233161,60.0,4.588754840308639,0.17708333333333334,3.694300518134715,0.0,7.699757751387494,0.036458333333333336
2024-01-01 00:29:52.000000,2024-01-01 00:29:58.000000,0,-21.196891191709845,-21.0,5.205424921973944,0.16145833333333334,681.1810114112932,1595.0,0.0,60.44041450777202,60.0,4.533190542427602,0.13020833333333334,8.264248704663212,11.0,7.132497267518372,0.036458333333333336
2024-01-01 00:29:54.000000,2024-01-01 00:30:00.000000,0,-21.300518134715027,-22.0,1.6178849815334522,0.11979166666666667,143.27384634282683,2304.0,0.0,59.917098445595855,60.0,1.727042231813203,0.15104166666666666,11.937823834196891,11.0,2.4423071038747954,0.11979166666666667
2024-01-01 00:29:56.000000,2024-01-01 00:30:02.000000,0,-21.575129533678755,-22.0,1.3562367928728236,0.11979166666666667,72.85556237657654,2183.0,0.0,59.968911917098445,60.0,0.7493520517148992,0.109375,11.310880829015543,11.0,1.4953872656492655,0.11979166666666667
2024-01-01 00:29:58.000000,2024-01-01 00:30:04.000000,0,-25.414507772020727,-22.0,10.424540202249915,0.005208333333333333,220.49726590489996,1909.0,0.0,56.35233160621762,60.0,15.149608330122971,0.005208333333333333,9.89119170984456,11.0,3.9756518241160883,0.015625
2024-01-01 00:30:00.000000,2024-01-01 00:30:06.000000,0,-37.870466321243526,-22.0,18.49884028713454,0.015625,495.88203264661087,2317.0,0.0,30.575129533678755,60.0,37.389222532324396,0.005208333333333333,12.005181347150259,11.0,6.2795115001474135,0.057291666666666664
2024-01-01 00:30:02.000000,2024-01-01 00:30:08.000000,0,-41.15025906735751,-45.0,18.27860806936261,0.03125,562.4472101128512,2428.0,0.0,26.072538860103627,46.0,38.01801823751624,0.010416666666666666,12.580310880829016,12.0,7.258976189485431,0.08333333333333333
2024-01-01 00:30:04.000000,2024-01-01 00:30:10.000000,0,-38.020725388601036,-29.0,18.229428631228988,0.015625,497.35157657987526,2616.0,0.0,29.139896373056995,57.0,37.88518996572681,0.005208333333333333,13.55440414507772,12.0,5.732618092109631,0.10416666666666667
2024-01-01 00:30:06.000000,2024-01-01 00:30:12.000000,0,-25.76683937823834,-23.0,10.155178218324927,0.036458333333333336,183.79098725307284,2196.0,0.0,54.984455958549226,60.0,18.56589522370753,0.026041666666666668,11.378238341968911,11.0,4.0693139016789095,0.08854166666666667
2024-01-01 00:30:08.000000,2024-01-01 00:30:14.000000,0,-22.33160621761658,-22.0,1.138294599006692,0.18229166666666666,60.07118857027333,2056.0,0.0,59.89119170984456,60.0,1.826761458592108,0.15104166666666666,10.652849740932643,11.0,1.1267138164501322,0.265625
2024-01-01 00:30:10.000000,2024-01-01 00:30:16.000000,0,-22.419689119170986,-22.0,0.673165645426944,0.18229166666666666,31.87425665109133,2067.0,0.0,60.0,60.0,0.7971302695712079,0.09895833333333333,10.709844559585493,11.0,0.567116681009387,0.265625
2024-01-01 00:30:12.000000,2024-01-01 00:30:18.000000,0,-22.191709844559586,-22.0,1.2414430777813896,0.10416666666666667,72.86322734688399,2097.0,0.0,59.854922279792746,60.0,0.978779596812501,0.13020833333333334,10.865284974093264,11.0,1.5453178767625113,0.19791666666666666
2024-01-01 00:30:14.000000,2024-01-01 00:30:20.000000,0,-22.83419689119171,-22.0,5.597011060842975,0.11979166666666667,325.67220189581803,1964.0,0.0,60.233160621761655,60.0,3.839560909697176,0.11458333333333333,10.176165803108809,11.0,5.655017297854431,0.13541666666666666
2024-01-01 00:30:16.000000,2024-01-01 00:30:22.000000,0,-22.683937823834196,-22.0,6.648825165354204,0.13541666666666666,649.1147755258169,1914.0,0.0,60.37823834196891,60.0,4.167951011036144,0.17708333333333334,9.917098445595855,9.0,10.82692284094607,0.08854166666666667
2024-01-01 00:30:18.000000,2024-01-01 00:30:24.000000,0,-23.10362694300518,-23.0,6.655170084986834,0.13020833333333334,636.3133200144829,1768.0,0.0,60.362694300518136,60.0,4.1057704558668915,0.14583333333333334,9.160621761658032,8.0,10.766465279347667,0.09895833333333333
2024-01-01 00:30:20.000000,2024-01-01 00:30:26.000000,0,-22.53886010362694,-23.0,4.45694597722126,0.13020833333333334,485.8560686351105,1782.0,0.0,60.09844559585492,60.0,4.71319597738557,0.140625,9.233160621761659,8.0,9.956809795944082,0.109375
2024-01-01 00:30:22.000000,2024-01-01 00:30:28.000000,0,-20.60103626943005,-23.0,7.74404334013479,0.09895833333333333,402.27576905493345,2052.0,0.0,60.46632124352332,59.0,8.596883849226908,0.140625,10.632124352331607,9.0,6.632024903284766,0.078125
2024-01-01 00:30:24.000000,2024-01-01 00:30:30.000000,0,-13.414507772020725,-18.0,13.273728630707275,0.06770833333333333,526.1247811361716,1719.0,0.0,62.16062176165803,61.0,9.869993647991828,0.171875,8.906735751295336,7.0,9.536749436260623,0.0625
2024-01-01 00:30:26.000000,2024-01-01 00:30:32.000000,0,-4.616580310880829,2.0,13.243635842477412,0.06770833333333333,743.5494677399016,1269.0000000000002,0.0,63.48186528497409,64.0,8.948983452656737,0.21875,6.575129533678757,3.0,9.539708848020918,0.036458333333333336
2024-01-01 00:30:28.000000,2024-01-01 00:30:34.000000,0,1.9896373056994818,3.0,7.717667526867672,0.06770833333333333,290.3046214601349,505.00000000000006,0.0,64.17098445595855,64.0,4.71994742696343,0.17708333333333334,2.616580310880829,2.0,6.267320559443142,0.16145833333333334
2024-01-01 00:30:30.000000,2024-01-01 00:30:36.000000,0,3.839378238341969,4.0,1.0458766393472465,0.3020833333333333,52.8897859070904,408.0,0.0,63.96373056994819,64.0,0.38693583924990294,0.125,2.1139896373056994,2.0,1.0544850342190972,0.22395833333333334
2024-01-01 00:30:32.000000,2024-01-01 00:30:38.000000,0,3.606217616580311,4.0,0.7841945803793675,0.2760416666666667,85.45793495494952,536.0000000000001,0.0,63.870466321243526,64.0,0.6445349503675113,0.057291666666666664,2.77720207253886,2.0,1.0641401290066772,0.13020833333333334
2024-01-01 00:30:34.000000,2024-01-01 00:30:40.000000,0,3.5958549222797926,4.0,0.8852868059803173,0.21875,117.5415829472023,704.0,0.0,62.26424870466321,64.0,2.286194203873293,0.005208333333333333,3.6476683937823835,3.0,1.2120090302735345,0.078125
2024-01-01 00:30:36.000000,2024-01-01 00:30:42.000000,0,2.8860103626943006,3.0,1.7161794838318596,0.08854166666666667,76.27360525044887,877.0,0.0,61.36787564766839,61.0,2.70885972033547,0.046875,4.544041450777202,5.0,1.384203380386309,0.13020833333333334
2024-01-01 00:30:38.000000,2024-01-01 00:30:44.000000,0,2.1968911917098444,2.0,1.8964304939299577,0.109375,154.23990486114872,784.0000000000001,0.0,61.32642487046632,60.0,4.1785882990205625,0.03125,4.062176165803109,5.0,1.913839245157223,0.140625
2024-01-01 00:30:40.000000,2024-01-01 00:30:46.000000,0,1.5129533678756477,2.0,1.8374257589598302,0.265625,179.4809927800851,601.0,0.0,62.917098445595855,64.0,3.973003675281418,0.026041666666666668,3.1139896373056994,3.0,2.113316198314564,0.046875
2024-01-01 00:30:42.000000,2024-01-01 00:30:48.000000,0,1.455958549222798,2.0,2.1063837094903257,0.2552083333333333,97.86292011139714,295.0,0.0,63.968911917098445,64.0,3.748481269893555,0.109375,1.528497409326425,2.0,3.0517184914889066,0.21354166666666666
2024-01-01 00:30:44.000000,2024-01-01 00:30:50.000000,0,1.854922279792746,2.0,1.8539622881286206,0.13020833333333334,88.77821193785273,195.0,0.0,65.860103626943,65.0,2.831392838493489,0.046875,1.0103626943005182,1.0,2.748085768057661,0.16145833333333334
2024-01-01 00:30:46.000000,2024-01-01 00:30:52.000000,0,1.0362694300518134,2.0,5.16939416279729,0.11458333333333333,329.0908362444756,469.0,0.0,66.79274611398964,68.0,4.133016102930299,0.07291666666666667,2.430051813471503,1.0,5.796598184981835,0.052083333333333336
2024-01-01 00:30:48.000000,2024-01-01 00:30:54.000000,0,-5.155440414507772,2.0,10.316687732434593,0.020833333333333332,668.8606785085595,1230.0,0.0,65.73575129533678,68.0,5.627093738140836,0.057291666666666664,6.373056994818653,2.0,6.8727799053180085,0.036458333333333336
2024-01-01 00:30:50.000000,2024-01-01 00:30:56.000000,0,-11.979274611398964,-16.0,10.177568548253761,0.046875,468.87248896557537,2055.0,0.0,63.53367875647668,64.0,7.236348889490597,0.10416666666666667,10.647668393782384,9.0,7.603467359663259,0.06770833333333333
2024-01-01 00:30:52.000000,2024-01-01 00:30:58.000000,0,-17.906735751295336,-19.0,5.274901876814132,0.125,448.8240663668561,2475.0,0.0,62.15025906735751,61.0,9.267619055257281,0.13020833333333334,12.823834196891191,11.0,6.63246841724101,0.08854166666666667
2024-01-01 00:30:54.000000,2024-01-01 00:31:00.000000,0,-16.082901554404145,-17.0,10.331654830526084,0.13020833333333334,495.2239429243867,2374.0,0.0,63.26943005181347,61.0,14.497483552705523,0.16145833333333334,12.300518134715025,12.0,8.624870152460549,0.11458333333333333
2024-01-01 00:30:56.000000,2024-01-01 00:31:02.000000,0,-16.2279792746114,-17.0,10.086596126356746,0.16666666666666666,717.7101519751571,2122.0,0.0,64.5440414507772,63.0,15.58977289758491,0.14583333333333334,10.994818652849741,11.0,9.278950983120357,0.14583333333333334
2024-01-01 00:30:58.000000,2024-01-01 00:31:04.000000,0,-16.067357512953368,-17.0,10.117055615892422,0.16666666666666666,842.2199468480104,2008.0,0.0,65.68911917098445,64.0,16.266233422059727,0.140625,10.404145077720207,9.0,10.653754395932113,0.11458333333333333
2024-01-01 00:31:00.000000,2024-01-01 00:31:06.000000,0,-18.06217616580311,-18.0,6.608569990774905,0.22916666666666666,1160.3701032928016,2018.0,0.0,67.66839378238342,67.0,13.162204650467732,0.16145833333333334,10.455958549222798,9.0,12.127335610028812,0.125
2024-01-01 00:31:02.000000,2024-01-01 00:31:08.000000,0,-18.27979274611399,-18.0,7.817878545796304,0.20833333333333334,1438.170027126199,2097.0,0.0,68.89637305699482,68.0,14.370819584378975,0.15104166666666666,10.865284974093264,8.0,13.226492001796059,0.13541666666666666
2024-01-01 00:31:04.000000,2024-01-01 00:31:10.000000,0,-17.849740932642487,-17.0,7.848381762293499,0.203125,1468.3356400299183,2129.0,0.0,68.20725388601036,68.0,17.0690554935068,0.140625,11.031088082901555,8.0,13.063110725655763,0.140625
2024-01-01 00:31:06.000000,2024-01-01 00:31:12.000000,0,-17.870466321243523,-18.0,6.166002916712895,0.171875,1171.1285287751039,2264.9999999999995,0.0,66.08290155440415,66.0,19.29522198724682,0.14583333333333334,11.735751295336788,11.0,11.093241963968746,0.09895833333333333
2024-01-01 00:31:08.000000,2024-01-01 00:31:14.000000,0,-17.72538860103627,-18.0,4.269834596141992,0.15104166666666666,681.2019120520828,2331.0,0.0,63.72020725388601,63.0,18.840461113168704,0.125,12.077720207253886,14.0,8.319102702544003,0.078125
2024-01-01 00:31:10.000000,2024-01-01 00:31:16.000000,0,-17.4559585492228,-17.0,4.694786363432618,0.15104166666666666,684.4783510653427,2386.0,0.0,62.78238341968912,62.0,15.047643105806419,0.13020833333333334,12.362694300518134,12.0,9.22141173408946,0.057291666666666664
2024-01-01 00:31:12.000000,2024-01-01 00:31:18.000000,0,-17.010362694300518,-17.0,8.398282089526862,0.125,629.8916242031562,2532.0,0.0,61.09844559585492,61.0,12.648519662576204,0.13541666666666666,13.119170984455959,12.0,12.223240131370803,0.125
2024-01-01 00:31:14.000000,2024-01-01 00:31:20.000000,0,-16.642487046632123,-17.0,9.098515104989204,0.15104166666666666,720.8221438350395,2280.0,0.0,62.78238341968912,62.0,13.084433360793923,0.125,11.813471502590673,10.0,12.873034836693938,0.14583333333333334
2024-01-01 00:31:16.000000,2024-01-01 00:31:22.000000,0,-17.352331606217618,-18.0,8.948359210275994,0.16145833333333334,843.3986931411438,2381.0,0.0,64.32124352331606,63.0,14.07311319901401,0.13020833333333334,12.336787564766839,11.0,13.114700087173597,0.13541666666666666
2024-01-01 00:31:18.000000,2024-01-01 00:31:24.000000,0,-17.932642487046632,-18.0,6.399920390264799,0.21354166666666666,947.1461934894329,1880.0000000000005,0.0,66.11917098445596,66.0,15.402965601115707,0.15625,9.740932642487047,10.0,10.634321066354651,0.13020833333333334
2024-01-01 00:31:20.000000,2024-01-01 00:31:26.000000,0,-18.264248704663213,-18.0,6.017995286734377,0.15625,1034.4433643123093,2081.0,0.0,65.96891191709845,63.0,16.27175042307196,0.13020833333333334,10.782383419689118,11.0,11.848624239676822,0.109375
2024-01-01 00:31:22.000000,2024-01-01 00:31:28.000000,0,-18.78238341968912,-18.0,7.157040569005485,0.16145833333333334,798.6829929730026,1895.0,0.0,65.64766839378238,63.0,18.206289185044394,0.11979166666666667,9.818652849740932,10.0,9.922788599602463,0.13541666666666666
2024-01-01 00:31:24.000000,2024-01-01 00:31:30.000000,0,-18.963730569948186,-19.0,6.771857402295868,0.17708333333333334,848.708180117309,2202.0,0.0,64.73575129533678,63.0,19.411326605991942,0.11458333333333333,11.409326424870466,10.0,9.43802791361098,0.09895833333333333
2024-01-01 00:31:26.000000,2024-01-01 00:31:32.000000,0,-19.10362694300518,-19.0,7.675694682574578,0.16145833333333334,819.0312768823111,2134.0,0.0,64.53367875647669,61.0,21.819815044673614,0.11458333333333333,11.05699481865285,10.0,8.968223142769956,0.09895833333333333
2024-01-01 00:31:28.000000,2024-01-01 00:31:34.000000,0,-18.440414507772022,-19.0,7.171109850919526,0.18229166666666666,1070.8472363208743,2303.0,0.0,66.33160621761658,62.0,22.30666674473786,0.11458333333333333,11.932642487046632,10.0,11.805305205784688,0.078125
2024-01-01 00:31:30.000000,2024-01-01 00:31:36.000000,0,-18.207253886010363,-19.0,7.299297142447884,0.16666666666666666,1288.842873442167,2277.0,0.0,67.49222797927462,65.0,22.149379028867184,0.11458333333333333,11.797927461139896,11.0,12.272750806110155,0.08333333333333333
2024-01-01 00:31:32.000000,2024-01-01 00:31:38.000000,0,-18.207253886010363,-18.0,5.825460391569739,0.203125,1176.391994332958,2345.0,0.0,66.0880829015544,66.0,20.02648020313167,0.11979166666666667,12.150259067357513,11.0,11.654899382664548,0.08854166666666667
2024-01-01 00:31:34.000000,2024-01-01 00:31:40.000000,0,-18.70984455958549,-19.0,5.519733205800116,0.18229166666666666,881.9620419649598,2229.0,0.0,63.29015544041451,63.0,18.65751514349859,0.11458333333333333,11.549222797927461,11.0,9.455427889858338,0.08854166666666667
2024-01-01 00:31:36.000000,2024-01-01 00:31:42.000000,0,-19.00518134715026,-19.0,6.7403460356634195,0.16145833333333334,717.9119778486611,2056.0,0.0,63.61658031088083,66.0,17.359799547464593,0.11979166666666667,10.652849740932643,10.0,9.460923176810649,0.09375
2024-01-01 00:31:38.000000,2024-01-01 00:31:44.000000,0,-19.730569948186528,-19.0,9.032922895034245,0.16666666666666666,819.8168546162002,1572.0,0.0,64.43523316062176,66.0,18.706816996990565,0.125,8.145077720207254,8.0,10.752891525808447,0.109375
2024-01-01 00:31:40.000000,2024-01-01 00:31:46.000000,0,-19.481865284974095,-20.0,9.050836324299391,0.15104166666666666,723.3863866017423,1546.0,0.0,64.39896373056995,66.0,19.671293566698136,0.125,8.010362694300518,8.0,10.203650101243236,0.13020833333333334
2024-01-01 00:31:42.000000,2024-01-01 00:31:48.000000,0,-19.735751295336787,-20.0,8.19855275467305,0.19270833333333334,582.384168709698,1561.0,0.0,65.41968911917098,65.0,20.602008040953592,0.11458333333333333,8.088082901554404,9.0,9.570871224350038,0.13541666666666666
2024-01-01 00:31:44.000000,2024-01-01 00:31:50.000000,0,-19.518134715025905,-20.0,6.483226164695375,0.19270833333333334,832.0564439159441,2203.0,0.0,67.07772020725389,66.0,18.735248947073224,0.11458333333333333,11.414507772020725,12.0,9.963171604881886,0.11458333333333333
2024-01-01 00:31:46.000000,2024-01-01 00:31:52.000000,0,-20.1139896373057,-20.0,6.457187624711348,0.16145833333333334,977.195378053507,2262.0,0.0,67.75129533678756,66.0,16.44055931228813,0.13020833333333334,11.720207253886011,12.0,11.035192565461742,0.09895833333333333
2024-01-01 00:31:48.000000,2024-01-01 00:31:54.000000,0,-18.83937823834197,-18.0,6.966445144026635,0.16145833333333334,970.0209804807168,2060.0,0.0,66.07253886010362,63.0,14.656302763934622,0.140625,10.67357512953368,9.0,11.277382239363506,0.06770833333333333
2024-01-01 00:31:50.000000,2024-01-01 00:31:56.000000,0,-17.082901554404145,-17.0,7.243773754321679,0.1875,997.2403478489538,1754.0,0.0,64.59067357512953,62.0,13.615375655171379,0.140625,9.088082901554404,8.0,9.797826765483503,0.08333333333333333
2024-01-01 00:31:52.000000,2024-01-01 00:31:58.000000,0,-16.0,-16.0,6.737643010232387,0.16666666666666666,628.6177897931736,1867.0,0.0,63.37823834196891,62.0,13.695609964403333,0.16145833333333334,9.67357512953368,9.0,8.719122672190812,0.09895833333333333
2024-01-01 00:31:54.000000,2024-01-01 00:32:00.000000,0,-16.751295336787564,-17.0,6.61282772351311,0.15625,639.2115720979112,2146.0,0.0,63.58549222797927,63.0,15.106710598108094,0.125,11.119170984455959,11.0,8.1522808245599,0.109375
2024-01-01 00:31:56.000000,2024-01-01 00:32:02.000000,0,-17.78238341968912,-18.0,5.561615146674899,0.15104166666666666,600.7937192327965,2337.0,0.0,62.259067357512954,62.0,17.697552595645746,0.13020833333333334,12.10880829015544,12.0,7.49538574234826,0.109375
2024-01-01 00:31:58.000000,2024-01-01 00:32:04.000000,0,-17.927461139896373,-18.0,5.612942844425205,0.16666666666666666,685.0979189758481,2218.0,0.0,63.05181347150259,63.0,19.14221472857898,0.109375,11.492227979274611,12.0,7.58020940988801,0.09895833333333333
2024-01-01 00:32:00.000000,2024-01-01 00:32:06.000000,0,-16.730569948186528,-17.0,26.64934231885721,0.125,932.5603454364006,2925.0,0.0,45.8860103626943,51.0,40.192731789309754,0.07291666666666667,15.155440414507773,15.0,11.413929900282659,0.13020833333333334
2024-01-01 00:32:02.000000,2024-01-01 00:32:08.000000,0,-18.39378238341969,-19.0,27.36368416606025,0.125,729.9760333422897,3081.0,0.0,47.18652849740933,58.0,39.63211588144226,0.052083333333333336,15.963730569948186,15.0,11.000650102472555,0.13020833333333334
2024-01-01 00:32:04.000000,2024-01-01 00:32:10.000000,0,-21.088082901554404,-21.0,28.11022784195147,0.109375,948.5408812273672,2542.0,0.0,44.870466321243526,58.0,37.653834580764546,0.03125,13.17098445595855,11.0,14.024412776059416,0.06770833333333333
2024-01-01 00:32:06.000000,2024-01-01 00:32:12.000000,0,-20.875647668393782,-20.0,12.21572917561136,0.14583333333333334,894.4786667867853,1038.0,0.0,61.704663212435236,61.0,10.739376001015692,0.16145833333333334,5.3782383419689115,8.0,12.94889566579832,0.057291666666666664
2024-01-01 00:32:08.000000,2024-01-01 00:32:14.000000,0,-18.440414507772022,-18.0,10.65059778419135,0.15104166666666666,823.6937717149171,575.0,-0.49740932642487046,61.51813471502591,61.0,12.116660905653447,0.13541666666666666,2.9792746113989637,5.0,12.026861666885672,0.10416666666666667
2024-01-01 00:32:10.000000,2024-01-01 00:32:16.000000,0,-15.533678756476684,-16.0,7.488195949877721,0.171875,767.760439910256,1027.0,0.0,62.870466321243526,63.0,15.201041915021658,0.18229166666666666,5.321243523316062,4.0,12.06278775597067,0.11458333333333333
2024-01-01 00:32:12.000000,2024-01-01 00:32:18.000000,0,-16.797927461139896,-17.0,5.3837715109587165,0.18229166666666666,811.6488020860837,1740.0,0.0,63.233160621761655,63.0,17.824741082157164,0.14583333333333334,9.015544041450777,10.0,9.088956602622348,0.10416666666666667
2024-01-01 00:32:14.000000,2024-01-01 00:32:20.000000,0,-17.207253886010363,-17.0,5.064022324899563,0.15625,779.1606998124159,1911.0,0.0,63.943005181347154,63.0,18.184295688088884,0.13541666666666666,9.901554404145077,10.0,8.58387827973134,0.109375
2024-01-01 00:32:16.000000,2024-01-01 00:32:22.000000,0,-17.844559585492227,-17.0,6.097018049989669,0.15625,633.0172640264748,1812.0,0.0,64.7720207253886,64.0,20.258996061410226,0.13541666666666666,9.38860103626943,9.0,8.89049554600533,0.13020833333333334
2024-01-01 00:32:18.000000,2024-01-01 00:32:24.000000,0,-17.673575129533678,-17.0,7.244407049996918,0.17708333333333334,764.1701535651076,1719.0,0.0,65.5440414507772,65.0,20.837150772876953,0.125,8.906735751295336,8.0,9.869017503109612,0.09895833333333333
2024-01-01 00:32:20.000000,2024-01-01 00:32:26.000000,0,-17.518134715025905,-17.0,7.3542032087727875,0.18229166666666666,816.202631430458,1656.9999999999998,0.0,64.6839378238342,64.0,21.470148875732416,0.11458333333333333,8.585492227979275,7.0,10.178827949637661,0.08333333333333333
2024-01-01 00:32:22.000000,2024-01-01 00:32:28.000000,0,-15.839378238341968,-15.0,7.247133314495161,0.17708333333333334,657.0858665149874,1434.0,0.0,64.23316062176166,65.0,18.679381984225493,0.11458333333333333,7.430051813471502,5.0,9.168931263682518,0.057291666666666664
2024-01-01 00:32:24.000000,2024-01-01 00:32:30.000000,0,-15.507772020725389,-15.0,6.213325038261566,0.15625,570.9243302407926,1298.0000000000002,0.0,62.96373056994819,63.0,15.369874842594816,0.125,6.725388601036269,6.0,7.440194048437918,0.078125
2024-01-01 00:32:26.000000,2024-01-01 00:32:32.000000,0,-17.901554404145077,-15.0,19.4174440384905,0.109375,1519.4840066738504,1006.0000000000001,0.3316062176165803,50.38341968911917,59.0,35.38696992295543,0.06770833333333333,5.212435233160622,5.0,18.876005789350288,0.08333333333333333
2024-01-01 00:32:28.000000,2024-01-01 00:32:34.000000,0,-3.715025906735751,-9.0,30.911443271538356,0.036458333333333336,2393.508136834941,3124.0,0.0,16.6580310880829,34.0,51.0656965570156,0.005208333333333333,16.186528497409327,12.0,25.020958399711017,0.036458333333333336
2024-01-01 00:32:30.000000,2024-01-01 00:32:36.000000,0,6.430051813471502,12.0,30.936368304173453,0.11979166666666667,2097.104190692858,5646.000000000001,0.0,-18.010362694300518,-34.0,42.6110057229577,0.03125,29.253886010362695,37.0,27.83737741193374,0.078125
2024-01-01 00:32:32.000000,2024-01-01 00:32:38.000000,0,15.015544041450777,13.0,16.53987501336349,0.15625,1227.0003348925934,8756.000000000002,0.0,-39.86010362694301,-39.0,12.364520562448247,0.15104166666666666,45.36787564766839,44.0,14.228580544727201,0.14583333333333334
2024-01-01 00:32:34.000000,2024-01-01 00:32:40.000000,0,2.461139896373057,1.0,14.465108621917386,0.15104166666666666,1237.7990556063817,9341.0,0.0,-40.637305699481864,-41.0,12.619968345295856,0.15104166666666666,48.398963730569946,49.0,13.386537039897686,0.15104166666666666
2024-01-01 00:32:36.000000,2024-01-01 00:32:42.000000,0,-3.9792746113989637,-5.0,13.560803868296459,0.16666666666666666,1457.9952366161801,9115.0,0.0,-41.44559585492228,-41.0,11.742834418911931,0.18229166666666666,47.2279792746114,47.0,13.834205967440566,0.14583333333333334
2024-01-01 00:32:38.000000,2024-01-01 00:32:44.000000,0,4.404145077720207,-2.0,24.568831529579153,0.10416666666666667,1522.6614280713186,8138.0,0.0,-41.38341968911917,-42.0,11.916730829446697,0.1875,42.16580310880829,42.0,15.738205620353668,0.15104166666666666
2024-01-01 00:32:40.000000,2024-01-01 00:32:46.000000,0,10.761658031088082,7.0,25.257737703588603,0.13541666666666666,1479.5560067542233,7961.000000000001,0.0,-41.373056994818654,-42.0,11.22662847698615,0.19791666666666666,41.248704663212436,41.0,16.290983922634332,0.1875
2024-01-01 00:32:42.000000,2024-01-01 00:32:48.000000,0,13.33160621761658,8.0,22.93841133544622,0.11458333333333333,1363.2029537391688,8272.0,0.0,-39.66321243523316,-40.0,11.12923814597588,0.171875,42.86010362694301,43.0,16.312575478421717,0.16666666666666666
2024-01-01 00:32:44.000000,2024-01-01 00:32:50.000000,0,-2.673575129533679,-1.0,27.934301199529667,0.09895833333333333,1731.3088855912708,7115.0,0.0,-13.544041450777202,-35.0,46.91292219632318,0.005208333333333333,36.865284974093264,40.0,21.60180564999699,0.13541666666666666
2024-01-01 00:32:46.000000,2024-01-01 00:32:52.000000,0,-12.746113989637307,-12.0,24.409543854288604,0.09375,2386.5658215555095,4867.0,0.0,22.575129533678755,41.0,55.57582848299855,0.005208333333333333,25.21761658031088,20.0,23.12836237983695,0.06770833333333333
2024-01-01 00:32:48.000000,2024-01-01 00:32:54.000000,0,-19.95336787564767,-18.0,21.199520964379612,0.11979166666666667,1362.7287989333333,2462.0000000000005,0.0,57.61658031088083,58.0,35.67676260996998,0.13020833333333334,12.756476683937823,10.0,16.16927938576492,0.125
2024-01-01 00:32:50.000000,2024-01-01 00:32:56.000000,0,-18.93782383419689,-17.0,7.871114744619762,0.15625,1104.7246710081222,1788.0,0.0,66.4559585492228,60.0,20.698464572642568,0.11979166666666667,9.264248704663212,8.0,10.111236353903047,0.09375
2024-01-01 00:32:52.000000,2024-01-01 00:32:58.000000,0,-18.362694300518136,-18.0,6.485806377745392,0.14583333333333334,1164.766761517963,1846.0,0.0,65.09844559585493,60.0,20.24165588552256,0.11458333333333333,9.564766839378239,8.0,10.166181788601595,0.09895833333333333
2024-01-01 00:32:54.000000,2024-01-01 00:33:00.000000,0,-18.39378238341969,-18.0,5.889641568598471,0.140625,1226.7680961319832,1757.0000000000002,0.0,65.06735751295336,63.0,21.50849206712844,0.11979166666666667,9.103626943005182,10.0,10.209250161500776,0.08854166666666667
2024-01-01 00:32:56.000000,2024-01-01 00:33:02.000000,0,-18.60103626943005,-19.0,6.877756944471021,0.15104166666666666,1071.0863552081985,1707.0,0.0,66.21243523316062,65.0,21.20169634470126,0.125,8.844559585492227,10.0,11.114305905838949,0.08333333333333333
2024-01-01 00:32:58.000000,2024-01-01 00:33:04.000000,0,-17.704663212435232,-18.0,10.9820321536829,0.19791666666666666,1006.3230084983068,1184.0000000000002,0.0,65.72020725388602,65.0,19.68090381453103,0.13541666666666666,6.134715025906735,6.0,13.177968002449207,0.109375
2024-01-01 00:33:00.000000,2024-01-01 00:33:06.000000,0,-17.580310880829014,-17.0,11.655874140800552,0.1875,976.4210531926386,1258.0,0.0,67.19689119170984,67.0,18.855055430440245,0.13020833333333334,6.518134715025907,6.0,14.006357657718299,0.11979166666666667
2024-01-01 00:33:02.000000,2024-01-01 00:33:08.000000,0,-18.502590673575128,-18.0,11.230132620326481,0.19791666666666666,1046.2469035296785,1560.0,0.0,65.26943005181347,64.0,18.135771172675117,0.140625,8.082901554404145,9.0,12.768098587383045,0.09375
2024-01-01 00:33:04.000000,2024-01-01 00:33:10.000000,0,-19.357512953367877,-18.0,6.6584578131163425,0.17708333333333334,796.6628986568269,2271.0,0.0,64.41968911917098,61.0,15.51293230349601,0.11979166666666667,11.766839378238341,13.0,9.632439703727254,0.09375
2024-01-01 00:33:06.000000,2024-01-01 00:33:12.000000,0,-18.82901554404145,-18.0,5.432999820231191,0.16145833333333334,565.7559130697759,2344.0,0.0,62.015544041450774,60.0,13.532167187520967,0.125,12.145077720207254,13.0,7.535311948804979,0.09895833333333333
2024-01-01 00:33:08.000000,2024-01-01 00:33:14.000000,0,-18.098445595854923,-18.0,4.872932004578303,0.171875,459.3209589110912,2131.0,0.0,61.61658031088083,60.0,13.663292319013694,0.10416666666666667,11.041450777202073,11.0,7.509600935976323,0.09375
2024-01-01 00:33:10.000000,2024-01-01 00:33:16.000000,0,-18.28497409326425,-18.0,6.470818479620667,0.15625,445.924219867725,1713.0,0.0,62.66321243523316,63.0,15.919574692073635,0.11979166666666667,8.875647668393782,9.0,7.755043904359875,0.11458333333333333
2024-01-01 00:33:12.000000,2024-01-01 00:33:18.000000,0,-19.00518134715026,-18.0,7.2510756452968375,0.16145833333333334,862.4239841477353,641.0,0.16580310880829016,61.943005181347154,63.0,16.52970385916965,0.11458333333333333,3.321243523316062,7.0,12.286527789097395,0.10416666666666667
2024-01-01 00:33:14.000000,2024-01-01 00:33:20.000000,0,-19.502590673575128,-18.0,9.109361229167181,0.18229166666666666,1546.0449055884303,1024.0,-0.16580310880829016,61.58031088082902,62.0,17.82276826570019,0.109375,-5.305699481865285,-1.0,16.576364280607034,0.0625
2024-01-01 00:33:16.000000,2024-01-01 00:33:22.000000,0,-19.860103626943005,-17.0,10.821280827111252,0.171875,2013.1735203700011,509.0,-0.16580310880829016,62.15025906735751,61.0,17.546462500649564,0.11458333333333333,-2.6373056994818653,3.0,18.407795478264166,0.036458333333333336
2024-01-01 00:33:18.000000,2024-01-01 00:33:24.000000,0,-19.497409326424872,-18.0,10.562869496659241,0.16145833333333334,1455.4462735339177,442.0,0.16580310880829016,62.72020725388601,63.0,16.55402946788149,0.11458333333333333,2.290155440414508,8.0,18.14894270556494,0.046875
2024-01-01 00:33:20.000000,2024-01-01 00:33:26.000000,0,-18.683937823834196,-17.0,9.456512363416406,0.140625,595.749227564691,2020.0,0.0,63.76165803108808,64.0,15.450700541937083,0.13020833333333334,10.466321243523316,11.0,9.178221246539648,0.15104166666666666
2024-01-01 00:33:22.000000,2024-01-01 00:33:28.000000,0,-18.93782383419689,-18.0,7.039787922205988,0.171875,620.0424186234856,1698.0,0.0,62.6839378238342,64.0,16.180254203177633,0.13020833333333334,8.797927461139896,10.0,9.067776961060748,0.140625
2024-01-01 00:33:24.000000,2024-01-01 00:33:30.000000,0,-18.932642487046632,-18.0,6.602605369730485,0.16145833333333334,595.116679184769,1610.0,0.0,62.3160621761658,63.0,17.248749985997456,0.13541666666666666,8.341968911917098,10.0,8.160317488913151,0.109375
2024-01-01 00:33:26.000000,2024-01-01 00:33:32.000000,0,-19.40414507772021,-19.0,6.678820958485823,0.16145833333333334,573.7889592825295,1631.0,0.0,62.44559585492228,64.0,18.524713048339407,0.13541666666666666,8.450777202072539,10.0,7.824168746921996,0.09895833333333333
2024-01-01 00:33:28.000000,2024-01-01 00:33:34.000000,0,-18.94818652849741,-19.0,6.974463041340593,0.16145833333333334,607.5792705105797,1773.0,0.0,63.067357512953365,65.0,16.736332164935675,0.13541666666666666,9.186528497409327,10.0,9.263302645748748,0.08333333333333333
2024-01-01 00:33:30.000000,2024-01-01 00:33:36.000000,5,-18.471502590673577,-18.0,7.032696430575447,0.1875,546.4743217793626,1695.0,0.0,63.523316062176164,64.0,15.562064096592698,0.140625,8.782383419689118,9.0,9.186964299469318,0.109375
2024-01-01 00:33:32.000000,2024-01-01 00:33:38.000000,5,-17.95336787564767,-18.0,5.8748139646435655,0.20833333333333334,645.0874888891958,1511.0,0.0,62.59585492227979,62.0,11.837985444977937,0.14583333333333334,7.829015544041451,8.0,8.354563845386076,0.09895833333333333
2024-01-01 00:33:34.000000,2024-01-01 00:33:40.000000,5,-17.803108808290155,-19.0,3.8813913250672663,0.14583333333333334,308.9701112411008,1462.0000000000002,0.0,61.63212435233161,61.0,9.486525759436676,0.16145833333333334,7.575129533678757,9.0,4.841853457614,0.08333333333333333
2024-01-01 00:33:36.000000,2024-01-01 00:33:42.000000,5,-18.564766839378237,-19.0,2.7151584653990293,0.13020833333333334,225.74206338815063,1673.0,0.0,61.10880829015544,61.0,5.9163945180544015,0.125,8.66839378238342,10.0,3.8640822016094067,0.041666666666666664
2024-01-01 00:33:38.000000,2024-01-01 00:33:44.000000,5,-19.316062176165804,-19.0,0.6759260902253458,0.171875,74.85975350717604,1979.0,0.0,60.77720207253886,61.0,0.6098996208358246,0.2552083333333333,10.253886010362693,10.0,0.792410567680684,0.08854166666666667
2024-01-01 00:33:40.000000,2024-01-01 00:33:46.000000,5,-19.53886010362694,-20.0,0.6920626974502185,0.19270833333333334,32.767578184322055,2094.0,0.0,60.59585492227979,61.0,0.5518750421754596,0.265625,10.849740932642487,11.0,0.6065720237816306,0.09895833333333333
2024-01-01 00:33:42.000000,2024-01-01 00:33:48.000000,5,-19.626943005181346,-20.0,0.650079708145858,0.1875,28.867474143279917,2131.0,0.0,60.523316062176164,61.0,0.5596924272545408,0.2916666666666667,11.041450777202073,11.0,0.6023754789303604,0.09895833333333333
2024-01-01 00:33:44.000000,2024-01-01 00:33:50.000000,5,-19.808290155440414,-20.0,0.6610705323221292,0.15625,36.4219212880248,2165.0,0.0,60.424870466321245,60.0,0.5359989785518576,0.2760416666666667,11.217616580310882,11.0,0.6327029632644864,0.140625
2024-01-01 00:33:46.000000,2024-01-01 00:33:52.000000,5,-19.95336787564767,-20.0,1.469446308139334,0.15104166666666666,91.16987751666431,2089.0,0.0,60.5440414507772,60.0,5.632807381605808,0.23958333333333334,10.823834196891191,11.0,1.870843118052967,0.109375
2024-01-01 00:33:48.000000,2024-01-01 00:33:54.000000,5,-19.60621761658031,-20.0,2.13120728068147,0.140625,197.20492244339275,2262.0,0.0,60.5699481865285,60.0,6.035185762244723,0.1875,11.720207253886011,12.0,3.0523993224165102,0.125
2024-01-01 00:33:50.000000,2024-01-01 00:33:56.000000,5,-18.974093264248705,-19.0,2.4567831973449503,0.09375,294.14230690555667,2354.0,0.0,60.8860103626943,60.0,6.4394180912609436,0.16145833333333334,12.196891191709845,12.0,3.495918851790962,0.06770833333333333
2024-01-01 00:33:52.000000,2024-01-01 00:33:58.000000,5,-17.3419689119171,-18.0,3.1136711750807122,0.10416666666666667,290.9834648911081,2927.0,0.0,60.424870466321245,60.0,3.47847594572805,0.17708333333333334,15.16580310880829,15.0,4.18995220520059,0.06770833333333333
2024-01-01 00:33:54.000000,2024-01-01 00:34:00.000000,5,-24.202072538860104,-18.0,13.760435277110387,0.015625,1029.4570845759895,2129.0,0.0,56.66321243523316,60.0,9.414945125163749,0.046875,11.031088082901555,15.0,12.870309313716692,0.041666666666666664
2024-01-01 00:33:56.000000,2024-01-01 00:34:02.000000,5,-29.854922279792746,-27.0,14.79335750145326,0.08333333333333333,2116.2149259952353,175.00000000000009,0.16580310880829016,51.196891191709845,52.0,10.143377903093928,0.057291666666666664,-0.9067357512953368,7.0,22.84507619765545,0.046875
2024-01-01 00:33:58.000000,2024-01-01 00:34:04.000000,5,-33.9119170984456,-29.0,13.039104365705423,0.11979166666666667,2152.539128460592,3363.0,0.0,46.92227979274612,46.0,9.204231985458735,0.23958333333333334,-17.424870466321245,-22.0,21.541283114947955,0.09895833333333333
2024-01-01 00:34:00.000000,2024-01-01 00:34:06.000000,5,-36.52849740932643,-34.0,14.572036088045321,0.16145833333333334,2278.056664401405,3485.0,0.0,44.72020725388601,45.0,9.127251774593605,0.3645833333333333,-18.05699481865285,-21.0,20.68342395104144,0.11458333333333333
2024-01-01 00:34:02.000000,2024-01-01 00:34:08.000000,5,-32.829015544041454,-29.0,16.20335573412595,0.125,2198.9180626157868,1458.0,0.16580310880829016,49.59585492227979,48.0,13.177963906796943,0.21875,-7.55440414507772,-5.0,21.717609832959294,0.13020833333333334
2024-01-01 00:34:04.000000,2024-01-01 00:34:10.000000,5,-29.305699481865286,-23.0,17.509069633480006,0.078125,872.6637163161826,852.0000000000001,0.16580310880829016,55.43523316062176,54.0,15.232134414636752,0.109375,4.414507772020725,6.0,12.867279112604113,0.13020833333333334
2024-01-01 00:34:06.000000,2024-01-01 00:34:12.000000,5,-19.844559585492227,-19.0,8.927758907021394,0.19791666666666666,456.3878723133065,1759.0000000000002,0.0,61.66839378238342,61.0,12.429127668268908,0.171875,9.1139896373057,11.0,8.079517643650435,0.10416666666666667
2024-01-01 00:34:08.000000,2024-01-01 00:34:14.000000,5,-17.70984455958549,-18.0,5.827266768953155,0.203125,492.8170283295022,1663.0,0.0,62.72020725388601,63.0,12.617962393224278,0.15625,8.61658031088083,9.0,6.344135638116408,0.08333333333333333
2024-01-01 00:34:10.000000,2024-01-01 00:34:16.000000,5,-18.321243523316063,-18.0,5.990479817643645,0.1875,439.75158715164486,1882.0000000000002,0.0,61.5699481865285,62.0,13.812227693296542,0.11458333333333333,9.751295336787564,9.0,6.269163195158524,0.13541666666666666
2024-01-01 00:34:12.000000,2024-01-01 00:34:18.000000,5,-18.440414507772022,-18.0,6.080006838863076,0.203125,596.6110757238113,2118.0,0.0,62.09844559585492,63.0,14.813269940200351,0.125,10.974093264248705,10.0,7.627687527166396,0.11458333333333333
2024-01-01 00:34:14.000000,2024-01-01 00:34:20.000000,5,-18.38860103626943,-18.0,5.901913055968147,0.20833333333333334,639.4874546224853,2522.0000000000005,0.0,61.18652849740933,62.0,16.192089917818997,0.11979166666666667,13.067357512953368,13.0,7.549877328036116,0.08854166666666667
2024-01-01 00:34:16.000000,2024-01-01 00:34:22.000000,5,-17.844559585492227,-17.0,5.281323612684592,0.18229166666666666,509.30364538473555,2721.0,0.0,62.17616580310881,64.0,16.217918710663817,0.13541666666666666,14.098445595854923,13.0,5.938543563414926,0.09895833333333333
2024-01-01 00:34:18.000000,2024-01-01 00:34:24.000000,5,-17.60621761658031,-17.0,5.092924288320321,0.16145833333333334,476.8483571803005,2552.0,0.0,62.259067357512954,64.0,15.860565391634514,0.125,13.22279792746114,12.0,6.06708146867138,0.078125
2024-01-01 00:34:20.000000,2024-01-01 00:34:26.000000,5,-15.720207253886011,-16.0,6.79648009071525,0.14583333333333334,535.3987037085282,2155.0,0.0,63.0,64.0,15.177079758636047,0.11979166666666667,11.16580310880829,11.0,7.648084693690654,0.11979166666666667
2024-01-01 00:34:22.000000,2024-01-01 00:34:28.000000,5,-13.803108808290155,-16.0,9.344817562958312,0.14583333333333334,678.3787872696682,1935.0000000000002,0.0,62.74611398963731,64.0,15.959349334306795,0.13020833333333334,10.025906735751295,10.0,8.603194194334055,0.13020833333333334
2024-01-01 00:34:24.000000,2024-01-01 00:34:30.000000,5,-13.963730569948186,-15.0,9.595665827707288,0.16666666666666666,655.4269751350453,1917.0,0.0,62.424870466321245,64.0,16.148264970939607,0.13020833333333334,9.932642487046632,10.0,8.742295522443008,0.13541666666666666
2024-01-01 00:34:26.000000,2024-01-01 00:34:32.000000,5,-24.150259067357513,-19.0,18.114025770657243,0.06770833333333333,1121.3793968271684,1387.0,0.0,56.66839378238342,56.0,18.77509115630231,0.08854166666666667,7.186528497409326,9.0,12.957318751966746,0.11979166666666667
2024-01-01 00:34:28.000000,2024-01-01 00:34:34.000000,5,-35.17616580310881,-33.0,17.433506167885433,0.08854166666666667,1265.2998986497755,2049.0,0.0,49.78756476683938,46.0,16.56274216103477,0.09895833333333333,10.61658031088083,10.0,15.350696737547521,0.15104166666666666
2024-01-01 00:34:30.000000,2024-01-01 00:34:36.000000,5,-44.56476683937824,-47.0,14.733649202609696,0.16666666666666666,1081.262084334862,1534.9999999999998,0.0,43.47150259067357,43.0,12.070559324984162,0.17708333333333334,7.953367875647668,8.0,15.733221934890016,0.19791666666666666
2024-01-01 00:34:32.000000,2024-01-01 00:34:38.000000,5,-44.870466321243526,-46.0,13.71126393282467,0.2708333333333333,912.3765997742283,2029.0,0.0,44.119170984455955,44.0,8.316104815907131,0.2604166666666667,10.512953367875648,8.0,13.87222525118768,0.22916666666666666
2024-01-01 00:34:34.000000,2024-01-01 00:34:40.000000,5,-44.22279792746114,-43.0,11.006016273573387,0.2760416666666667,640.0729449474709,1754.0,0.0,45.58549222797927,46.0,7.768405355132937,0.203125,9.088082901554404,9.0,11.004142825610037,0.1875
2024-01-01 00:34:36.000000,2024-01-01 00:34:42.000000,5,-40.6580310880829,-39.0,8.51023588704774,0.234375,437.7222729945582,1996.0,0.0,49.09326424870466,51.0,6.286692809155217,0.16145833333333334,10.341968911917098,9.0,9.350086355387054,0.16666666666666666
2024-01-01 00:34:38.000000,2024-01-01 00:34:44.000000,5,-37.854922279792746,-36.0,4.221681280304069,0.13541666666666666,402.9925882367292,1927.0000000000005,0.0,51.47150259067357,53.0,4.091462951638286,0.09375,9.984455958549223,8.0,4.8728378580678235,0.10416666666666667
2024-01-01 00:34:40.000000,2024-01-01 00:34:46.000000,5,-35.43523316062176,-35.0,1.6479792147439183,0.140625,119.5560581001506,1464.0,0.0,53.72020725388601,54.0,1.1612026625394765,0.171875,7.585492227979275,7.0,2.1732744331211427,0.13020833333333334
2024-01-01 00:34:42.000000,2024-01-01 00:34:48.000000,5,-34.81347150259067,-35.0,0.9389848632445648,0.21354166666666666,48.5558151154501,1368.0,0.0,54.10880829015544,54.0,0.615405633110593,0.18229166666666666,7.0880829015544045,7.0,0.7688688616564412,0.13541666666666666
2024-01-01 00:34:44.000000,2024-01-01 00:34:50.000000,5,-34.1139896373057,-34.0,0.7888950209367038,0.2708333333333333,51.189860872952394,1455.0,0.0,54.50777202072539,54.0,0.5873596550848682,0.28125,7.538860103626943,7.0,0.8778481895343516,0.140625
2024-01-01 00:34:46.000000,2024-01-01 00:34:52.000000,5,-33.917098445595855,-34.0,1.182937672547877,0.21875,171.18666553590683,1693.9999999999998,0.0,54.46632124352332,54.0,0.7072212645971884,0.2916666666666667,8.77720207253886,8.0,1.9650854640012512,0.06770833333333333
2024-01-01 00:34:48.000000,2024-01-01 00:34:54.000000,5,-33.93782383419689,-34.0,1.337079151099132,0.21875,341.63210672907104,2168.0,0.0,53.968911917098445,54.0,1.1587831968963502,0.036458333333333336,11.233160621761659,11.0,3.1987202616996613,0.036458333333333336
2024-01-01 00:34:50.000000,2024-01-01 00:34:56.000000,5,-34.15544041450777,-34.0,1.3057101906241761,0.171875,354.50010397209337,2823.0,0.0,52.968911917098445,53.0,1.278454208830333,0.11979166666666667,14.626943005181348,15.0,3.401240503151217,0.09895833333333333
2024-01-01 00:34:52.000000,2024-01-01 00:34:58.000000,5,-34.44559585492228,-34.0,0.9619824270654461,0.21354166666666666,156.76609269974702,3285.0,0.0,52.16580310880829,52.0,0.6153179247608126,0.15104166666666666,17.020725388601036,17.0,1.8734953663506795,0.13020833333333334
2024-01-01 00:34:54.000000,2024-01-01 00:35:00.000000,5,-33.80829015544042,-34.0,1.435971534782171,0.22395833333333334,83.50964263974565,3504.9999999999995,0.0,52.181347150259064,52.0,1.0622618599325486,0.16666666666666666,18.16062176165803,18.0,2.128698650521557,0.15625
2024-01-01 00:34:56.000000,2024-01-01 00:35:02.000000,5,-33.523316062176164,-34.0,2.3342391222393535,0.24479166666666666,150.47198264805778,3369.0,0.0,52.58031088082902,52.0,1.612136879894633,0.21354166666666666,17.4559585492228,17.0,2.621898611999748,0.21875
2024-01-01 00:34:58.000000,2024-01-01 00:35:04.000000,5,-32.196891191709845,-31.0,2.60260099739487,0.16145833333333334,139.91501177506126,3338.0000000000005,0.0,53.38341968911917,54.0,1.7314898194383517,0.09895833333333333,17.295336787564768,17.0,2.588200190194925,0.23958333333333334
2024-01-01 00:35:00.000000,2024-01-01 00:35:06.000000,5,-31.678756476683937,-31.0,2.451703172408089,0.15104166666666666,82.95719395680433,3273.0,0.0,53.751295336787564,54.0,1.4542720404141185,0.125,16.958549222797927,17.0,1.6827377150395608,0.17708333333333334
2024-01-01 00:35:02.000000,2024-01-01 00:35:08.000000,5,-31.305699481865286,-31.0,1.3787141702996855,0.14583333333333334,73.2117878478102,3327.0,0.0,53.92746113989637,54.0,0.695912380584493,0.17708333333333334,17.238341968911918,17.0,1.0826190019030335,0.19791666666666666
2024-01-01 00:35:04.000000,2024-01-01 00:35:10.000000,5,-31.626943005181346,-31.0,1.2143668968958026,0.19270833333333334,107.84859034972582,3383.0000000000005,0.0,53.61139896373057,54.0,0.5944838547350011,0.2864583333333333,17.528497409326423,18.0,1.1728110467144044,0.13020833333333334
2024-01-01 00:35:06.000000,2024-01-01 00:35:12.000000,5,-31.466321243523318,-31.0,1.2707262688839738,0.13020833333333334,104.46719551594599,3518.9999999999995,0.0,53.52849740932643,54.0,0.540511256091862,0.296875,18.23316062176166,18.0,1.3356251891684585,0.140625
2024-01-01 00:35:08.000000,2024-01-01 00:35:14.000000,5,-30.870466321243523,-31.0,1.5873222637233804,0.13020833333333334,97.0118816351868,3752.0000000000005,0.0,53.424870466321245,54.0,0.8265157217754359,0.2552083333333333,19.440414507772022,19.0,1.6322989393148637,0.09895833333333333
2024-01-01 00:35:10.000000,2024-01-01 00:35:16.000000,5,-30.031088082901555,-30.0,3.349295223985089,0.15104166666666666,140.33274141129496,3785.0,0.0,53.83937823834197,54.0,1.564616442262756,0.22395833333333334,19.61139896373057,20.0,2.22422144885364,0.140625
2024-01-01 00:35:12.000000,2024-01-01 00:35:18.000000,5,-29.466321243523318,-29.0,3.389652674011275,0.25,175.3785163758976,3687.0,0.0,54.37823834196891,54.0,1.7160222309352269,0.15104166666666666,19.10362694300518,19.0,2.4515380600968917,0.08854166666666667
2024-01-01 00:35:14.000000,2024-01-01 00:35:20.000000,5,-28.88082901554404,-29.0,3.2534109243203586,0.203125,99.39284082442992,3518.0,0.0,55.056994818652846,55.0,1.5144667945676489,0.17708333333333334,18.2279792746114,18.0,2.0841276551357284,0.140625
2024-01-01 00:35:16.000000,2024-01-01 00:35:22.000000,5,-34.20725388601036,-30.0,8.22018281064445,0.036458333333333336,851.0014025486122,2504.0,0.0,52.30051813471503,55.0,5.151137590876231,0.046875,12.974093264248705,17.0,8.996779072465685,0.046875
2024-01-01 00:35:18.000000,2024-01-01 00:35:24.000000,5,-36.49740932642487,-36.0,8.782750822120269,0.06770833333333333,892.8211105484305,2804.0,0.0,50.05181347150259,50.0,5.245773033121611,0.125,14.528497409326425,18.0,10.961602791165868,0.057291666666666664
2024-01-01 00:35:20.000000,2024-01-01 00:35:26.000000,5,-36.35233160621762,-37.0,10.354156132819224,0.125,1458.6932990931577,3885.0000000000005,0.0,46.66321243523316,49.0,7.5846297455123874,0.16666666666666666,20.129533678756477,21.0,16.94134514441652,0.046875
2024-01-01 00:35:22.000000,2024-01-01 00:35:28.000000,5,-26.580310880829014,-25.0,12.073776072664662,0.109375,842.4884449332383,5922.0,0.0,48.50259067357513,50.0,7.776918541649659,0.19270833333333334,30.683937823834196,30.0,11.42997708131768,0.16145833333333334
2024-01-01 00:35:24.000000,2024-01-01 00:35:30.000000,5,-19.11917098445596,-18.0,10.11709029196737,0.15104166666666666,378.51703312146344,6554.0,0.0,50.53367875647668,52.0,8.088067048668993,0.15625,33.95854922279793,33.0,9.025331363313832,0.25
2024-01-01 00:35:26.000000,2024-01-01 00:35:32.000000,5,-16.010362694300518,-17.0,6.412057032544308,0.19791666666666666,253.29686856585482,6361.000000000001,0.0,53.25388601036269,53.0,3.6774648660599523,0.265625,32.95854922279793,32.0,4.738840176416227,0.3020833333333333
2024-01-01 00:35:28.000000,2024-01-01 00:35:34.000000,5,-18.813471502590673,-19.0,6.2120870813870415,0.1875,274.70950262526065,6412.000000000001,0.0,52.067357512953365,52.0,4.067224401856929,0.22916666666666666,33.22279792746114,33.0,4.4096365172383925,0.21354166666666666
2024-01-01 00:35:30.000000,2024-01-01 00:35:36.000000,5,-21.05181347150259,-20.0,4.29478963959345,0.19791666666666666,322.74252534457764,6795.0,0.0,49.979274611398964,49.0,3.7638059046312997,0.16145833333333334,35.20725388601036,37.0,4.399165311785238,0.171875
2024-01-01 00:35:32.000000,2024-01-01 00:35:38.000000,5,-21.082901554404145,-20.0,3.2409116315937436,0.109375,167.49380435136956,7282.0,0.0,48.129533678756474,48.0,1.8282528915821745,0.171875,37.73056994818653,38.0,2.443091489820601,0.140625
2024-01-01 00:35:34.000000,2024-01-01 00:35:40.000000,5,-19.528497409326423,-19.0,1.8513695159607322,0.234375,81.16030231070377,7551.0,0.0,47.66839378238342,48.0,0.996810544082712,0.16666666666666666,39.12435233160622,39.0,1.239572221325789,0.171875
2024-01-01 00:35:36.000000,2024-01-01 00:35:42.000000,5,-19.523316062176164,-19.0,3.612871288388145,0.265625,351.2244772389509,7303.0,0.0,48.295336787564764,47.0,3.296277732714844,0.109375,37.83937823834197,40.0,5.33659766249986,0.08854166666666667
2024-01-01 00:35:38.000000,2024-01-01 00:35:44.000000,5,-16.098445595854923,-18.0,8.252881294104315,0.17708333333333334,859.1574587344433,6694.000000000001,0.0,50.89119170984456,48.0,7.923696996558124,0.15625,34.6839378238342,40.0,10.192348081417776,0.13020833333333334
2024-01-01 00:35:40.000000,2024-01-01 00:35:46.000000,5,-14.046632124352332,-14.0,8.825442715194004,0.20833333333333334,732.9539246932341,6273.0,0.0,53.04145077720207,52.0,7.816804945177391,0.22916666666666666,32.50259067357513,34.0,9.90744898229547,0.25
2024-01-01 00:35:42.000000,2024-01-01 00:35:48.000000,5,-11.917098445595855,-13.0,7.339488506505953,0.20833333333333334,579.2146808950193,6528.0,0.0,53.020725388601036,52.0,7.345604233444948,0.19270833333333334,33.82383419689119,36.0,9.426251674925343,0.21354166666666666
2024-01-01 00:35:44.000000,2024-01-01 00:35:50.000000,5,-17.2279792746114,-16.0,10.686334954022744,0.16666666666666666,637.003102094715,7190.0,0.0,48.145077720207254,50.0,7.931325624749189,0.109375,37.25388601036269,37.0,9.700880432952397,0.16666666666666666
2024-01-01 00:35:46.000000,2024-01-01 00:35:52.000000,5,-25.746113989637305,-21.0,15.849316426093548,0.13020833333333334,558.5333011221294,7261.0,0.0,43.82383419689119,46.0,10.33803917444532,0.109375,37.62176165803109,39.0,11.029172632783048,0.2604166666666667
2024-01-01 00:35:48.000000,2024-01-01 00:35:54.000000,5,-32.5440414507772,-34.0,19.4068120084574,0.2864583333333333,581.8467212850899,7269.0,0.0,40.49222797927461,40.0,15.331109158540615,0.2708333333333333,37.66321243523316,38.0,13.20454246499456,0.3229166666666667
2024-01-01 00:35:50.000000,2024-01-01 00:35:56.000000,5,-34.145077720207254,-34.0,27.857518605081644,0.375,436.7316872023585,7262.0,0.0,40.984455958549226,39.0,17.84875015580509,0.3177083333333333,37.626943005181346,38.0,12.841408423284792,0.3854166666666667
2024-01-01 00:35:52.000000,2024-01-01 00:35:58.000000,5,-29.59585492227979,-29.0,27.447532968596214,0.4322916666666667,428.78492161799466,7943.0,0.0,40.75647668393783,40.0,17.36248866152513,0.3541666666666667,41.15544041450777,41.0,11.879020544720845,0.3020833333333333
2024-01-01 00:35:54.000000,2024-01-01 00:36:00.000000,5,-25.93782383419689,-26.0,23.770304246888326,0.4739583333333333,444.997371044695,8305.0,0.0,41.35751295336787,40.0,13.409482731101773,0.3958333333333333,43.031088082901555,43.0,9.653316968659496,0.3385416666666667
2024-01-01 00:35:56.000000,2024-01-01 00:36:02.000000,5,-25.321243523316063,-25.0,10.89678921115126,0.546875,250.5268189186335,8467.0,0.0,40.63212435233161,40.0,10.441025060681985,0.4635416666666667,43.870466321243526,44.0,6.592199327152656,0.40625
2024-01-01 00:35:58.000000,2024-01-01 00:36:04.000000,5,-26.27461139896373,-26.0,9.333643669279311,0.5364583333333334,215.5250641546782,8274.0,0.0,40.95854922279793,41.0,10.65062312187805,0.5260416666666666,42.870466321243526,43.0,6.203057738103463,0.421875
2024-01-01 00:36:00.000000,2024-01-01 00:36:06.000000,5,-25.036269430051814,-25.0,11.060615685561816,0.4739583333333333,262.92875750789466,8381.0,0.0,41.53367875647668,42.0,11.742469015661275,0.5260416666666666,43.424870466321245,44.0,7.398324916606144,0.4114583333333333
2024-01-01 00:36:02.000000,2024-01-01 00:36:08.000000,5,-23.300518134715027,-23.0,10.797031311745139,0.453125,265.4132261108239,8462.0,0.0,41.87564766839378,41.0,12.409047342908693,0.5208333333333334,43.84455958549223,44.0,7.952769691658777,0.421875
2024-01-01 00:36:04.000000,2024-01-01 00:36:10.000000,5,-20.383419689119172,-21.0,9.807423565586355,0.484375,263.3403511440957,8638.0,0.0,42.87564766839378,43.0,12.03013047692678,0.5416666666666666,44.75647668393783,44.0,7.734377535065269,0.4895833333333333
2024-01-01 00:36:06.000000,2024-01-01 00:36:12.000000,5,-20.818652849740932,-21.0,8.138339322351582,0.4166666666666667,343.2730890268754,8526.0,0.0,42.64248704663213,43.0,11.022782185805754,0.5416666666666666,44.17616580310881,44.0,6.662242163043374,0.453125
2024-01-01 00:36:08.000000,2024-01-01 00:36:14.000000,5,-21.60621761658031,-21.0,7.4449621315287,0.3958333333333333,320.75517855342775,8421.0,0.0,42.29015544041451,43.0,10.541028792131526,0.5729166666666666,43.63212435233161,44.0,6.041902651576127,0.4114583333333333
2024-01-01 00:36:10.000000,2024-01-01 00:36:16.000000,5,-23.202072538860104,-23.0,7.926458583895503,0.4427083333333333,238.5417290985838,8452.0,0.0,40.626943005181346,41.0,11.416166327929133,0.546875,43.79274611398964,44.0,6.779146119319244,0.359375
2024-01-01 00:36:12.000000,2024-01-01 00:36:18.000000,5,-25.357512953367877,-24.0,9.496252442361147,0.515625,289.0861243655017,8155.0,0.0,40.61658031088083,40.0,11.87469888719227,0.5520833333333334,42.25388601036269,43.0,7.973445376651092,0.3385416666666667
2024-01-01 00:36:14.000000,2024-01-01 00:36:20.000000,5,-25.041450777202073,-24.0,9.822292988449796,0.4895833333333333,277.3732170508734,8068.0,0.0,41.84455958549223,42.0,10.39915280693095,0.5104166666666666,41.803108808290155,43.0,7.9433273014718075,0.3958333333333333
2024-01-01 00:36:16.000000,2024-01-01 00:36:22.000000,5,-26.025906735751295,-24.0,9.755572784076962,0.4270833333333333,326.6036969918083,7922.0,0.0,42.50259067357513,42.0,8.452763571960014,0.5208333333333334,41.04663212435233,42.0,7.278886530175542,0.3802083333333333
2024-01-01 00:36:18.000000,2024-01-01 00:36:24.000000,5,-24.83419689119171,-24.0,9.000200894898507,0.4635416666666667,265.04769715329434,7997.0,0.0,42.75647668393783,43.0,8.23342856013959,0.515625,41.43523316062176,42.0,6.492560010675911,0.3854166666666667
2024-01-01 00:36:20.000000,2024-01-01 00:36:26.000000,5,-24.72538860103627,-24.0,9.22531774403522,0.4270833333333333,250.4636765241873,7997.0,0.0,43.082901554404145,43.0,9.430301773386308,0.5208333333333334,41.43523316062176,41.0,6.717297484273567,0.3229166666666667
2024-01-01 00:36:22.000000,2024-01-01 00:36:28.000000,5,-24.259067357512954,-25.0,8.533343495311849,0.4322916666666667,301.945798889288,8001.0,0.0,43.33160621761658,43.0,9.461758888324855,0.53125,41.4559585492228,41.0,6.698054617942402,0.3385416666666667
2024-01-01 00:36:24.000000,2024-01-01 00:36:30.000000,5,-24.481865284974095,-25.0,8.245638534153919,0.4427083333333333,287.6449205956537,8010.0,0.0,43.44559585492228,42.0,10.141621838903085,0.5572916666666666,41.50259067357513,41.0,6.992648187212114,0.3645833333333333
2024-01-01 00:36:26.000000,2024-01-01 00:36:32.000000,5,-24.585492227979273,-25.0,9.110101815841103,0.4791666666666667,247.0818759068426,8027.0,0.0,42.689119170984455,42.0,11.351703972279491,0.5625,41.590673575129536,41.0,7.323856286008088,0.4114583333333333
2024-01-01 00:36:28.000000,2024-01-01 00:36:34.000000,5,-24.378238341968913,-24.0,9.49050748364195,0.4947916666666667,267.58351701001135,8085.999999999998,0.0,42.79274611398964,42.0,11.368750537053218,0.5989583333333334,41.89637305699482,42.0,7.198787318715814,0.3958333333333333
2024-01-01 00:36:30.000000,2024-01-01 00:36:36.000000,5,-24.564766839378237,-24.0,9.417802406023114,0.4947916666666667,201.85844152244056,8139.000000000001,0.0,42.54922279792746,42.0,10.984786445214926,0.5625,42.170984455958546,43.0,6.294573354350463,0.4791666666666667
2024-01-01 00:36:32.000000,2024-01-01 00:36:38.000000,5,-24.906735751295336,-25.0,9.554209707942915,0.5,233.7722932705368,8134.0,0.0,42.409326424870464,42.0,9.773652723765398,0.5729166666666666,42.145077720207254,43.0,6.9259242102266105,0.4270833333333333
2024-01-01 00:36:34.000000,2024-01-01 00:36:40.000000,5,-25.243523316062177,-25.0,9.394023588870509,0.4895833333333333,279.03769734922423,8110.0,0.0,41.93782383419689,42.0,10.312122186516087,0.5572916666666666,42.020725388601036,42.0,7.2958025526831225,0.4270833333333333
2024-01-01 00:36:36.000000,2024-01-01 00:36:42.000000,5,-24.207253886010363,-25.0,10.540030302316396,0.515625,351.97522736175716,8086.0,0.0,42.60621761658031,42.0,11.0170494147282,0.5989583333333334,41.89637305699482,42.0,8.304092697385444,0.3958333333333333
2024-01-01 00:36:38.000000,2024-01-01 00:36:44.000000,5,-22.305699481865286,-23.0,11.871044018818159,0.4895833333333333,324.6858738414031,8072.0,0.0,43.36787564766839,43.0,12.409438786039276,0.546875,41.82383419689119,42.0,9.530655135178247,0.40625
2024-01-01 00:36:40.000000,2024-01-01 00:36:46.000000,5,-21.05699481865285,-22.0,12.57733847064558,0.4375,321.7819422004114,8046.0,0.0,44.22279792746114,43.0,12.541892236852819,0.5520833333333334,41.689119170984455,42.0,10.915715722797689,0.390625
2024-01-01 00:36:42.000000,2024-01-01 00:36:48.000000,5,-21.357512953367877,-22.0,11.864322306073088,0.4427083333333333,390.7915904530135,8020.0,0.0,44.20725388601036,44.0,12.416745632696244,0.53125,41.55440414507772,41.0,10.169316276098217,0.421875
2024-01-01 00:36:44.000000,2024-01-01 00:36:50.000000,5,-20.616580310880828,-23.0,22.56283205469012,0.4479166666666667,430.32833974642244,7937.0,0.0,45.61658031088083,45.0,20.977123817661113,0.5677083333333334,41.12435233160622,42.0,15.264510778006697,0.453125
2024-01-01 00:36:46.000000,2024-01-01 00:36:52.000000,5,-22.906735751295336,-25.0,32.43361178073375,0.4791666666666667,761.4184193600909,7703.000000000001,0.0,44.310880829015545,44.0,31.10042094689823,0.5416666666666666,39.9119170984456,42.0,26.476355665507004,0.4895833333333333
2024-01-01 00:36:48.000000,2024-01-01 00:36:54.000000,5,-24.440414507772022,-26.0,38.36078487849219,0.5052083333333334,920.6926538267263,7746.0,0.0,43.16062176165803,44.0,33.691926945161,0.5416666666666666,40.134715025906736,42.0,30.526499537400422,0.46875
2024-01-01 00:36:50.000000,2024-01-01 00:36:56.000000,5,-26.010362694300518,-27.0,35.3357393496811,0.5572916666666666,843.734600268459,7774.000000000001,0.0,40.72538860103627,41.0,29.913977850024292,0.5416666666666666,40.27979274611399,41.0,28.278828505146546,0.5052083333333334
2024-01-01 00:36:52.000000,2024-01-01 00:36:58.000000,5,-28.590673575129532,-27.0,28.599849141177305,0.5572916666666666,677.8352390615946,7896.0,0.0,39.461139896373055,39.0,23.123981796190197,0.5885416666666666,40.9119170984456,42.0,20.703952746430446,0.5729166666666666
2024-01-01 00:36:54.000000,2024-01-01 00:37:00.000000,5,-28.264248704663213,-27.0,22.585661394001523,0.5885416666666666,404.6605638020646,8191.0,0.0,39.284974093264246,37.0,23.4839624381449,0.5989583333333334,42.44041450777202,42.0,12.14743730836351,0.515625
2024-01-01 00:36:56.000000,2024-01-01 00:37:02.000000,5,-25.99481865284974,-26.0,30.958725447717484,0.5729166666666666,542.0929554722848,8420.0,0.0,39.74611398963731,37.0,31.933244137958155,0.625,43.626943005181346,45.0,19.77413344819294,0.5104166666666666
2024-01-01 00:36:58.000000,2024-01-01 00:37:04.000000,5,-22.04663212435233,-23.0,36.1295830650245,0.5989583333333334,715.2912157893023,8726.0,0.0,38.248704663212436,37.0,35.319233294352,0.640625,45.21243523316062,45.0,24.7588673251878,0.4270833333333333
2024-01-01 00:37:00.000000,2024-01-01 00:37:06.000000,5,-20.077720207253886,-23.0,33.85860874935858,0.5625,798.3934084906658,8724.0,0.0,39.09844559585492,38.0,32.17539250713051,0.5989583333333334,45.2020725388601,45.0,24.8039310530047,0.4375
2024-01-01 00:37:02.000000,2024-01-01 00:37:08.000000,5,-22.352331606217618,-24.0,25.541636907008606,0.5,626.9933152553832,8647.0,0.0,39.854922279792746,40.0,22.68740677481238,0.609375,44.803108808290155,43.0,18.727002303758447,0.390625
2024-01-01 00:37:04.000000,2024-01-01 00:37:10.000000,5,-24.730569948186528,-25.0,10.21487621205631,0.4166666666666667,230.81948199184308,8387.0,0.0,41.26424870466321,42.0,10.363076309884555,0.5416666666666666,43.4559585492228,44.0,7.920791353453239,0.4270833333333333
2024-01-01 00:37:06.000000,2024-01-01 00:37:12.000000,5,-23.466321243523318,-24.0,11.288367696457788,0.375,244.5772091942657,8240.0,0.0,41.637305699481864,43.0,11.024738139124635,0.5520833333333334,42.69430051813472,43.0,8.291236503886806,0.3489583333333333
2024-01-01 00:37:08.000000,2024-01-01 00:37:14.000000,5,-22.253886010362695,-22.0,11.685229187929467,0.421875,289.36621006987343,8343.0,0.0,41.29015544041451,42.0,10.629594912156612,0.4739583333333333,43.2279792746114,44.0,8.9512478506017,0.421875
2024-01-01 00:37:10.000000,2024-01-01 00:37:16.000000,5,-21.196891191709845,-21.0,11.842393421586735,0.359375,310.6560914559306,8304.000000000002,0.0,42.056994818652846,43.0,9.592307317420973,0.4635416666666667,43.02590673575129,43.0,10.014799066652467,0.4010416666666667
2024-01-01 00:37:12.000000,2024-01-01 00:37:18.000000,5,-20.854922279792746,-22.0,10.91681086669254,0.3125,344.71531784429556,8169.0,0.0,43.53367875647668,44.0,8.322919875286063,0.4166666666666667,42.32642487046632,42.0,9.66642471854917,0.4427083333333333
2024-01-01 00:37:14.000000,2024-01-01 00:37:20.000000,5,-19.93782383419689,-21.0,10.960928214479402,0.359375,317.25491733787186,7923.0,0.0,45.62176165803109,46.0,7.5212852822548815,0.4479166666666667,41.05181347150259,40.0,9.729540998852885,0.390625
2024-01-01 00:37:16.000000,2024-01-01 00:37:22.000000,5,-18.28497409326425,-19.0,15.909137577595683,0.453125,299.334345719143,7674.0,0.0,47.424870466321245,47.0,9.535340139275334,0.5625,39.76165803108808,40.0,10.27665139543429,0.4739583333333333
2024-01-01 00:37:18.000000,2024-01-01 00:37:24.000000,5,-17.46113989637306,-17.0,16.336621461526306,0.53125,292.6173437795538,8024.0,0.0,47.72538860103627,48.0,9.62701429027077,0.5885416666666666,41.575129533678755,42.0,9.83540601966565,0.4427083333333333
2024-01-01 00:37:20.000000,2024-01-01 00:37:26.000000,5,-17.238341968911918,-17.0,29.480310896765456,0.5416666666666666,608.1490148289955,8042.0,0.0,46.79274611398964,48.0,23.925852240629055,0.5572916666666666,41.66839378238342,43.0,20.762643888984712,0.453125
2024-01-01 00:37:22.000000,2024-01-01 00:37:28.000000,5,-21.39896373056995,-19.0,32.80246114629032,0.4791666666666667,642.8247920653323,7894.0,0.0,44.07253886010363,46.0,27.068872850098213,0.5208333333333334,40.90155440414508,42.0,22.614192807200602,0.4166666666666667
2024-01-01 00:37:24.000000,2024-01-01 00:37:30.000000,5,-24.83937823834197,-23.0,36.68020730509484,0.5572916666666666,939.9701941493969,7607.0,0.0,42.538860103626945,44.0,30.369937725386734,0.4791666666666667,39.41450777202073,39.0,27.349668585956543,0.4322916666666667
2024-01-01 00:37:26.000000,2024-01-01 00:37:32.000000,5,-26.756476683937823,-24.0,31.382017343083426,0.578125,735.766885052679,7771.0,0.0,41.590673575129536,42.0,23.59716870512435,0.4895833333333333,40.26424870466321,41.0,22.678174543037866,0.484375
2024-01-01 00:37:28.000000,2024-01-01 00:37:34.000000,5,-26.145077720207254,-23.0,31.2922995239905,0.6041666666666666,739.3858355714619,7891.0,0.0,42.248704663212436,42.0,20.58393160940989,0.4947916666666667,40.8860103626943,42.0,22.416917466221637,0.515625
2024-01-01 00:37:30.000000,2024-01-01 00:37:36.000000,5,-26.54922279792746,-23.0,30.93708184763034,0.5885416666666666,574.2300390668399,7830.0,0.0,42.43523316062176,43.0,17.58394159905267,0.5,40.5699481865285,42.0,18.748514621647622,0.5625
2024-01-01 00:37:32.000000,2024-01-01 00:37:38.000000,5,-24.430051813471504,-23.0,31.05952833701977,0.5729166666666666,570.0549101498167,8043.000000000001,0.0,43.134715025906736,43.0,17.269387868139443,0.4947916666666667,41.67357512953368,42.0,18.242069514523596,0.5260416666666666
2024-01-01 00:37:34.000000,2024-01-01 00:37:40.000000,5,-19.28497409326425,-20.0,34.402135231157764,0.578125,690.9915608262324,8200.0,0.0,43.26943005181347,43.0,20.879863410176654,0.5,42.487046632124354,43.0,21.2465950233527,0.5364583333333334
2024-01-01 00:37:36.000000,2024-01-01 00:37:42.000000,5,-18.1139896373057,-18.0,36.45641606110953,0.5625,739.8193981517245,8432.0,0.0,43.23834196891192,41.0,22.111582121216056,0.5208333333333334,43.689119170984455,45.0,23.44556496243158,0.5104166666666666
2024-01-01 00:37:38.000000,2024-01-01 00:37:44.000000,5,-18.523316062176164,-17.0,36.88680214222688,0.53125,672.4757472574815,8550.000000000002,0.0,42.09326424870466,41.0,23.378043612401584,0.5572916666666666,44.30051813471503,47.0,24.36234393102337,0.5104166666666666
2024-01-01 00:37:40.000000,2024-01-01 00:37:46.000000,5,-20.476683937823836,-17.0,33.854786795170625,0.4895833333333333,600.5129137405806,8635.0,0.0,42.32124352331606,41.0,20.728412829871843,0.5260416666666666,44.740932642487046,45.0,22.287777694115533,0.484375
2024-01-01 00:37:42.000000,2024-01-01 00:37:48.000000,5,-18.917098445595855,-16.0,31.255055722295538,0.53125,549.4609967141995,8542.000000000002,0.0,42.27461139896373,43.0,18.87078396565471,0.5364583333333334,44.259067357512954,45.0,19.792286827844013,0.46875
2024-01-01 00:37:44.000000,2024-01-01 00:37:50.000000,5,-18.99481865284974,-16.0,29.48507698278034,0.546875,497.5894752671268,8223.0,0.0,42.93782383419689,44.0,16.725301113073293,0.4947916666666667,42.60621761658031,44.0,17.930431612389114,0.4635416666666667
2024-01-01 00:37:46.000000,2024-01-01 00:37:52.000000,5,-18.55440414507772,-15.0,25.94582484440702,0.5260416666666666,471.5818172826432,8321.0,0.0,42.9119170984456,44.0,18.515407799805317,0.5104166666666666,43.1139896373057,45.0,16.056782741904605,0.4375
2024-01-01 00:37:48.000000,2024-01-01 00:37:54.000000,5,-19.77720207253886,-17.0,24.24800460960644,0.53125,610.1734918463636,8369.0,0.0,42.32642487046632,43.0,19.56059432053923,0.453125,43.362694300518136,44.0,15.741831777240412,0.4270833333333333
2024-01-01 00:37:50.000000,2024-01-01 00:37:56.000000,5,-19.730569948186528,-17.0,27.861636336743878,0.5572916666666666,522.5720838136344,8630.0,0.0,42.64766839378238,42.0,19.779782587854648,0.46875,44.715025906735754,45.0,18.77960529749051,0.4427083333333333
2024-01-01 00:37:52.000000,2024-01-01 00:37:58.000000,5,-21.528497409326423,-20.0,33.18352481404935,0.5885416666666666,757.1265029294572,8416.000000000002,0.0,42.78756476683938,43.0,18.08577510714574,0.4739583333333333,43.60621761658031,44.0,24.82292209108138,0.4791666666666667
2024-01-01 00:37:54.000000,2024-01-01 00:38:00.000000,5,-20.2279792746114,-19.0,33.852311660351475,0.546875,1223.7158298082568,8301.0,0.0,42.968911917098445,42.0,17.70060813919706,0.5260416666666666,43.01036269430052,44.0,27.135268723967606,0.484375
2024-01-01 00:37:56.000000,2024-01-01 00:38:02.000000,5,-18.440414507772022,-16.0,31.422819200287485,0.5416666666666666,877.9066428395902,8235.0,0.0,42.74611398963731,44.0,19.701755366153847,0.5104166666666666,42.66839378238342,44.0,26.606975236971117,0.4791666666666667
2024-01-01 00:37:58.000000,2024-01-01 00:38:04.000000,5,-17.590673575129532,-18.0,28.961240550629626,0.5104166666666666,1168.8653645548377,8371.0,0.0,42.07772020725388,43.0,20.906019143828928,0.5104166666666666,43.373056994818654,43.0,24.59453910173848,0.46875
2024-01-01 00:38:00.000000,2024-01-01 00:38:06.000000,5,-16.569948186528496,-16.0,30.259580585077536,0.5208333333333334,766.8160467477883,8545.0,0.0,42.20725388601036,43.0,20.260762294981586,0.5104166666666666,44.27461139896373,46.0,25.546775481035,0.4791666666666667
2024-01-01 00:38:02.000000,2024-01-01 00:38:08.000000,5,-17.575129533678755,-16.0,36.667080534247724,0.5364583333333334,953.4803549786748,8351.000000000002,0.0,42.38341968911917,42.0,21.70656905934588,0.578125,43.26943005181347,46.0,30.907286563111626,0.4635416666666667
2024-01-01 00:38:04.000000,2024-01-01 00:38:10.000000,5,-16.440414507772022,-12.0,39.023067748371034,0.5885416666666666,909.1158337559385,8458.0,0.0,42.73575129533679,42.0,21.889105370887677,0.5625,43.82383419689119,48.0,30.74830706405963,0.4635416666666667
2024-01-01 00:38:06.000000,2024-01-01 00:38:12.000000,5,-18.60621761658031,-15.0,39.653188747017104,0.609375,893.3124390092388,8446.0,0.0,41.67875647668394,39.0,23.731580895063207,0.546875,43.76165803108808,49.0,29.476953945468672,0.4947916666666667
2024-01-01 00:38:08.000000,2024-01-01 00:38:14.000000,5,-18.28497409326425,-13.0,34.688744454018504,0.5989583333333334,668.5977522197346,8493.0,0.0,41.21243523316062,38.0,21.612386754503824,0.4947916666666667,44.005181347150256,47.0,24.32965812913292,0.5260416666666666
2024-01-01 00:38:10.000000,2024-01-01 00:38:16.000000,5,-13.937823834196891,-12.0,36.12516247699984,0.578125,668.8743755453722,8924.0,0.0,42.295336787564764,39.0,23.16248828511,0.53125,46.23834196891192,49.0,24.98010002455184,0.5416666666666666
2024-01-01 00:38:12.000000,2024-01-01 00:38:18.000000,5,-14.984455958549223,-13.0,38.15968049470128,0.5520833333333334,984.0117939103374,9021.0,0.0,44.16580310880829,41.0,26.580527637386457,0.5104166666666666,46.740932642487046,47.0,26.713667560676033,0.5208333333333334
2024-01-01 00:38:14.000000,2024-01-01 00:38:20.000000,5,-17.238341968911918,-15.0,47.61504906262951,0.5052083333333334,979.8349716253848,9223.0,0.0,42.7979274611399,41.0,38.363741506126296,0.53125,47.78756476683938,49.0,32.2425936388434,0.5
2024-01-01 00:38:16.000000,2024-01-01 00:38:22.000000,5,-19.803108808290155,-16.0,51.03871682639538,0.53125,949.5745590018691,8945.0,0.0,42.62176165803109,43.0,39.31108493750498,0.5208333333333334,46.347150259067355,45.0,32.32547216501016,0.5
2024-01-01 00:38:18.000000,2024-01-01 00:38:24.000000,5,-19.694300518134714,-17.0,52.42549096349395,0.5729166666666666,998.3354100477222,9208.0,0.0,42.02590673575129,40.0,37.54489468638966,0.59375,47.70984455958549,50.0,30.188103970436426,0.4739583333333333
2024-01-01 00:38:20.000000,2024-01-01 00:38:26.000000,5,-16.238341968911918,-13.0,49.207629631016374,0.5989583333333334,720.1050087609868,9381.0,0.0,42.64248704663213,42.0,30.403393074606818,0.609375,48.60621761658031,50.0,26.225193888191363,0.53125
2024-01-01 00:38:22.000000,2024-01-01 00:38:28.000000,5,-16.16580310880829,-16.0,54.161347221198255,0.5833333333333334,1334.8150733686646,9552.0,0.0,44.398963730569946,40.0,35.11130217732204,0.5833333333333334,49.49222797927461,52.0,34.651557079460204,0.5364583333333334
2024-01-01 00:38:24.000000,2024-01-01 00:38:30.000000,5,-12.67357512953368,-16.0,66.62396165674465,0.5833333333333334,1486.8807709057662,8633.0,0.0,43.704663212435236,43.0,47.85057937884548,0.5833333333333334,44.73056994818653,51.0,48.70917038259806,0.515625
2024-01-01 00:38:26.000000,2024-01-01 00:38:32.000000,5,-12.689119170984457,-18.0,82.45514396571993,0.578125,1952.2042024289092,8278.0,0.0,42.943005181347154,49.0,55.17936534314117,0.5729166666666666,42.89119170984456,52.0,59.04776998972892,0.5677083333333334
2024-01-01 00:38:28.000000,2024-01-01 00:38:34.000000,5,-5.704663212435233,-18.0,92.08030252751054,0.6302083333333334,2451.888015712764,8475.0,0.0,37.97409326424871,46.0,63.913143799577135,0.578125,43.9119170984456,48.0,62.457381410524725,0.6197916666666666
2024-01-01 00:38:30.000000,2024-01-01 00:38:36.000000,5,-3.6373056994818653,-16.0,93.04883942157977,0.6145833333333334,2649.0437761963535,8902.0,0.0,36.984455958549226,43.0,58.04833444746155,0.5885416666666666,46.12435233160622,49.0,59.498643872152385,0.6770833333333334
2024-01-01 00:38:32.000000,2024-01-01 00:38:38.000000,5,1.5181347150259068,-5.0,94.9638140109304,0.65625,2223.9511887836065,8245.0,0.0,33.917098445595855,39.0,63.072984905349664,0.6302083333333334,42.72020725388601,50.0,62.91375094754847,0.6041666666666666
2024-01-01 00:38:34.000000,2024-01-01 00:38:40.000000,5,-0.44041450777202074,-8.0,84.96180406410457,0.6145833333333334,1942.0243826580113,8297.0,0.0,35.24352331606217,37.0,52.08284438457884,0.6458333333333334,42.98963730569948,51.0,57.0946755432466,0.53125
2024-01-01 00:38:36.000000,2024-01-01 00:38:42.000000,5,-1.2020725388601037,-3.0,75.82920498736318,0.6302083333333334,2188.263572695995,8613.0,0.0,36.83937823834197,39.0,47.920942964547336,0.578125,44.626943005181346,51.0,53.56028242669136,0.5677083333333334
2024-01-01 00:38:38.000000,2024-01-01 00:38:44.000000,5,-3.6373056994818653,-6.0,62.806689673178404,0.6041666666666666,1706.5238964743728,9456.000000000002,0.0,39.10362694300518,39.0,31.85889523393381,0.5625,48.994818652849744,51.0,48.61685850964817,0.5520833333333334
2024-01-01 00:38:40.000000,2024-01-01 00:38:46.000000,5,-0.43005181347150256,-3.0,71.76274950965018,0.640625,2182.239396462264,8585.0,0.0,39.19170984455958,40.0,38.166569327733725,0.546875,44.48186528497409,46.0,60.94055276663144,0.5989583333333334
2024-01-01 00:38:42.000000,2024-01-01 00:38:48.000000,5,3.134715025906736,2.0,77.64128577850992,0.6458333333333334,2256.008935993514,8803.0,0.0,38.77720207253886,41.0,43.45839843130627,0.609375,45.61139896373057,46.0,65.3725642839069,0.59375
2024-01-01 00:38:44.000000,2024-01-01 00:38:50.000000,5,4.518134715025907,2.0,76.5446556255623,0.6302083333333334,2419.024478528195,8738.0,0.0,38.803108808290155,38.0,41.51195348272157,0.6197916666666666,45.27461139896373,51.0,64.44144813300215,0.5989583333333334
2024-01-01 00:38:46.000000,2024-01-01 00:38:52.000000,5,0.8290155440414507,0.0,64.43105801588729,0.6197916666666666,1656.081096719003,9404.0,0.0,39.829015544041454,39.0,32.97358140056924,0.65625,48.72538860103627,52.0,53.49515386909744,0.5729166666666666
2024-01-01 00:38:48.000000,2024-01-01 00:38:54.000000,5,-1.9792746113989637,-5.0,60.26572742076878,0.5677083333333334,1440.9437347523422,8983.0,0.0,38.7720207253886,37.0,31.48196978297633,0.6302083333333334,46.5440414507772,47.0,48.65577837213452,0.5520833333333334
2024-01-01 00:38:50.000000,2024-01-01 00:38:56.000000,5,-6.694300518134715,-16.0,73.07127526894581,0.5729166666666666,1802.8301725179242,8332.0,0.0,38.829015544041454,40.0,32.34831248117845,0.6041666666666666,43.170984455958546,45.0,53.36564894242954,0.5625
2024-01-01 00:38:52.000000,2024-01-01 00:38:58.000000,5,-10.626943005181348,-18.0,88.62741357480928,0.5572916666666666,2076.6461156443643,6744.000000000002,0.0,37.4300518134715,40.0,42.61206461224491,0.5677083333333334,34.943005181347154,39.0,66.28341818538415,0.5885416666666666
2024-01-01 00:38:54.000000,2024-01-01 00:39:00.000000,5,-10.849740932642487,-20.0,88.10950343911091,0.5833333333333334,2317.838099186263,7246.0,0.0,39.44559585492228,43.0,38.47006945046131,0.5416666666666666,37.5440414507772,39.0,67.69354488426704,0.6197916666666666
2024-01-01 00:38:56.000000,2024-01-01 00:39:02.000000,5,-7.398963730569948,-15.0,87.30610301645902,0.53125,2859.4878602757854,6807.999999999998,0.0,36.74611398963731,42.0,55.288191908469685,0.5416666666666666,35.27461139896373,37.0,69.0368427301327,0.6145833333333334
2024-01-01 00:38:58.000000,2024-01-01 00:39:04.000000,5,-4.393782383419689,-12.0,83.7947042547433,0.5416666666666666,2048.9761896822033,7007.0,0.0,37.181347150259064,43.0,62.576979794961886,0.5625,36.30569948186528,35.0,65.02126910555282,0.5520833333333334
2024-01-01 00:39:00.000000,2024-01-01 00:39:06.000000,5,-7.575129533678757,-11.0,92.71161494065885,0.5625,2253.474934772476,5412.0,0.0,35.248704663212436,42.0,71.9492754689084,0.6145833333333334,28.041450777202073,32.0,70.05651247065434,0.5364583333333334
2024-01-01 00:39:02.000000,2024-01-01 00:39:08.000000,5,-9.16580310880829,-17.0,93.87321609214136,0.625,2053.136253518647,5780.0,0.0,35.865284974093264,38.0,67.36160571131681,0.625,29.94818652849741,35.0,69.02729992340005,0.53125
2024-01-01 00:39:04.000000,2024-01-01 00:39:10.000000,5,-9.849740932642487,-11.0,86.91904286721854,0.640625,2198.908044831582,6974.0,0.0,39.10362694300518,40.0,56.175966440523005,0.671875,36.134715025906736,44.0,66.04813969628697,0.5885416666666666
2024-01-01 00:39:06.000000,2024-01-01 00:39:12.000000,5,-9.766839378238341,-11.0,82.09625028777266,0.671875,1862.5592820457284,7610.0,0.0,38.77720207253886,40.0,49.56022323948405,0.6302083333333334,39.4300518134715,44.0,64.97713162222126,0.640625
2024-01-01 00:39:08.000000,2024-01-01 00:39:14.000000,5,-6.051813471502591,-7.0,75.11544870873782,0.6354166666666666,1873.3649392762889,8536.0,0.0,41.740932642487046,43.0,41.397152090560304,0.65625,44.2279792746114,47.0,61.33242620954734,0.625
2024-01-01 00:39:10.000000,2024-01-01 00:39:16.000000,5,-6.860103626943006,-5.0,77.88015709241475,0.6145833333333334,2275.4654912307533,7945.0,0.0,39.41968911917098,42.0,39.83958753952549,0.6458333333333334,41.16580310880829,49.0,64.0466421145444,0.5677083333333334
2024-01-01 00:39:12.000000,2024-01-01 00:39:18.000000,5,-3.0725388601036268,-3.0,75.16713961150033,0.5833333333333334,2090.7593390727143,8483.000000000002,0.0,40.54922279792746,43.0,36.30238903865205,0.65625,43.95336787564767,52.0,61.94606946733991,0.5208333333333334
2024-01-01 00:39:14.000000,2024-01-01 00:39:20.000000,5,-2.7875647668393784,-1.0,73.28981746845595,0.5833333333333334,1714.000207848229,8798.0,0.0,39.38341968911917,39.0,34.00165643506433,0.6145833333333334,45.58549222797927,52.0,58.90046509517835,0.5729166666666666
2024-01-01 00:39:16.000000,2024-01-01 00:39:22.000000,5,-5.549222797927461,-8.0,66.91403776423631,0.5416666666666666,2006.7012462073246,9150.0,0.0,39.52849740932643,42.0,33.539784620923875,0.59375,47.409326424870464,49.0,51.26070331385859,0.5572916666666666
2024-01-01 00:39:18.000000,2024-01-01 00:39:24.000000,5,-7.865284974093265,-10.0,57.57162646657566,0.5625,1323.3921932004143,9266.0,0.0,40.015544041450774,42.0,28.538073377934115,0.625,48.01036269430052,47.0,43.333852918035504,0.5520833333333334
2024-01-01 00:39:20.000000,2024-01-01 00:39:26.000000,5,-10.005181347150259,-13.0,45.73582401153192,0.578125,1389.8937869144656,9163.0,0.0,41.03626943005181,42.0,25.875175735513306,0.625,47.476683937823836,46.0,36.89541419941588,0.5729166666666666
2024-01-01 00:39:22.000000,2024-01-01 00:39:28.000000,5,-9.476683937823834,-6.0,44.3369053078786,0.5677083333333334,1227.290727707081,8807.000000000002,0.0,42.10362694300518,42.0,24.103501589190387,0.5885416666666666,45.63212435233161,47.0,41.71635875350489,0.546875
2024-01-01 00:39:24.000000,2024-01-01 00:39:30.000000,5,-8.088082901554404,-7.0,47.481219016853665,0.5885416666666666,1367.3918866871488,8844.0,0.0,42.72020725388601,42.0,29.110322767422016,0.5677083333333334,45.82383419689119,47.0,44.468622502903095,0.5677083333333334
2024-01-01 00:39:26.000000,2024-01-01 00:39:32.000000,5,-11.694300518134716,-9.0,50.75251244450909,0.5729166666666666,1531.0238265267415,8415.0,0.0,42.005181347150256,40.0,29.406365773652098,0.5989583333333334,43.601036269430054,48.0,47.645078870616,0.5364583333333334
2024-01-01 00:39:28.000000,2024-01-01 00:39:34.000000,5,-10.378238341968911,-13.0,52.08173607222655,0.6145833333333334,1604.7358471838493,9011.0,0.0,41.07772020725388,39.0,29.109333608119726,0.6510416666666666,46.689119170984455,47.0,42.425384693690155,0.5625
2024-01-01 00:39:30.000000,2024-01-01 00:39:36.000000,5,-13.082901554404145,-13.0,49.616585851276916,0.5625,1197.42494358888,8997.0,0.0,40.7720207253886,39.0,23.638110219507137,0.5885416666666666,46.61658031088083,49.0,36.96871051301111,0.5416666666666666
2024-01-01 00:39:32.000000,2024-01-01 00:39:38.000000,5,-12.284974093264248,-13.0,44.596064756839255,0.5520833333333334,1036.3326476887046,8994.0,0.0,42.4300518134715,42.0,20.299490154142656,0.59375,46.601036269430054,49.0,31.6422284916937,0.5416666666666666
2024-01-01 00:39:34.000000,2024-01-01 00:39:40.000000,5,-13.046632124352332,-13.0,39.55827586130584,0.5520833333333334,964.4008600986264,8627.0,0.0,42.7979274611399,43.0,19.587027910044892,0.5625,44.69948186528497,47.0,33.112227879543305,0.5208333333333334
2024-01-01 00:39:36.000000,2024-01-01 00:39:42.000000,5,-11.471502590673575,-12.0,36.7407934375125,0.59375,1456.2403686144423,8741.0,0.0,43.62176165803109,45.0,20.147811683416066,0.5625,45.29015544041451,44.0,35.75537192268989,0.5833333333333334
2024-01-01 00:39:38.000000,2024-01-01 00:39:44.000000,5,-8.492227979274611,-10.0,34.276011894099085,0.609375,1098.8123118506478,9261.0,0.0,44.373056994818654,45.0,22.58077398201716,0.5260416666666666,47.984455958549226,47.0,35.359091930143684,0.5520833333333334
2024-01-01 00:39:40.000000,2024-01-01 00:39:46.000000,5,-10.378238341968911,-10.0,30.055104651795798,0.5677083333333334,1122.6294110797617,9009.0,0.0,45.05181347150259,46.0,19.34628003988602,0.4947916666666667,46.67875647668394,45.0,30.197620189549085,0.515625
2024-01-01 00:39:42.000000,2024-01-01 00:39:48.000000,5,-13.44559585492228,-13.0,28.866401926634087,0.578125,759.9408337227544,8630.0,0.0,45.83419689119171,46.0,16.099090020304416,0.5052083333333334,44.715025906735754,45.0,25.829703349623163,0.484375
2024-01-01 00:39:44.000000,2024-01-01 00:39:50.000000,5,-17.031088082901555,-18.0,26.818430139813845,0.5572916666666666,673.8381436277334,8221.0,0.0,45.01036269430052,46.0,11.126633605390312,0.515625,42.59585492227979,43.0,23.092260234304558,0.5104166666666666
2024-01-01 00:39:46.000000,2024-01-01 00:39:52.000000,5,-15.010362694300518,-17.0,30.2532693889757,0.5729166666666666,850.9032960228681,8301.0,0.0,46.020725388601036,46.0,14.16861207814904,0.5104166666666666,43.01036269430052,44.0,26.977226050663567,0.53125
2024-01-01 00:39:48.000000,2024-01-01 00:39:54.000000,5,-14.238341968911918,-17.0,37.158657321050796,0.546875,1068.4455849989847,8356.0,0.0,46.5440414507772,46.0,17.16614213109456,0.515625,43.295336787564764,43.0,29.454782241449212,0.5260416666666666
2024-01-01 00:39:50.000000,2024-01-01 00:39:56.000000,5,-11.253886010362693,-15.0,57.51370124739354,0.5833333333333334,1136.9169850827561,8460.0,0.0,44.979274611398964,48.0,40.08363113401451,0.5572916666666666,43.83419689119171,47.0,39.27670895261633,0.484375
2024-01-01 00:39:52.000000,2024-01-01 00:39:58.000000,5,-10.860103626943005,-15.0,60.443983312975064,0.5833333333333334,1359.59197932985,8238.0,0.0,48.61139896373057,50.0,45.911705054958915,0.5260416666666666,42.6839378238342,46.0,43.12202406442422,0.5260416666666666
2024-01-01 00:39:54.000000,2024-01-01 00:40:00.000000,5,-13.067357512953368,-19.0,55.148668593796465,0.4739583333333333,1216.237442776008,7207.0,0.0,50.196891191709845,50.0,45.46876893669222,0.46875,37.3419689119171,36.0,41.95517387466289,0.4583333333333333
2024-01-01 00:39:56.000000,2024-01-01 00:40:02.000000,0,-15.663212435233161,-19.0,31.600130933956237,0.3541666666666667,973.9459623258623,6107.0,0.0,56.145077720207254,54.0,26.191993232649107,0.453125,31.642487046632123,30.0,30.48363047794204,0.4583333333333333
2024-01-01 00:39:58.000000,2024-01-01 00:40:04.000000,0,-17.59585492227979,-19.0,16.430484352634775,0.3072916666666667,594.7438458626004,5195.0,0.0,54.7720207253886,54.0,14.0590215905269,0.3802083333333333,26.917098445595855,27.0,16.552422024298018,0.375
2024-01-01 00:40:00.000000,2024-01-01 00:40:06.000000,0,-19.10362694300518,-19.0,15.816316644321358,0.296875,701.6947185653663,5194.0,0.0,55.45077720207254,57.0,12.395770108400317,0.3489583333333333,26.911917098445596,27.0,15.83632141607045,0.328125
2024-01-01 00:40:02.000000,2024-01-01 00:40:08.000000,0,-20.735751295336787,-20.0,17.230593448993297,0.2916666666666667,827.8861737397216,5017.999999999999,0.0,54.52849740932643,56.0,14.194719760693713,0.3072916666666667,26.0,26.0,17.697398584726137,0.3020833333333333
2024-01-01 00:40:04.000000,2024-01-01 00:40:10.000000,0,-26.316062176165804,-26.0,16.138030943895046,0.19791666666666666,746.557045516617,6090.0,0.0,48.181347150259064,48.0,16.699340813109984,0.28125,31.55440414507772,35.0,18.0034254200874,0.21354166666666666
2024-01-01 00:40:06.000000,2024-01-01 00:40:12.000000,0,-28.818652849740932,-29.0,15.01364879897846,0.3072916666666667,1049.2857395987967,7127.000000000001,0.0,41.575129533678755,42.0,17.1256326862691,0.265625,36.92746113989637,39.0,16.42232101058752,0.2604166666666667
2024-01-01 00:40:08.000000,2024-01-01 00:40:14.000000,0,-29.844559585492227,-29.0,12.903354051120449,0.40625,435.65573322150976,8303.0,0.0,36.5699481865285,39.0,13.448455940545793,0.2604166666666667,43.020725388601036,43.0,11.746434986315526,0.3541666666666667
2024-01-01 00:40:10.000000,2024-01-01 00:40:16.000000,0,-26.2279792746114,-26.0,12.766323070859839,0.3541666666666667,448.65613547061776,8516.0,0.0,38.33678756476684,40.0,12.413682976585873,0.3072916666666667,44.12435233160622,44.0,11.018217760836633,0.3229166666666667
2024-01-01 00:40:12.000000,2024-01-01 00:40:18.000000,0,-21.025906735751295,-24.0,30.085197639571685,0.4270833333333333,878.9508971090477,7540.0,0.0,42.46632124352332,43.0,23.63569324666471,0.3489583333333333,39.067357512953365,41.0,27.301568593551437,0.4583333333333333
2024-01-01 00:40:14.000000,2024-01-01 00:40:20.000000,0,-21.632124352331605,-24.0,31.884956029206872,0.3854166666666667,942.77190747812,6622.000000000001,0.0,45.3419689119171,47.0,24.63012108888617,0.3020833333333333,34.310880829015545,38.0,28.643948163750036,0.34375
2024-01-01 00:40:16.000000,2024-01-01 00:40:22.000000,0,-22.16580310880829,-25.0,37.275626971903925,0.4166666666666667,980.45664086581,6160.0,0.0,46.12435233160622,49.0,27.039035780858537,0.3229166666666667,31.917098445595855,33.0,32.11783914800517,0.375
2024-01-01 00:40:18.000000,2024-01-01 00:40:24.000000,0,-25.59585492227979,-24.0,32.66261215409513,0.390625,898.6861240768909,6976.0,0.0,41.38860103626943,45.0,27.036612418229137,0.3333333333333333,36.145077720207254,36.0,26.192589782210092,0.34375
2024-01-01 00:40:20.000000,2024-01-01 00:40:26.000000,0,-22.507772020725387,-20.0,31.55866217112328,0.421875,651.6294913878254,7974.0,0.0,38.803108808290155,42.0,26.04088513507764,0.3072916666666667,41.3160621761658,42.0,24.569599292881854,0.3958333333333333
2024-01-01 00:40:22.000000,2024-01-01 00:40:28.000000,0,-19.0,-16.0,24.649839418002976,0.4166666666666667,452.00940641350974,8378.0,0.0,39.1139896373057,43.0,22.91759379503132,0.265625,43.409326424870464,44.0,18.519789979859386,0.375
2024-01-01 00:40:24.000000,2024-01-01 00:40:30.000000,0,-17.746113989637305,-18.0,12.714116085717693,0.34375,389.38775196667524,8695.0,0.0,41.21243523316062,43.0,10.672269887872282,0.28125,45.05181347150259,45.0,9.924580665282164,0.3697916666666667
2024-01-01 00:40:26.000000,2024-01-01 00:40:32.000000,0,-21.010362694300518,-21.0,12.81884584203798,0.3333333333333333,330.45762087768287,8822.0,0.0,38.90155440414508,41.0,10.735729271358803,0.21875,45.70984455958549,46.0,8.875807268255233,0.3489583333333333
2024-01-01 00:40:28.000000,2024-01-01 00:40:34.000000,0,-23.59585492227979,-23.0,12.719423443255707,0.3645833333333333,415.4880954593689,8960.0,0.0,36.52849740932643,37.0,11.019890460040667,0.19270833333333334,46.424870466321245,47.0,9.070660297814154,0.421875
2024-01-01 00:40:30.000000,2024-01-01 00:40:36.000000,0,-22.8860103626943,-23.0,12.288945792353067,0.4114583333333333,299.0912880047468,8925.0,0.0,37.134715025906736,38.0,9.919597976072845,0.25,46.24352331606217,47.0,8.933071281568786,0.3854166666666667
2024-01-01 00:40:32.000000,2024-01-01 00:40:38.000000,0,-20.575129533678755,-21.0,10.873122592199936,0.4375,385.5074820125008,8997.0,0.0,38.38341968911917,40.0,8.920256367475393,0.3125,46.61658031088083,47.0,9.042615237206103,0.4010416666666667
2024-01-01 00:40:34.000000,2024-01-01 00:40:40.000000,0,-20.70984455958549,-22.0,22.135914362483703,0.453125,410.0332802783659,8971.0,0.0,38.031088082901555,40.0,21.986005666425086,0.34375,46.48186528497409,47.0,14.443169256408284,0.390625
2024-01-01 00:40:36.000000,2024-01-01 00:40:42.000000,0,-21.849740932642487,-23.0,28.03036323263343,0.4270833333333333,600.2748861767241,8846.0,0.0,37.984455958549226,39.0,26.01611613579204,0.375,45.83419689119171,47.0,19.86080393174452,0.3958333333333333
2024-01-01 00:40:38.000000,2024-01-01 00:40:44.000000,0,-20.984455958549223,-22.0,31.711340749396776,0.3854166666666667,677.6839203516789,8809.0,0.0,38.347150259067355,39.0,27.62846329465647,0.3958333333333333,45.64248704663213,47.0,21.99885551073927,0.4270833333333333
2024-01-01 00:40:40.000000,2024-01-01 00:40:46.000000,0,-19.264248704663213,-17.0,31.720419563290086,0.4270833333333333,814.8380198508295,8732.0,0.0,39.347150259067355,39.0,23.383548006184025,0.3958333333333333,45.24352331606217,47.0,23.97454752833212,0.484375
2024-01-01 00:40:42.000000,2024-01-01 00:40:48.000000,0,-18.191709844559586,-16.0,31.76868763812418,0.4739583333333333,758.7071677080402,9010.0,0.0,39.4300518134715,40.0,19.617608175262717,0.390625,46.6839378238342,48.0,22.23404392846207,0.5052083333333334
2024-01-01 00:40:44.000000,2024-01-01 00:40:50.000000,0,-21.409326424870468,-18.0,36.54739098163871,0.53125,787.0008116971057,8709.0,0.0,39.031088082901555,39.0,20.762272158029237,0.4166666666666667,45.12435233160622,46.0,24.551075114786364,0.5885416666666666
2024-01-01 00:40:46.000000,2024-01-01 00:40:52.000000,0,-23.466321243523318,-21.0,35.93701311902671,0.4583333333333333,813.8804427337512,8840.0,0.0,37.704663212435236,37.0,19.40121422895635,0.375,45.803108808290155,45.0,24.50324363463555,0.5416666666666666
2024-01-01 00:40:48.000000,2024-01-01 00:40:54.000000,0,-24.466321243523318,-24.0,34.87940765815506,0.5052083333333334,875.0429092524212,8634.0,0.0,36.06217616580311,35.0,22.849285852945982,0.3854166666666667,44.73575129533679,45.0,27.747327509830995,0.5260416666666666
2024-01-01 00:40:50.000000,2024-01-01 00:40:56.000000,0,-20.683937823834196,-19.0,27.506222800415806,0.4479166666666667,855.5859980248978,8876.0,0.0,37.20725388601036,36.0,21.361436954796552,0.2604166666666667,45.98963730569948,46.0,24.424626753653126,0.3958333333333333
2024-01-01 00:40:52.000000,2024-01-01 00:40:58.000000,0,-18.533678756476682,-18.0,20.02940950828135,0.5052083333333334,652.1987324705287,8884.000000000002,0.0,37.41968911917098,39.0,19.02314998415132,0.22395833333333334,46.031088082901555,46.0,19.897368632495336,0.3802083333333333
2024-01-01 00:40:54.000000,2024-01-01 00:41:00.000000,0,-17.66839378238342,-17.0,14.062875402780458,0.5052083333333334,523.5904240652463,8993.0,0.0,39.56476683937824,40.0,13.1096021612237,0.21875,46.59585492227979,47.0,11.950958095295517,0.4114583333333333
2024-01-01 00:40:56.000000,2024-01-01 00:41:02.000000,0,-18.16062176165803,-18.0,13.405149182735673,0.4791666666666667,420.36102111002174,8974.0,0.0,40.0880829015544,42.0,11.155506532340494,0.22916666666666666,46.49740932642487,46.0,11.503226156320418,0.4375
2024-01-01 00:40:58.000000,2024-01-01 00:41:04.000000,0,-17.507772020725387,-17.0,12.98160524348798,0.421875,335.19256083844016,8851.0,0.0,41.50777202072539,43.0,10.389357119880973,0.21354166666666666,45.86010362694301,46.0,10.793329054213947,0.421875
2024-01-01 00:41:00.000000,2024-01-01 00:41:06.000000,0,-16.89119170984456,-15.0,10.94415631406083,0.34375,363.894106583869,8762.0,0.0,42.233160621761655,43.0,9.852164465027025,0.24479166666666666,45.398963730569946,45.0,9.891673632600604,0.4270833333333333
2024-01-01 00:41:02.000000,2024-01-01 00:41:08.000000,0,-15.658031088082902,-14.0,10.491919026240874,0.4114583333333333,594.8280942015317,8810.0,0.0,41.81347150259067,43.0,11.013080521516331,0.1875,45.64766839378238,45.0,10.423341557427635,0.375
2024-01-01 00:41:04.000000,2024-01-01 00:41:10.000000,0,-15.564766839378239,-14.0,9.920895565701786,0.4427083333333333,589.132870458097,8829.0,0.0,41.347150259067355,42.0,10.695535705338925,0.2604166666666667,45.74611398963731,46.0,10.195117189506554,0.359375
2024-01-01 00:41:06.000000,2024-01-01 00:41:12.000000,0,-15.414507772020725,-15.0,18.868906215296583,0.421875,476.74144870385186,8860.0,0.0,41.44041450777202,42.0,16.080132145827918,0.3333333333333333,45.90673575129534,46.0,16.17648776702421,0.3489583333333333
2024-01-01 00:41:08.000000,2024-01-01 00:41:14.000000,0,-19.808290155440414,-19.0,26.413371252367075,0.4427083333333333,705.482765497702,8450.0,0.0,40.72020725388601,42.0,22.017853928652734,0.3854166666666667,43.78238341968912,43.0,20.932537982123833,0.4114583333333333
2024-01-01 00:41:10.000000,2024-01-01 00:41:16.000000,0,-22.067357512953368,-22.0,26.32015668016423,0.421875,665.6844090325659,8326.0,0.0,41.0880829015544,42.0,22.080758803230122,0.390625,43.13989637305699,43.0,20.976080474496154,0.3645833333333333
2024-01-01 00:41:12.000000,2024-01-01 00:41:18.000000,0,-21.020725388601036,-20.0,21.890817745219188,0.3802083333333333,512.7293716329589,8340.0,0.0,41.59585492227979,43.0,19.11539473989946,0.3697916666666667,43.21243523316062,43.0,17.702149433319832,0.4010416666666667
2024-01-01 00:41:14.000000,2024-01-01 00:41:20.000000,0,-17.787564766839377,-17.0,25.79792164547858,0.359375,619.6064866370745,8528.0,0.0,42.41968911917098,44.0,20.44135478190026,0.3854166666666667,44.18652849740933,45.0,22.814159183280655,0.3489583333333333
2024-01-01 00:41:16.000000,2024-01-01 00:41:22.000000,0,-19.264248704663213,-18.0,26.54119472200069,0.421875,645.2886104455084,8494.0,0.0,40.90673575129534,42.0,20.807691041455897,0.2760416666666667,44.01036269430052,44.0,23.36062161106308,0.4010416666666667
2024-01-01 00:41:18.000000,2024-01-01 00:41:24.000000,0,-21.808290155440414,-21.0,31.579587514437847,0.4166666666666667,873.04190196039,8558.0,0.0,38.740932642487046,39.0,23.290181075773408,0.2552083333333333,44.3419689119171,44.0,30.184798020193238,0.421875
2024-01-01 00:41:20.000000,2024-01-01 00:41:26.000000,0,-20.7720207253886,-19.0,21.94547800230308,0.3958333333333333,760.9329004180861,8760.0,0.0,39.40414507772021,40.0,16.26161070524205,0.24479166666666666,45.38860103626943,44.0,22.839094649019554,0.4322916666666667
2024-01-01 00:41:22.000000,2024-01-01 00:41:28.000000,0,-18.512953367875646,-17.0,20.927730011152406,0.4270833333333333,795.287578616659,8916.0,0.0,39.95336787564767,40.0,15.658228053832833,0.28125,46.196891191709845,45.0,22.247485594668312,0.4166666666666667
2024-01-01 00:41:24.000000,2024-01-01 00:41:30.000000,0,-15.145077720207254,-16.0,11.332553088299935,0.375,399.0431086119587,8854.0,0.0,41.37823834196891,42.0,11.462663257887787,0.3020833333333333,45.87564766839378,45.0,11.372713951613129,0.4114583333333333
2024-01-01 00:41:26.000000,2024-01-01 00:41:32.000000,0,-12.259067357512953,-13.0,14.540719877032032,0.390625,455.4999594890166,9005.0,0.0,42.01036269430052,42.0,11.327505994492684,0.328125,46.6580310880829,46.0,13.154021496100034,0.4114583333333333
2024-01-01 00:41:28.000000,2024-01-01 00:41:34.000000,0,-10.1139896373057,-10.0,18.43675736187699,0.4583333333333333,456.6138708408196,9194.0,0.0,42.5699481865285,44.0,12.721640375811134,0.34375,47.637305699481864,47.0,13.178780964221847,0.4375
2024-01-01 00:41:30.000000,2024-01-01 00:41:36.000000,0,-8.601036269430052,-8.0,18.39642738651229,0.4635416666666667,437.4719348493873,9325.0,0.0,42.7720207253886,42.0,12.529126256430182,0.3489583333333333,48.3160621761658,47.0,12.973876036589091,0.4739583333333333
2024-01-01 00:41:32.000000,2024-01-01 00:41:38.000000,0,-10.55958549222798,-9.0,18.23537724207047,0.4479166666666667,411.76641305906634,9279.0,0.0,42.18652849740933,42.0,12.103994901411777,0.4375,48.07772020725388,47.0,12.079130202218272,0.5104166666666666
2024-01-01 00:41:34.000000,2024-01-01 00:41:40.000000,0,-11.145077720207254,-11.0,15.614819654176912,0.4947916666666667,504.76801912711414,9167.0,0.0,41.72538860103627,41.0,10.814834910671435,0.5,47.49740932642487,47.0,12.449951619857302,0.5260416666666666
2024-01-01 00:41:36.000000,2024-01-01 00:41:42.000000,0,-13.010362694300518,-13.0,15.506043726730153,0.5572916666666666,408.40471003426677,9103.0,0.0,41.362694300518136,41.0,10.59446873150967,0.5520833333333334,47.16580310880829,47.0,12.330664329840408,0.5364583333333334
2024-01-01 00:41:38.000000,2024-01-01 00:41:44.000000,0,-11.761658031088082,-11.0,13.840805512563737,0.5208333333333334,401.7557590341768,9182.000000000002,0.0,41.75647668393783,42.0,9.902008004520543,0.5260416666666666,47.575129533678755,48.0,11.057887602898758,0.5
2024-01-01 00:41:40.000000,2024-01-01 00:41:46.000000,0,-11.82901554404145,-11.0,15.099902992402475,0.46875,315.4082408662021,9099.0,0.0,41.50777202072539,42.0,10.361748148732177,0.4791666666666667,47.145077720207254,47.0,11.468693306815865,0.4479166666666667
2024-01-01 00:41:42.000000,2024-01-01 00:41:48.000000,0,-10.419689119170984,-10.0,13.936052836181757,0.421875,323.776169796996,8987.0,0.0,42.92227979274612,44.0,8.919732980428371,0.4322916666666667,46.56476683937824,46.0,10.204023005277275,0.4322916666666667
2024-01-01 00:41:44.000000,2024-01-01 00:41:50.000000,0,-10.357512953367875,-10.0,13.845564047101279,0.3020833333333333,286.5334405381456,8782.0,0.0,43.295336787564764,44.0,8.53795624790803,0.4322916666666667,45.50259067357513,46.0,10.026591910354561,0.4166666666666667
2024-01-01 00:41:46.000000,2024-01-01 00:41:52.000000,0,-11.917098445595855,-12.0,12.004485614572006,0.3072916666666667,303.9973122219882,8657.0,0.0,43.943005181347154,43.0,7.263770348231557,0.40625,44.854922279792746,45.0,9.492304400537828,0.4791666666666667
2024-01-01 00:41:48.000000,2024-01-01 00:41:54.000000,0,-14.32642487046632,-14.0,12.078397389804858,0.34375,272.2664276040318,8792.0,0.0,42.523316062176164,42.0,7.795613442600872,0.4010416666666667,45.55440414507772,46.0,9.057018099609241,0.4427083333333333
2024-01-01 00:41:50.000000,2024-01-01 00:41:56.000000,0,-15.549222797927461,-16.0,10.952972956248491,0.4322916666666667,270.7361632984132,8688.0,0.0,42.67875647668394,42.0,8.017585782449052,0.4635416666666667,45.015544041450774,46.0,8.75682869485403,0.4739583333333333
2024-01-01 00:41:52.000000,2024-01-01 00:41:58.000000,0,-13.430051813471502,-13.0,9.126799394355142,0.46875,235.028401772782,8606.0,0.0,44.30051813471503,46.0,7.637820488429372,0.4114583333333333,44.590673575129536,45.0,7.308906956453898,0.421875
2024-01-01 00:41:54.000000,2024-01-01 00:42:00.000000,0,-12.66839378238342,-13.0,8.288664825780312,0.484375,247.98289945456722,8157.0,0.0,46.83419689119171,48.0,6.13251847247104,0.4166666666666667,42.26424870466321,42.0,7.492886666998944,0.4947916666666667
2024-01-01 00:41:56.000000,2024-01-01 00:42:02.000000,0,-14.823834196891191,-15.0,10.140679824632052,0.4114583333333333,283.66808821940964,7855.000000000001,0.0,48.05181347150259,48.0,5.693326624071311,0.453125,40.69948186528497,41.0,7.964952509597165,0.4895833333333333
2024-01-01 00:41:58.000000,2024-01-01 00:42:04.000000,0,-18.134715025906736,-19.0,10.932676891178504,0.375,285.74489461597494,7782.0,0.0,47.17616580310881,47.0,6.101575258819056,0.453125,40.32124352331606,41.0,8.065513939747579,0.4947916666666667
2024-01-01 00:42:00.000000,2024-01-01 00:42:06.000000,0,-19.751295336787564,-20.0,10.985801010131075,0.40625,253.36351377093615,7823.000000000001,0.0,45.87564766839378,46.0,7.721390588826335,0.5208333333333334,40.53367875647668,40.0,9.025436014422334,0.453125
2024-01-01 00:42:02.000000,2024-01-01 00:42:08.000000,0,-18.082901554404145,-19.0,12.370721814178816,0.5,334.40513996098946,7797.0,0.0,46.0880829015544,46.0,8.969131841660678,0.5572916666666666,40.398963730569946,40.0,9.913763526223834,0.4427083333333333
2024-01-01 00:42:04.000000,2024-01-01 00:42:10.000000,0,-15.89119170984456,-17.0,13.98300959831601,0.546875,336.96333092259056,7790.0,0.0,47.005181347150256,47.0,13.781591514788255,0.5677083333333334,40.362694300518136,40.0,10.882088542015705,0.46875
2024-01-01 00:42:06.000000,2024-01-01 00:42:12.000000,0,-13.937823834196891,-15.0,23.187331972213563,0.5104166666666666,412.50245337377703,8059.0,0.0,47.626943005181346,48.0,21.13758745994781,0.5416666666666666,41.75647668393783,41.0,13.212516635937387,0.4635416666666667
2024-01-01 00:42:08.000000,2024-01-01 00:42:14.000000,0,-15.564766839378239,-16.0,23.47488023737064,0.4427083333333333,361.90893067247083,8220.0,0.0,47.170984455958546,48.0,21.5229235246198,0.4739583333333333,42.590673575129536,42.0,12.145100009116168,0.4114583333333333
2024-01-01 00:42:10.000000,2024-01-01 00:42:16.000000,0,-22.60103626943005,-21.0,25.626552777419874,0.3385416666666667,1118.8818498673866,7174.0,0.0,46.575129533678755,48.0,20.509291672434923,0.3541666666666667,37.170984455958546,40.0,17.373554723006425,0.2760416666666667
2024-01-01 00:42:12.000000,2024-01-01 00:42:18.000000,0,-25.264248704663213,-23.0,19.551684086146913,0.2916666666666667,2554.3428833841494,3709.0,0.0,51.119170984455955,50.0,17.054486681686445,0.19270833333333334,19.21761658031088,25.0,25.59081664138635,0.09895833333333333
2024-01-01 00:42:14.000000,2024-01-01 00:42:20.000000,0,-31.419689119170986,-32.0,19.736414787211228,0.21875,2152.7073141184887,169.00000000000006,0.16580310880829016,51.77720207253886,52.0,17.261683798155254,0.16145833333333334,0.8756476683937824,-5.0,23.541963369521298,0.16145833333333334
2024-01-01 00:42:16.000000,2024-01-01 00:42:22.000000,0,-27.316062176165804,-28.0,21.69530001512111,0.19791666666666666,1699.0018556886655,743.0,0.16580310880829016,54.01036269430052,53.0,18.435696136985648,0.140625,-3.849740932642487,-8.0,24.058375456793307,0.21354166666666666
2024-01-01 00:42:18.000000,2024-01-01 00:42:24.000000,0,-29.580310880829014,-33.0,19.079740179560005,0.140625,3242.30452926268,2591.0,-0.16580310880829016,46.64248704663213,43.0,15.934163311860779,0.109375,13.424870466321243,17.0,30.762629572881806,0.078125
2024-01-01 00:42:20.000000,2024-01-01 00:42:26.000000,0,-31.740932642487046,-33.0,20.731800079643705,0.17708333333333334,2740.5475611623315,4352.0,0.0,43.76165803108808,41.0,17.92766662368386,0.125,22.54922279792746,31.0,26.842886082665885,0.10416666666666667
2024-01-01 00:42:22.000000,2024-01-01 00:42:28.000000,0,-28.844559585492227,-29.0,19.112787057410006,0.09375,2467.604186019265,3912.0,0.0,46.69948186528497,43.0,17.987056971059445,0.046875,20.269430051813472,18.0,21.79664414600637,0.052083333333333336
2024-01-01 00:42:24.000000,2024-01-01 00:42:30.000000,0,-31.751295336787564,-31.0,19.624079354223564,0.140625,1251.1490205482023,2494.0,0.0,49.854922279792746,49.0,17.927797582687152,0.09895833333333333,12.922279792746114,8.0,17.433778604827523,0.08854166666666667
2024-01-01 00:42:26.000000,2024-01-01 00:42:32.000000,0,-22.067357512953368,-22.0,16.009132216802396,0.11458333333333333,1018.4486822901367,2262.0,0.0,57.6580310880829,56.0,14.727990296932179,0.11458333333333333,11.720207253886011,9.0,12.406922461143298,0.078125
2024-01-01 00:42:28.000000,2024-01-01 00:42:34.000000,0,-27.202072538860104,-22.0,21.255283555284414,0.125,1147.3898917152405,2364.0,0.0,56.3160621761658,54.0,17.919048321440346,0.09895833333333333,12.248704663212436,13.0,18.593802475579423,0.11979166666666667
2024-01-01 00:42:30.000000,2024-01-01 00:42:36.000000,0,-22.865284974093264,-17.0,21.923457923882395,0.09895833333333333,1155.6861632766122,1809.9999999999998,0.0,63.64766839378238,61.0,19.269205983194997,0.09895833333333333,9.378238341968911,12.0,18.013795147896996,0.09895833333333333
2024-01-01 00:42:32.000000,2024-01-01 00:42:38.000000,0,-22.585492227979273,-17.0,23.49477328602382,0.11979166666666667,1230.2716252326616,2537.0,0.0,63.80829015544042,64.0,19.871187623844683,0.11458333333333333,13.145077720207254,14.0,20.82965857055279,0.10416666666666667
2024-01-01 00:42:34.000000,2024-01-01 00:42:40.000000,0,-16.699481865284973,-15.0,19.724742545344874,0.16666666666666666,1181.0767594212123,4136.0,0.0,62.07772020725388,64.0,23.744718074598012,0.11979166666666667,21.430051813471504,19.0,20.43578684199529,0.109375
2024-01-01 00:42:36.000000,2024-01-01 00:42:42.000000,0,-13.621761658031089,-15.0,14.494860547692895,0.1875,1116.0903939419252,4447.0,0.0,59.76165803108808,61.0,22.117470030949477,0.13020833333333334,23.041450777202073,19.0,17.94372981157902,0.10416666666666667
2024-01-01 00:42:38.000000,2024-01-01 00:42:44.000000,0,-17.150259067357513,-16.0,18.698908514136182,0.21354166666666666,908.0395804405887,4463.0,0.0,59.031088082901555,60.0,22.50784741293748,0.109375,23.124352331606218,20.0,16.061245986075182,0.13020833333333334
2024-01-01 00:42:40.000000,2024-01-01 00:42:46.000000,0,-19.3419689119171,-17.0,21.44657000205849,0.16666666666666666,950.4875534811833,3744.0,0.0,63.10880829015544,61.0,16.791725862060684,0.109375,19.39896373056995,19.0,22.67872072936551,0.125
2024-01-01 00:42:42.000000,2024-01-01 00:42:48.000000,0,-18.865284974093264,-16.0,21.61939925175786,0.171875,998.692107423797,3691.0,0.0,62.64766839378238,62.0,17.16009807342209,0.140625,19.124352331606218,19.0,22.737063119318695,0.14583333333333334
2024-01-01 00:42:44.000000,2024-01-01 00:42:50.000000,0,-15.66839378238342,-16.0,15.92638946091658,0.20833333333333334,907.790832047668,3102.0,0.0,62.38860103626943,61.0,17.206747544307728,0.13020833333333334,16.072538860103627,15.0,22.636735498773916,0.125
2024-01-01 00:42:46.000000,2024-01-01 00:42:52.000000,0,-16.0,-16.0,8.30411544556874,0.1875,603.4776396714111,2699.0000000000005,0.0,61.870466321243526,62.0,15.827481647509355,0.13020833333333334,13.984455958549223,13.0,7.174518482636007,0.140625
2024-01-01 00:42:48.000000,2024-01-01 00:42:54.000000,0,-15.186528497409327,-15.0,12.69950888447013,0.22395833333333334,612.256507157326,2044.0000000000002,0.0,61.72538860103627,61.0,16.40954460504854,0.140625,10.590673575129534,12.0,10.24305232331165,0.125
2024-01-01 00:42:50.000000,2024-01-01 00:42:56.000000,0,-15.05181347150259,-15.0,12.865385136676862,0.203125,487.47152683923986,1730.0,0.0,63.181347150259064,63.0,15.502461640840593,0.13541666666666666,8.963730569948186,12.0,10.255777364183373,0.13541666666666666
2024-01-01 00:42:52.000000,2024-01-01 00:42:58.000000,0,-22.481865284974095,-18.0,18.970946334748934,0.13020833333333334,1206.7019051462717,2223.0,0.0,55.52849740932643,52.0,17.453822000294437,0.09895833333333333,11.518134715025907,12.0,15.586483615703404,0.15104166666666666
2024-01-01 00:42:54.000000,2024-01-01 00:43:00.000000,0,-30.694300518134714,-28.0,16.89134451220659,0.09895833333333333,1205.5840564602408,3255.0,0.0,50.284974093264246,49.0,15.097482962275539,0.15104166666666666,16.865284974093264,14.0,15.173733028062287,0.11979166666666667
2024-01-01 00:42:56.000000,2024-01-01 00:43:02.000000,0,-39.487046632124354,-41.0,12.919667181717791,0.19270833333333334,1269.241549363051,4648.0,0.0,41.54922279792746,41.0,9.27636512399357,0.1875,24.082901554404145,28.0,14.161397348795267,0.109375
2024-01-01 00:42:58.000000,2024-01-01 00:43:04.000000,0,-34.84974093264249,-36.0,12.439989802515958,0.09895833333333333,808.9770793243,4378.0,0.0,47.129533678756474,47.0,10.727632169724684,0.16145833333333334,22.683937823834196,26.0,11.486795001774018,0.109375
2024-01-01 00:43:00.000000,2024-01-01 00:43:06.000000,0,-27.53886010362694,-25.0,13.19997603951874,0.057291666666666664,779.0670399064071,3966.0,0.0,51.979274611398964,55.0,11.416343615816931,0.057291666666666664,20.54922279792746,21.0,9.993170163348776,0.08854166666666667
2024-01-01 00:43:02.000000,2024-01-01 00:43:08.000000,0,-19.787564766839377,-19.0,7.940629355383956,0.078125,391.7115577695574,2890.0,0.0,60.01036269430052,60.0,5.5349172281014525,0.171875,14.974093264248705,15.0,7.1548608427247915,0.09895833333333333
2024-01-01 00:43:04.000000,2024-01-01 00:43:10.000000,0,-17.11917098445596,-17.0,4.068590989825229,0.171875,190.22511834398853,2823.0,0.0,60.932642487046635,61.0,3.513459501459177,0.171875,14.626943005181348,15.0,3.924508923879479,0.11979166666666667
2024-01-01 00:43:06.000000,2024-01-01 00:43:12.000000,0,-19.968911917098445,-18.0,9.537156905008043,0.07291666666666667,302.1011805816707,2951.0,0.0,59.53367875647668,61.0,9.966619048124182,0.15625,15.290155440414507,14.0,7.865984023834044,0.08854166666666667
2024-01-01 00:43:08.000000,2024-01-01 00:43:14.000000,0,-14.860103626943005,-18.0,16.273256242657936,0.08854166666666667,1110.5583288839546,4144.0,0.0,57.2020725388601,60.0,11.534170061844245,0.07291666666666667,21.471502590673577,15.0,12.249169458292346,0.052083333333333336
2024-01-01 00:43:10.000000,2024-01-01 00:43:16.000000,0,-15.362694300518134,-18.0,16.433675315327456,0.09375,1200.8487195787209,3923.0,0.0,57.49222797927461,60.0,11.66017044033897,0.07291666666666667,20.326424870466322,15.0,13.226873534817088,0.052083333333333336
2024-01-01 00:43:12.000000,2024-01-01 00:43:18.000000,0,-14.155440414507773,-18.0,17.245974286827057,0.109375,1176.3701055806796,3302.0,0.0,59.020725388601036,61.0,8.496297324191936,0.11458333333333333,17.10880829015544,13.0,18.35113459053501,0.08854166666666667
2024-01-01 00:43:14.000000,2024-01-01 00:43:20.000000,0,-19.60621761658031,-19.0,11.139754387174031,0.1875,597.0296129552443,1936.0,0.0,60.83937823834197,61.0,4.7258270469903625,0.14583333333333334,10.031088082901555,11.0,13.748070597872115,0.10416666666666667
2024-01-01 00:43:16.000000,2024-01-01 00:43:22.000000,0,-33.06217616580311,-20.0,22.81187258109919,0.036458333333333336,624.3782204097097,1271.0,0.0,43.50259067357513,60.0,29.36003596733925,0.015625,6.585492227979275,10.0,14.740611308953833,0.078125
2024-01-01 00:43:18.000000,2024-01-01 00:43:24.000000,0,-39.181347150259064,-32.0,21.18257106504624,0.041666666666666664,733.556629407892,1053.0,0.0,36.30051813471503,57.0,33.28605266194043,0.010416666666666666,5.455958549222798,6.0,8.173851743921361,0.09895833333333333
2024-01-01 00:43:20.000000,2024-01-01 00:43:26.000000,0,-39.87564766839378,-33.0,20.743349278549086,0.052083333333333336,945.9891447978453,1273.0,0.0,36.06217616580311,54.0,33.19303185895554,0.010416666666666666,6.595854922279793,6.0,9.672899396191548,0.07291666666666667
2024-01-01 00:43:22.000000,2024-01-01 00:43:28.000000,0,-26.94300518134715,-21.0,14.961821736401191,0.046875,646.8378820062622,2112.0,0.0,53.01036269430052,60.0,23.200662175649224,0.026041666666666668,10.94300518134715,13.0,8.905280811884298,0.057291666666666664
2024-01-01 00:43:24.000000,2024-01-01 00:43:30.000000,0,-19.963730569948186,-19.0,4.343785140139415,0.11979166666666667,331.6507847172376,2701.0,0.0,60.5699481865285,61.0,2.9326695207838736,0.15625,13.994818652849741,14.0,5.674777353678026,0.11979166666666667
2024-01-01 00:43:26.000000,2024-01-01 00:43:32.000000,0,-19.248704663212436,-19.0,2.7424728198343615,0.125,220.2946492892495,2496.0,0.0,60.82383419689119,61.0,1.7736649361419679,0.16145833333333334,12.932642487046632,13.0,4.408871473335752,0.08854166666666667
2024-01-01 00:43:28.000000,2024-01-01 00:43:34.000000,0,-22.803108808290155,-19.0,14.827922374750983,0.020833333333333332,222.01542936255532,2339.0,0.0,59.19170984455958,61.0,13.801778783259714,0.109375,12.119170984455959,13.0,4.985530661406104,0.10416666666666667
2024-01-01 00:43:30.000000,2024-01-01 00:43:36.000000,0,-22.637305699481864,-19.0,14.96847579758661,0.041666666666666664,314.32120947978416,2426.0,0.0,59.259067357512954,61.0,13.868250353799064,0.11458333333333333,12.569948186528498,12.0,5.596364937898059,0.11458333333333333
2024-01-01 00:43:32.000000,2024-01-01 00:43:38.000000,0,-22.196891191709845,-19.0,15.35525801210474,0.057291666666666664,363.72329694776596,2624.0,0.0,59.36787564766839,60.0,14.155917643084441,0.15625,13.595854922279793,13.0,7.108708232080057,0.10416666666666667
2024-01-01 00:43:34.000000,2024-01-01 00:43:40.000000,0,-27.419689119170986,-20.0,15.026539920626544,0.015625,406.1659238273568,2422.0,0.0,36.92227979274612,59.0,40.875562827221614,0.005208333333333333,12.549222797927461,12.0,6.3916377593679,0.09895833333333333
2024-01-01 00:43:36.000000,2024-01-01 00:43:42.000000,0,-32.005181347150256,-32.0,17.671038396591666,0.125,603.5315224338522,1638.0,0.0,36.92746113989637,57.0,42.712763050109324,0.03125,8.487046632124352,10.0,11.276870136981973,0.11979166666666667
2024-01-01 00:43:38.000000,2024-01-01 00:43:44.000000,0,-35.10880829015544,-37.0,18.68638026549277,0.171875,1791.394404208139,841.0,0.16580310880829016,33.5699481865285,47.0,41.88534111736627,0.046875,-4.357512953367876,2.0,18.631616778540273,0.09895833333333333
2024-01-01 00:43:40.000000,2024-01-01 00:43:46.000000,0,-34.512953367875646,-39.0,17.584649084348804,0.15625,1522.609063178829,2880.0,0.0,50.49222797927461,50.0,18.66762995216822,0.11458333333333333,-14.922279792746114,-19.0,17.546342537467513,0.11979166666666667
2024-01-01 00:43:42.000000,2024-01-01 00:43:48.000000,0,-36.12435233160622,-41.0,18.10890313147696,0.09895833333333333,1110.2488161667438,3661.0,0.0,45.90155440414508,43.0,14.749140076218346,0.07291666666666667,-18.968911917098445,-22.0,18.11821905791909,0.14583333333333334
2024-01-01 00:43:44.000000,2024-01-01 00:43:50.000000,0,-43.64766839378238,-46.0,15.145138358214648,0.18229166666666666,1588.3918164020236,1762.0,0.0,41.20725388601036,39.0,14.085991461037258,0.09375,-9.129533678756477,-17.0,23.198168217244618,0.036458333333333336
2024-01-01 00:43:46.000000,2024-01-01 00:43:52.000000,0,-42.03626943005181,-46.0,17.967961376026015,0.15625,2601.626803169594,2055.0,0.16580310880829016,38.44041450777202,35.0,14.221382955276244,0.11458333333333333,10.647668393782384,17.0,28.533427166911878,0.057291666666666664
2024-01-01 00:43:48.000000,2024-01-01 00:43:54.000000,0,-43.03626943005181,-44.0,13.32032166817663,0.16145833333333334,1583.7749973402806,4999.0,0.0,34.84455958549223,34.0,9.824325885367395,0.16145833333333334,25.901554404145077,32.0,21.64234967961144,0.109375
2024-01-01 00:43:50.000000,2024-01-01 00:43:56.000000,0,-37.43523316062176,-39.0,16.59433895918207,0.1875,1206.0362005411916,6449.0,0.0,36.015544041450774,34.0,10.371975806197794,0.15625,33.41450777202073,35.0,18.69559319986909,0.140625
2024-01-01 00:43:52.000000,2024-01-01 00:43:58.000000,0,-32.196891191709845,-34.0,15.746778462645642,0.140625,2227.095808861145,4361.0,0.0,46.461139896373055,41.0,18.082847326786474,0.125,22.59585492227979,31.0,21.86017076928211,0.036458333333333336
2024-01-01 00:43:54.000000,2024-01-01 00:44:00.000000,0,-24.05699481865285,-20.0,15.637224061146997,0.078125,1479.8852648541936,2485.0,0.0,55.233160621761655,51.0,19.706242106989208,0.11458333333333333,12.875647668393782,9.0,20.27994385162878,0.10416666666666667
2024-01-01 00:43:56.000000,2024-01-01 00:44:02.000000,0,-18.751295336787564,-18.0,8.776763289174257,0.11979166666666667,448.75463410416137,1444.0,0.0,62.41968911917098,60.0,17.88810783694528,0.10416666666666667,7.481865284974093,8.0,8.597536750096351,0.09895833333333333
2024-01-01 00:43:58.000000,2024-01-01 00:44:04.000000,0,-16.71502590673575,-16.0,6.071332236793972,0.1875,543.5379324733734,2280.0,0.0,61.45077720207254,59.0,15.303148910610219,0.09895833333333333,11.813471502590673,12.0,8.812067062087971,0.06770833333333333
2024-01-01 00:44:00.000000,2024-01-01 00:44:06.000000,0,-17.580310880829014,-17.0,5.830507581064426,0.19791666666666666,443.7329968027219,2758.0,0.0,61.53367875647668,60.0,12.900668403242985,0.11979166666666667,14.290155440414507,15.0,7.123081355463086,0.109375
2024-01-01 00:44:02.000000,2024-01-01 00:44:08.000000,0,-18.72538860103627,-18.0,6.5552323232471625,0.16666666666666666,444.36224631852576,2732.0,0.0,61.67875647668394,59.0,11.44326651116699,0.11979166666666667,14.155440414507773,15.0,6.887237891097309,0.09375
2024-01-01 00:44:04.000000,2024-01-01 00:44:10.000000,0,-19.735751295336787,-19.0,7.46991302522931,0.15104166666666666,369.23292293772226,2400.0,0.0,62.134715025906736,58.0,12.862351677417905,0.11979166666666667,12.435233160621761,12.0,5.769640557165984,0.140625
2024-01-01 00:44:06.000000,2024-01-01 00:44:12.000000,0,-19.88082901554404,-19.0,7.066742482159212,0.171875,364.30835628456765,2132.0,0.0,62.45077720207254,59.0,11.8277089883732,0.13020833333333334,11.046632124352332,11.0,5.74119811414287,0.13541666666666666
2024-01-01 00:44:08.000000,2024-01-01 00:44:14.000000,0,-19.958549222797927,-19.0,5.86997497589356,0.16666666666666666,542.4598408631891,2181.0,0.0,62.35751295336787,60.0,10.905448658769158,0.15104166666666666,11.300518134715025,11.0,6.218491388335665,0.13020833333333334
2024-01-01 00:44:10.000000,2024-01-01 00:44:16.000000,0,-19.94300518134715,-19.0,6.149344924882759,0.1875,764.304764029729,2079.0000000000005,0.0,63.487046632124354,62.0,11.093404951577725,0.19270833333333334,10.7720207253886,11.0,7.770794988260095,0.11979166666666667
2024-01-01 00:44:12.000000,2024-01-01 00:44:18.000000,0,-20.025906735751295,-20.0,6.666485856788151,0.15625,779.5011939138293,2048.0,0.0,63.373056994818654,61.0,13.299659279856618,0.16666666666666666,10.61139896373057,11.0,8.106663579233686,0.11458333333333333
2024-01-01 00:44:14.000000,2024-01-01 00:44:20.000000,0,-19.984455958549223,-20.0,6.92480195560511,0.15625,613.1432572301242,1921.9999999999998,0.0,63.74611398963731,62.0,15.342030977278467,0.15104166666666666,9.958549222797927,10.0,7.994681954333759,0.109375
2024-01-01 00:44:16.000000,2024-01-01 00:44:22.000000,0,-19.041450777202073,-18.0,5.783268068397827,0.15104166666666666,631.7038944839014,1837.0,0.0,62.424870466321245,61.0,15.633691019877826,0.140625,9.518134715025907,10.0,6.700507804332745,0.08333333333333333
2024-01-01 00:44:18.000000,2024-01-01 00:44:24.000000,0,-21.865284974093264,-20.0,10.72926717007776,0.16666666666666666,870.2805907553495,2203.0,0.0,61.487046632124354,61.0,14.672859301661548,0.15625,11.414507772020725,10.0,8.28617051246582,0.08854166666666667
2024-01-01 00:44:20.000000,2024-01-01 00:44:26.000000,0,-26.4559585492228,-22.0,16.040618306815343,0.10416666666666667,542.880759748584,2283.0,0.0,54.284974093264246,57.0,25.03802591651747,0.11458333333333333,11.82901554404145,11.0,9.418332498199037,0.125
2024-01-01 00:44:22.000000,2024-01-01 00:44:28.000000,0,-27.305699481865286,-23.0,15.618659335232703,0.07291666666666667,476.6646526166901,2278.0,0.0,55.29015544041451,59.0,25.544461982914136,0.10416666666666667,11.803108808290155,11.0,9.460586589546518,0.13020833333333334
2024-01-01 00:44:24.000000,2024-01-01 00:44:30.000000,0,-24.76683937823834,-22.0,14.488592454500477,0.15104166666666666,643.7505159805356,1914.0,0.0,55.69948186528497,58.0,26.547380005318875,0.11979166666666667,9.917098445595855,10.0,8.386706238871913,0.11979166666666667
2024-01-01 00:44:26.000000,2024-01-01 00:44:32.000000,0,-19.70984455958549,-20.0,6.129569424509288,0.22395833333333334,523.7244679129576,1893.0000000000002,0.0,62.803108808290155,62.0,16.619911209699872,0.20833333333333334,9.808290155440414,10.0,6.54706786141995,0.11979166666666667
2024-01-01 00:44:28.000000,2024-01-01 00:44:34.000000,0,-19.29015544041451,-20.0,6.028470341903694,0.21875,551.992453827047,1873.0,0.0,61.76165803108808,61.0,16.454646676140293,0.171875,9.704663212435234,11.0,6.3328532451435375,0.11458333333333333
2024-01-01 00:44:30.000000,2024-01-01 00:44:36.000000,0,-19.067357512953368,-19.0,4.6075822656856,0.20833333333333334,457.22947874537624,1880.0,0.0,62.03626943005181,61.0,15.358688182166778,0.18229166666666666,9.740932642487047,10.0,5.367265089625657,0.140625
2024-01-01 00:44:32.000000,2024-01-01 00:44:38.000000,0,-18.61139896373057,-18.0,5.324792113645431,0.17708333333333334,634.0622585122527,1985.0,0.0,62.0880829015544,60.0,13.957805199711435,0.16145833333333334,10.284974093264248,10.0,7.59019598755748,0.13020833333333334
2024-01-01 00:44:34.000000,2024-01-01 00:44:40.000000,0,-19.010362694300518,-19.0,6.159333734688164,0.203125,665.3702522709962,2168.0,0.0,62.9119170984456,61.0,14.291515291473642,0.15104166666666666,11.233160621761659,10.0,9.042292923402114,0.15104166666666666
2024-01-01 00:44:36.000000,2024-01-01 00:44:42.000000,0,-19.88082901554404,-20.0,7.19601273686711,0.234375,690.0821229301177,2567.0,0.0,64.0880829015544,63.0,16.865198170386996,0.16145833333333334,13.300518134715025,12.0,11.119279884363232,0.15625
2024-01-01 00:44:38.000000,2024-01-01 00:44:44.000000,0,-21.93782383419689,-22.0,9.742319059459305,0.20833333333333334,995.4331521426667,2464.0,0.0,62.854922279792746,61.0,19.387487618714374,0.14583333333333334,12.766839378238341,12.0,12.404322955295648,0.14583333333333334
2024-01-01 00:44:40.000000,2024-01-01 00:44:46.000000,0,-22.27979274611399,-22.0,10.143473679669876,0.171875,1002.5843018479303,2246.0,0.0,62.637305699481864,61.0,18.889289761738954,0.14583333333333334,11.637305699481866,10.0,12.628219762484447,0.09895833333333333
2024-01-01 00:44:42.000000,2024-01-01 00:44:48.000000,0,-22.041450777202073,-22.0,10.131342764787735,0.17708333333333334,826.1730486912836,1918.0000000000002,0.0,61.92746113989637,61.0,17.596310049973102,0.13541666666666666,9.937823834196891,8.0,10.880327690667402,0.09895833333333333
2024-01-01 00:44:44.000000,2024-01-01 00:44:50.000000,0,-20.564766839378237,-21.0,6.955753169779293,0.171875,628.3770561568814,2007.0,0.0,62.523316062176164,63.0,15.418492866677749,0.15104166666666666,10.398963730569948,9.0,8.552009934544783,0.11979166666666667
2024-01-01 00:44:46.000000,2024-01-01 00:44:52.000000,0,-20.476683937823836,-21.0,5.631082395637574,0.19270833333333334,576.0974359755671,2193.0,0.0,62.487046632124354,63.0,15.530248981252337,0.14583333333333334,11.362694300518134,12.0,7.376275101269122,0.11979166666666667
2024-01-01 00:44:48.000000,2024-01-01 00:44:54.000000,0,-20.067357512953368,-20.0,6.510458074134296,0.18229166666666666,682.582636162606,2481.0,0.0,62.84974093264249,63.0,15.559134925182521,0.13541666666666666,12.854922279792746,13.0,8.69265069848105,0.13020833333333334
2024-01-01 00:44:50.000000,2024-01-01 00:44:56.000000,0,-25.528497409326423,-23.0,16.84922310032806,0.15104166666666666,758.4353664059935,2099.0,0.0,33.601036269430054,53.0,52.43787394546572,0.005208333333333333,10.875647668393782,12.0,11.255326411313707,0.11458333333333333
2024-01-01 00:44:52.000000,2024-01-01 00:44:58.000000,0,-39.20725388601036,-38.0,24.080346179137074,0.046875,746.6433326615892,1883.0000000000002,0.0,6.782383419689119,-9.0,51.086469797521325,0.010416666666666666,9.756476683937823,9.0,11.25961496625243,0.08854166666666667
2024-01-01 00:44:54.000000,2024-01-01 00:45:00.000000,0,-53.03626943005181,-55.0,21.09684342922015,0.109375,667.8040863537162,1928.0,0.0,-12.621761658031089,-11.0,32.812391952285296,0.052083333333333336,9.989637305699482,11.0,10.991942900230807,0.09375
2024-01-01 00:44:56.000000,2024-01-01 00:45:02.000000,0,-61.40414507772021,-61.0,17.33050007151677,0.20833333333333334,607.257126190058,2594.0000000000005,0.0,-6.6735751295336785,-7.0,16.140082615630497,0.06770833333333333,13.44041450777202,13.0,13.495671521909848,0.13541666666666666
2024-01-01 00:44:58.000000,2024-01-01 00:45:04.000000,0,-52.06217616580311,-52.0,22.468641792276568,0.109375,549.4456478040496,2808.0,0.0,16.33678756476684,6.0,32.01977813336383,0.06770833333333333,14.549222797927461,14.0,13.223988300823276,0.13020833333333334
2024-01-01 00:45:00.000000,2024-01-01 00:45:06.000000,0,-38.49222797927461,-33.0,24.597408224534988,0.11979166666666667,621.0603881939336,2607.0,0.0,35.766839378238345,43.0,39.046213789721115,0.03125,13.507772020725389,12.0,12.684521066944336,0.15104166666666666
2024-01-01 00:45:02.000000,2024-01-01 00:45:08.000000,0,-24.83419689119171,-23.0,13.103493153170971,0.13020833333333334,449.43981592462495,2519.0,0.0,58.64248704663213,59.0,24.616467600281656,0.11979166666666667,13.05181347150259,12.0,7.015415267943341,0.13020833333333334
2024-01-01 00:45:04.000000,2024-01-01 00:45:10.000000,0,-20.124352331606218,-19.0,7.137421753818571,0.171875,583.3996244132048,2625.0,0.0,61.74611398963731,60.0,18.854232447236843,0.11979166666666667,13.601036269430052,12.0,6.682642235963706,0.11458333333333333
2024-01-01 00:45:06.000000,2024-01-01 00:45:12.000000,0,-21.76683937823834,-20.0,8.541719849027746,0.15625,1834.651003401058,708.9999999999999,0.16580310880829016,55.44559585492228,56.0,21.13395751367884,0.11458333333333333,3.673575129533679,11.0,25.572246026490873,0.005208333333333333
2024-01-01 00:45:08.000000,2024-01-01 00:45:14.000000,0,-23.40414507772021,-21.0,10.61211883000639,0.125,2679.0263492340473,339.0000000000001,0.16580310880829016,53.55440414507772,55.0,24.391946967322003,0.125,-1.7564766839378239,8.0,27.637115970886967,0.010416666666666666
2024-01-01 00:45:10.000000,2024-01-01 00:45:16.000000,0,-23.45077720207254,-23.0,10.952497428150538,0.125,2668.8369320618203,325.99999999999994,0.16580310880829016,54.54922279792746,56.0,25.397032961489373,0.11458333333333333,-1.689119170984456,8.0,27.79438521969738,0.010416666666666666
2024-01-01 00:45:12.000000,2024-01-01 00:45:18.000000,0,-21.27461139896373,-20.0,9.182877407349562,0.125,1215.0738246111207,1583.0,0.0,59.33678756476684,61.0,22.063250554784034,0.11979166666666667,8.202072538860104,11.0,17.20784692174506,0.08333333333333333
2024-01-01 00:45:14.000000,2024-01-01 00:45:20.000000,0,-19.041450777202073,-19.0,8.769522386326594,0.20833333333333334,584.5030918456598,2578.0,0.0,61.59585492227979,61.0,17.423714186767878,0.13020833333333334,13.357512953367875,13.0,8.641690254171928,0.16145833333333334
2024-01-01 00:45:16.000000,2024-01-01 00:45:22.000000,0,-19.088082901554404,-19.0,8.303959456774713,0.21875,520.6342855560073,2519.0000000000005,0.0,61.362694300518136,61.0,16.45932666817215,0.13541666666666666,13.05181347150259,13.0,8.130280932929637,0.16145833333333334
2024-01-01 00:45:18.000000,2024-01-01 00:45:24.000000,0,-19.44559585492228,-19.0,8.078288403078712,0.22395833333333334,523.8268871876423,2306.0,0.0,61.49222797927461,62.0,16.526216284974453,0.125,11.94818652849741,11.0,7.754528873397737,0.13020833333333334
2024-01-01 00:45:20.000000,2024-01-01 00:45:26.000000,0,-19.45077720207254,-19.0,4.655743755152792,0.203125,511.41095321403054,2092.0000000000005,0.0,61.523316062176164,63.0,16.819220323183615,0.11458333333333333,10.839378238341968,10.0,6.854142879412344,0.08854166666666667
2024-01-01 00:45:22.000000,2024-01-01 00:45:28.000000,0,-22.735751295336787,-20.0,12.010742439076106,0.16145833333333334,735.2395367080638,1657.0,0.0,61.284974093264246,63.0,18.303763050154476,0.09895833333333333,8.585492227979275,8.0,9.585916149660644,0.109375
2024-01-01 00:45:24.000000,2024-01-01 00:45:30.000000,0,-22.66321243523316,-21.0,12.24555803995247,0.15625,703.162015594418,1751.0,0.0,61.49222797927461,62.0,18.66232813355347,0.09895833333333333,9.072538860103627,8.0,10.053757707516667,0.11979166666666667
2024-01-01 00:45:26.000000,2024-01-01 00:45:32.000000,0,-22.575129533678755,-20.0,12.613889628963591,0.15625,559.3192794410994,1855.0000000000002,0.0,61.78238341968912,63.0,18.675527115445053,0.10416666666666667,9.61139896373057,10.0,9.827643548695022,0.13020833333333334
2024-01-01 00:45:28.000000,2024-01-01 00:45:34.000000,0,-18.559585492227978,-18.0,6.637788273259532,0.19791666666666666,492.71443246861486,2004.0,0.0,61.704663212435236,62.0,17.883908881762725,0.11458333333333333,10.38341968911917,10.0,7.153680194707614,0.13020833333333334
2024-01-01 00:45:30.000000,2024-01-01 00:45:36.000000,0,-18.093264248704664,-18.0,7.1561167176537825,0.19270833333333334,478.4463491999957,1739.0,0.0,62.170984455958546,65.0,17.677574882129587,0.125,9.010362694300518,9.0,6.735315537419238,0.15104166666666666
2024-01-01 00:45:32.000000,2024-01-01 00:45:38.000000,0,-17.989637305699482,-18.0,7.2269674637384655,0.1875,555.8546480741173,1516.0,0.0,62.61658031088083,64.0,18.59037986867093,0.11979166666666667,7.8549222797927465,7.0,7.356947476080219,0.11979166666666667
2024-01-01 00:45:34.000000,2024-01-01 00:45:40.000000,0,-18.492227979274613,-19.0,7.091014833183007,0.171875,557.4488758306625,1640.0,0.0,62.818652849740936,64.0,17.473887191818562,0.11979166666666667,8.49740932642487,8.0,7.417690251697012,0.13541666666666666
2024-01-01 00:45:36.000000,2024-01-01 00:45:42.000000,0,-18.66321243523316,-19.0,6.045448015643205,0.17708333333333334,569.5644377965751,1878.0,0.0,63.03626943005181,64.0,17.765947371597235,0.11458333333333333,9.73056994818653,9.0,8.354760879939484,0.109375
2024-01-01 00:45:38.000000,2024-01-01 00:45:44.000000,0,-18.756476683937823,-19.0,6.385022515354894,0.19791666666666666,652.7778557685626,2045.0000000000002,0.0,62.06217616580311,64.0,18.463259390556438,0.11458333333333333,10.595854922279793,11.0,7.729973009580486,0.13541666666666666
2024-01-01 00:45:40.000000,2024-01-01 00:45:46.000000,0,-18.678756476683937,-18.0,6.551114290378075,0.19270833333333334,594.6382928692235,2024.0000000000002,0.0,62.020725388601036,63.0,19.100326826725702,0.125,10.487046632124352,9.0,8.020227558265152,0.11979166666666667
2024-01-01 00:45:42.000000,2024-01-01 00:45:48.000000,0,-19.10880829015544,-18.0,7.810488082909051,0.19270833333333334,543.6602134121482,1720.0,0.0,62.01036269430052,61.0,18.76943149703619,0.11979166666666667,8.911917098445596,8.0,8.482673084574119,0.11458333333333333
2024-01-01 00:45:44.000000,2024-01-01 00:45:50.000000,0,-19.502590673575128,-19.0,7.161910499542298,0.19791666666666666,541.2894301264033,1495.0,0.0,62.129533678756474,61.0,17.800070467152057,0.125,7.746113989637306,6.0,8.209039601222466,0.11979166666666667
2024-01-01 00:45:46.000000,2024-01-01 00:45:52.000000,0,-19.76683937823834,-19.0,6.437402010589466,0.203125,419.8143279698385,1530.0,0.0,61.984455958549226,62.0,18.062529320604177,0.125,7.927461139896373,7.0,7.958546394167563,0.11979166666666667
2024-01-01 00:45:48.000000,2024-01-01 00:45:54.000000,0,-21.020725388601036,-21.0,5.854982341653203,0.20833333333333334,478.56200776879297,1846.0000000000002,0.0,61.424870466321245,61.0,18.973550754625283,0.13541666666666666,9.564766839378239,9.0,6.34980331655199,0.10416666666666667
2024-01-01 00:45:50.000000,2024-01-01 00:45:56.000000,0,-20.585492227979273,-20.0,7.507926151407684,0.17708333333333334,552.123469164666,2138.0,0.0,61.523316062176164,61.0,18.910169370291893,0.13541666666666666,11.077720207253886,11.0,7.645067240306544,0.11979166666666667
2024-01-01 00:45:52.000000,2024-01-01 00:45:58.000000,0,-20.38860103626943,-20.0,7.67295538804143,0.16145833333333334,604.5335506008258,2084.0,0.0,61.476683937823836,61.0,18.58204569684922,0.125,10.797927461139896,10.0,7.834591821884789,0.09895833333333333
2024-01-01 00:45:54.000000,2024-01-01 00:46:00.000000,0,-19.186528497409327,-19.0,6.711031409060935,0.171875,619.3795119048543,2007.0,0.0,62.119170984455955,63.0,16.916809174382948,0.125,10.398963730569948,9.0,8.357344509704383,0.078125
2024-01-01 00:45:56.000000,2024-01-01 00:46:02.000000,0,-19.357512953367877,-19.0,4.473493465110171,0.18229166666666666,623.8989528217986,1996.9999999999998,0.0,62.512953367875646,63.0,16.974585417215806,0.125,10.347150259067357,10.0,8.238546637049902,0.078125
2024-01-01 00:45:58.000000,2024-01-01 00:46:04.000000,0,-19.507772020725387,-19.0,4.387623658020526,0.19270833333333334,616.0906898906619,2056.0,0.0,62.6580310880829,63.0,17.645146590111644,0.125,10.652849740932643,10.0,8.001217658842908,0.109375
2024-01-01 00:46:00.000000,2024-01-01 00:46:06.000000,0,-18.922279792746114,-19.0,4.690323703343045,0.19270833333333334,604.9089464967909,2047.0,0.0,62.90673575129534,64.0,18.22720054780814,0.125,10.606217616580311,11.0,8.02732071158011,0.09895833333333333
2024-01-01 00:46:02.000000,2024-01-01 00:46:08.000000,0,-18.440414507772022,-19.0,5.398478164627054,0.19270833333333334,602.8624746560694,1905.9999999999998,0.0,62.689119170984455,65.0,17.553689538316426,0.13020833333333334,9.875647668393782,9.0,7.757058460431325,0.09895833333333333
2024-01-01 00:46:04.000000,2024-01-01 00:46:10.000000,0,-18.015544041450777,-18.0,5.729562123264948,0.21354166666666666,762.9631838861934,1833.0,0.0,62.829015544041454,63.0,16.207855206040236,0.13541666666666666,9.49740932642487,9.0,8.744715280487268,0.109375
2024-01-01 00:46:06.000000,2024-01-01 00:46:12.000000,0,-18.989637305699482,-18.0,8.980876463645831,0.1875,635.805621856025,1644.0000000000002,0.0,63.64766839378238,63.0,17.30155963748542,0.13020833333333334,8.518134715025907,8.0,9.23258115783035,0.15104166666666666
2024-01-01 00:46:08.000000,2024-01-01 00:46:14.000000,0,-19.440414507772022,-18.0,11.278104886340097,0.16145833333333334,695.6489139249562,1517.0,0.0,64.07253886010362,63.0,18.00448214680956,0.11979166666666667,7.860103626943006,6.0,9.85023868099341,0.171875
2024-01-01 00:46:10.000000,2024-01-01 00:46:16.000000,0,-19.518134715025905,-18.0,11.376187330088117,0.19270833333333334,719.805493591774,1488.0,0.0,63.58031088082902,64.0,19.369085815275753,0.11458333333333333,7.709844559585492,6.0,9.988470253074082,0.171875
2024-01-01 00:46:12.000000,2024-01-01 00:46:18.000000,0,-25.424870466321245,-20.0,19.211970094319028,0.11979166666666667,716.9153177269823,1918.0000000000002,0.0,53.4300518134715,56.0,29.185586634241247,0.11979166666666667,9.937823834196891,11.0,11.02016472909112,0.10416666666666667
2024-01-01 00:46:14.000000,2024-01-01 00:46:20.000000,0,-29.316062176165804,-22.0,19.959819039246007,0.057291666666666664,866.8438104748698,2611.0000000000005,0.0,48.129533678756474,52.0,32.68805860405671,0.10416666666666667,13.528497409326425,13.0,10.529248267783824,0.13541666666666666
2024-01-01 00:46:16.000000,2024-01-01 00:46:22.000000,0,-29.2279792746114,-21.0,19.889272772432737,0.052083333333333336,605.9700102138936,2655.0000000000005,0.0,47.2020725388601,51.0,32.04628156820815,0.11458333333333333,13.756476683937823,13.0,9.782412578445172,0.140625
2024-01-01 00:46:18.000000,2024-01-01 00:46:24.000000,0,-22.844559585492227,-19.0,12.600292818101485,0.13020833333333334,684.2538972987542,2489.0,0.0,56.6580310880829,59.0,25.4795087247222,0.11458333333333333,12.896373056994818,12.0,8.259441397179167,0.11979166666666667
2024-01-01 00:46:20.000000,2024-01-01 00:46:26.000000,0,-18.71502590673575,-18.0,5.553399120916877,0.17708333333333334,526.8026626043213,2144.0,0.0,62.523316062176164,62.0,18.506213072365526,0.14583333333333334,11.10880829015544,11.0,7.635823952043263,0.109375
2024-01-01 00:46:22.000000,2024-01-01 00:46:28.000000,0,-18.181347150259068,-18.0,7.421341989541651,0.203125,697.9235546984139,1920.0000000000002,0.0,62.751295336787564,62.0,19.427491015762428,0.13020833333333334,9.94818652849741,9.0,8.613664612019626,0.140625
2024-01-01 00:46:24.000000,2024-01-01 00:46:30.000000,0,-18.39378238341969,-18.0,8.173914472672383,0.17708333333333334,611.4658081937827,2062.0,0.0,62.020725388601036,62.0,20.599089418897567,0.125,10.683937823834198,9.0,9.37186620046655,0.13020833333333334
2024-01-01 00:46:26.000000,2024-01-01 00:46:32.000000,0,-18.735751295336787,-18.0,8.275693360951125,0.171875,704.1106371255428,2102.0,0.0,62.10362694300518,63.0,19.29053193132416,0.13541666666666666,10.89119170984456,11.0,9.439145834939955,0.13020833333333334
2024-01-01 00:46:28.000000,2024-01-01 00:46:34.000000,0,-18.699481865284973,-19.0,7.426925237279432,0.17708333333333334,772.5881003121186,2279.0,0.0,61.932642487046635,62.0,18.000886024537618,0.13020833333333334,11.808290155440414,12.0,9.626327488475098,0.08854166666666667
2024-01-01 00:46:30.000000,2024-01-01 00:46:36.000000,0,-17.2279792746114,-18.0,9.348565206288873,0.203125,667.0809814863261,2100.0,0.0,62.347150259067355,61.0,17.749081685846352,0.14583333333333334,10.880829015544041,11.0,9.279305791696938,0.08854166666666667
2024-01-01 00:46:32.000000,2024-01-01 00:46:38.000000,0,-16.678756476683937,-17.0,10.46374766096079,0.24479166666666666,518.8527840254486,2031.0000000000002,0.0,62.47150259067357,62.0,18.66147062134428,0.14583333333333334,10.523316062176166,10.0,9.76498449972107,0.109375
2024-01-01 00:46:34.000000,2024-01-01 00:46:40.000000,0,-17.088082901554404,-18.0,10.410206978078048,0.21875,667.3758317740333,2455.0,0.0,62.10880829015544,62.0,18.880202790928855,0.17708333333333334,12.720207253886011,13.0,9.215275811941572,0.09895833333333333
2024-01-01 00:46:36.000000,2024-01-01 00:46:42.000000,0,-18.533678756476682,-18.0,8.828820905634293,0.22916666666666666,582.7472341046458,2556.0,0.0,62.310880829015545,63.0,18.119589300191087,0.15104166666666666,13.243523316062177,13.0,8.981333189171988,0.09895833333333333
2024-01-01 00:46:38.000000,2024-01-01 00:46:44.000000,0,-18.83419689119171,-18.0,8.893084362686842,0.24479166666666666,665.8964377004472,2615.0000000000005,0.0,62.35751295336787,61.0,19.181198966237314,0.14583333333333334,13.549222797927461,13.0,9.182689325408846,0.125
2024-01-01 00:46:40.000000,2024-01-01 00:46:46.000000,0,-18.72020725388601,-18.0,9.709019429898955,0.21354166666666666,685.5885406081325,2285.0,0.0,63.15544041450777,62.0,20.73334381542366,0.11458333333333333,11.839378238341968,10.0,9.861018774856158,0.13020833333333334
2024-01-01 00:46:42.000000,2024-01-01 00:46:48.000000,0,-18.533678756476682,-17.0,8.96580049877116,0.19791666666666666,861.3558890543641,2021.0,0.0,63.461139896373055,62.0,21.73873733171277,0.11979166666666667,10.471502590673575,9.0,9.354726207536062,0.140625
2024-01-01 00:46:44.000000,2024-01-01 00:46:50.000000,0,-18.813471502590673,-19.0,7.966493953222817,0.16145833333333334,544.835001792997,1856.0,0.0,62.984455958549226,64.0,22.354733998067438,0.11458333333333333,9.61658031088083,9.0,7.70133475410715,0.11458333333333333
2024-01-01 00:46:46.000000,2024-01-01 00:46:52.000000,0,-18.906735751295336,-19.0,7.650000423312664,0.16145833333333334,411.04455463279044,1921.0,0.0,61.35751295336787,62.0,21.910368027847387,0.11458333333333333,9.953367875647668,10.0,6.129071907924096,0.109375
2024-01-01 00:46:48.000000,2024-01-01 00:46:54.000000,0,-19.155440414507773,-20.0,7.3191162332096615,0.20833333333333334,383.2374159369504,2147.0,0.0,61.16580310880829,62.0,21.254741419626793,0.11979166666666667,11.124352331606218,11.0,6.1496170036745035,0.140625
2024-01-01 00:46:50.000000,2024-01-01 00:46:56.000000,0,-19.17616580310881,-19.0,7.410581666713675,0.18229166666666666,466.798360830281,2226.0000000000005,0.0,61.64766839378238,62.0,19.448655889018774,0.13541666666666666,11.533678756476684,12.0,7.307969069248889,0.125
2024-01-01 00:46:52.000000,2024-01-01 00:46:58.000000,0,-18.53886010362694,-19.0,7.057781812335616,0.19791666666666666,623.1563328877058,2076.0,0.0,62.880829015544045,62.0,17.764410093662562,0.13541666666666666,10.756476683937823,12.0,9.177518502020156,0.08854166666666667
2024-01-01 00:46:54.000000,2024-01-01 00:47:00.000000,0,-18.321243523316063,-18.0,6.648967221476015,0.171875,880.6574680649717,2166.0,0.0,61.87564766839378,61.0,17.329679434192737,0.15625,11.22279792746114,12.0,9.840239371114354,0.09375
2024-01-01 00:46:56.000000,2024-01-01 00:47:02.000000,0,-18.481865284974095,-19.0,6.680267322689314,0.1875,764.6483352171042,2270.0,0.0,62.284974093264246,63.0,17.044874355541623,0.15104166666666666,11.761658031088082,13.0,9.325434604882936,0.11458333333333333
2024-01-01 00:46:58.000000,2024-01-01 00:47:04.000000,0,-18.82901554404145,-18.0,6.0395215356819,0.17708333333333334,590.8528599831561,2266.0,0.0,61.04663212435233,61.0,15.847676668390152,0.17708333333333334,11.740932642487047,12.0,7.829912805537131,0.14583333333333334
2024-01-01 00:47:00.000000,2024-01-01 00:47:06.000000,0,-18.756476683937823,-19.0,6.010214570899746,0.18229166666666666,687.1421427558353,1909.0,0.0,62.22279792746114,61.0,13.981650863929806,0.171875,9.89119170984456,10.0,6.892294544871417,0.10416666666666667
2024-01-01 00:47:02.000000,2024-01-01 00:47:08.000000,0,-19.00518134715026,-19.0,5.007803711590231,0.17708333333333334,630.6296792286519,1864.0,0.0,61.45077720207254,59.0,13.493783750810746,0.1875,9.658031088082902,10.0,6.22220069749135,0.109375
2024-01-01 00:47:04.000000,2024-01-01 00:47:10.000000,0,-19.17098445595855,-19.0,4.9902809252885545,0.19270833333333334,603.7127527415629,1908.0,0.0,61.9119170984456,60.0,12.905809131024093,0.17708333333333334,9.8860103626943,10.0,6.013652968098955,0.09375
2024-01-01 00:47:06.000000,2024-01-01 00:47:12.000000,0,-19.497409326424872,-19.0,5.289656132817542,0.203125,527.5721514076711,1934.0,0.0,61.373056994818654,60.0,12.126748133510887,0.140625,10.020725388601036,11.0,5.7463380995555955,0.10416666666666667
2024-01-01 00:47:08.000000,2024-01-01 00:47:14.000000,0,-18.870466321243523,-18.0,5.138580410539332,0.16145833333333334,499.11726537766214,1702.0,0.0,62.031088082901555,61.0,9.638198059323262,0.140625,8.818652849740932,10.0,5.589542341945419,0.046875
2024-01-01 00:47:10.000000,2024-01-01 00:47:16.000000,0,-19.082901554404145,-19.0,5.839285761443744,0.15625,371.55173809051524,1626.0,0.0,62.13989637305699,61.0,8.159613067166372,0.15625,8.424870466321243,9.0,5.291089513355636,0.0625
2024-01-01 00:47:12.000000,2024-01-01 00:47:18.000000,0,-18.54922279792746,-19.0,5.534824590443447,0.13020833333333334,453.4280357456355,1693.0,0.0,61.9119170984456,61.0,7.966565089574358,0.15104166666666666,8.7720207253886,8.0,5.97127189825598,0.07291666666666667
2024-01-01 00:47:14.000000,2024-01-01 00:47:20.000000,0,-20.844559585492227,-20.0,7.789327897957554,0.15104166666666666,380.2560334784051,1874.0000000000002,0.0,61.1139896373057,61.0,7.8778077759017915,0.13541666666666666,9.709844559585493,9.0,5.65581895012082,0.09895833333333333
2024-01-01 00:47:16.000000,2024-01-01 00:47:22.000000,0,-20.89637305699482,-20.0,7.559461325171937,0.16666666666666666,492.75379467912694,2136.0,0.0,61.129533678756474,61.0,9.433915339644438,0.13020833333333334,11.067357512953368,11.0,6.045885460520001,0.10416666666666667
2024-01-01 00:47:18.000000,2024-01-01 00:47:24.000000,0,-21.430051813471504,-20.0,7.714740253877728,0.16145833333333334,342.941166802761,2267.0,0.0,60.78238341968912,59.0,9.922842991790391,0.17708333333333334,11.746113989637307,11.0,5.904870687924109,0.109375
2024-01-01 00:47:20.000000,2024-01-01 00:47:26.000000,0,-19.642487046632123,-20.0,5.6643676124568465,0.17708333333333334,450.2390944152282,2389.0,0.0,61.27461139896373,59.0,11.075132992959697,0.15104166666666666,12.378238341968911,13.0,5.810993801728803,0.109375
2024-01-01 00:47:22.000000,2024-01-01 00:47:28.000000,0,-19.53886010362694,-19.0,5.592013719928516,0.15104166666666666,450.8368517516569,2328.0,0.0,60.52849740932643,58.0,11.276379549806547,0.15625,12.062176165803109,13.0,6.093564692058661,0.08854166666666667
2024-01-01 00:47:24.000000,2024-01-01 00:47:30.000000,0,-19.621761658031087,-20.0,5.553428277235354,0.15625,508.22470487383487,2411.0,0.0,61.38860103626943,59.0,11.954308611830037,0.15104166666666666,12.492227979274611,12.0,7.211188623550309,0.08854166666666667
2024-01-01 00:47:26.000000,2024-01-01 00:47:32.000000,0,-20.16062176165803,-20.0,5.772609861353786,0.13020833333333334,611.6632592085122,2314.0,0.0,61.652849740932645,60.0,11.345369129774783,0.171875,11.989637305699482,11.0,7.452620929708848,0.07291666666666667
2024-01-01 00:47:28.000000,2024-01-01 00:47:34.000000,0,-27.761658031088082,-23.0,15.273042064476927,0.06770833333333333,1395.4514510149154,727.0,0.16580310880829016,53.818652849740936,59.0,19.40315868423835,0.08854166666666667,3.766839378238342,8.0,18.55741481580722,0.078125
2024-01-01 00:47:30.000000,2024-01-01 00:47:36.000000,0,-39.880829015544045,-45.0,18.075976671883794,0.036458333333333336,2274.8877104872713,1654.0,0.16580310880829016,39.6580310880829,29.0,21.96510372203741,0.015625,-8.569948186528498,-5.0,19.83779348914932,0.026041666666666668
2024-01-01 00:47:32.000000,2024-01-01 00:47:38.000000,0,-45.58031088082902,-53.0,17.719017146920134,0.07291666666666667,1885.4266818730566,2558.9999999999995,0.0,33.46632124352332,25.0,21.211242975925888,0.03125,-13.259067357512953,-21.0,18.769857073039063,0.0625
2024-01-01 00:47:34.000000,2024-01-01 00:47:40.000000,0,-38.49740932642487,-35.0,19.169236517663414,0.026041666666666668,2182.487215478554,1100.0,-0.16580310880829016,41.72538860103627,42.0,22.843722423131435,0.015625,-5.699481865284974,-5.0,18.103948974744114,0.026041666666666668
2024-01-01 00:47:36.000000,2024-01-01 00:47:42.000000,0,-36.77720207253886,-26.0,22.813033063306065,0.041666666666666664,1168.0361631686724,1137.0,0.3316062176165803,46.50777202072539,54.0,23.75309610761837,0.020833333333333332,5.891191709844559,10.0,14.299022953565654,0.09895833333333333
2024-01-01 00:47:38.000000,2024-01-01 00:47:44.000000,0,-33.15544041450777,-25.0,24.2320957086925,0.09375,1215.443161238923,1181.0,0.3316062176165803,38.5699481865285,55.0,35.591819760325095,0.020833333333333332,6.119170984455959,9.0,14.770864316027248,0.08854166666666667
2024-01-01 00:47:40.000000,2024-01-01 00:47:46.000000,0,-42.21761658031088,-45.0,23.596086816243993,0.109375,1483.0921321285507,1187.0000000000002,0.3316062176165803,30.471502590673577,34.0,32.95278292372227,0.057291666666666664,6.150259067357513,10.0,17.374946415841624,0.08854166666666667
2024-01-01 00:47:42.000000,2024-01-01 00:47:48.000000,0,-38.347150259067355,-39.0,19.309127393304088,0.125,1504.2911841298205,1346.0,0.16580310880829016,34.590673575129536,39.0,31.875462677396538,0.07291666666666667,6.974093264248705,10.0,18.59531617582117,0.052083333333333336
2024-01-01 00:47:44.000000,2024-01-01 00:47:50.000000,0,-46.40414507772021,-48.0,14.746552684006394,0.13541666666666666,1315.5223498743778,3536.0,0.0,29.564766839378237,34.0,25.484006464687372,0.08333333333333333,18.321243523316063,19.0,18.1214196034857,0.140625
2024-01-01 00:47:46.000000,2024-01-01 00:47:52.000000,0,-36.35233160621762,-37.0,21.798800790168816,0.11458333333333333,2437.0811912855784,6531.0,0.0,22.487046632124354,25.0,24.610530606897175,0.046875,33.83937823834197,33.0,21.930052240659744,0.08854166666666667
2024-01-01 00:47:48.000000,2024-01-01 00:47:54.000000,0,-42.53367875647668,-51.0,23.851540731165183,0.07291666666666667,1494.9840735068462,7468.999999999999,0.0,9.238341968911918,8.0,17.212373860199573,0.10416666666666667,38.69948186528497,35.0,19.663917085535246,0.07291666666666667
2024-01-01 00:47:50.000000,2024-01-01 00:47:56.000000,0,-30.683937823834196,-29.0,32.378596985448794,0.10416666666666667,1694.9738312651914,7267.0,0.0,-4.766839378238342,5.0,30.466213165504204,0.046875,37.652849740932645,38.0,25.861584780471453,0.09895833333333333
2024-01-01 00:47:52.000000,2024-01-01 00:47:58.000000,0,-32.41450777202073,-34.0,37.23313651970502,0.11979166666666667,1590.8368813599525,5942.0,0.0,-21.471502590673577,-29.0,29.0808941131108,0.06770833333333333,30.787564766839377,29.0,28.67383844598159,0.171875
2024-01-01 00:47:54.000000,2024-01-01 00:48:00.000000,0,-24.94818652849741,-25.0,35.885486407669404,0.1875,1850.6417249471892,6384.0,0.0,-34.58031088082902,-37.0,20.43090555962175,0.09375,33.07772020725388,37.0,28.269704982108944,0.11979166666666667
2024-01-01 00:47:56.000000,2024-01-01 00:48:02.000000,0,-33.476683937823836,-31.0,29.80440972316779,0.11979166666666667,1373.3313138461726,6158.0,0.0,-12.66839378238342,-22.0,35.84114090344774,0.08854166666666667,31.906735751295336,32.0,23.24600338000815,0.13020833333333334
2024-01-01 00:47:58.000000,2024-01-01 00:48:04.000000,0,-37.310880829015545,-36.0,19.70476718311923,0.19791666666666666,1099.370372434792,4669.0,0.0,16.44559585492228,23.0,41.31243247324769,0.015625,24.191709844559586,25.0,18.548908707757032,0.16145833333333334
2024-01-01 00:48:00.000000,2024-01-01 00:48:06.000000,0,-34.601036269430054,-35.0,18.216618985253163,0.2552083333333333,1102.2325964007707,3119.0,0.0,45.984455958549226,51.0,28.365082092677827,0.15104166666666666,16.16062176165803,17.0,16.576844531194677,0.22916666666666666
2024-01-01 00:48:02.000000,2024-01-01 00:48:08.000000,0,-28.305699481865286,-29.0,16.092661974640855,0.2916666666666667,867.0780822648885,2793.9999999999995,0.0,56.18652849740933,57.0,22.046268223293534,0.265625,14.476683937823834,15.0,18.495233771969275,0.3020833333333333
2024-01-01 00:48:04.000000,2024-01-01 00:48:10.000000,0,-26.38860103626943,-26.0,18.583966953269336,0.3541666666666667,1013.9086522375746,3997.0000000000005,0.0,50.067357512953365,51.0,28.33506039641338,0.234375,20.70984455958549,21.0,24.436967310406562,0.2916666666666667
2024-01-01 00:48:06.000000,2024-01-01 00:48:12.000000,0,-27.440414507772022,-25.0,18.337911090432893,0.2604166666666667,2345.6357726808506,6679.0,0.0,32.48186528497409,27.0,30.321900306037193,0.109375,34.60621761658031,37.0,27.7734578534956,0.16666666666666666
2024-01-01 00:48:08.000000,2024-01-01 00:48:14.000000,0,-35.73056994818653,-30.0,22.920377309888107,0.15104166666666666,1733.3976728975697,7438.0,0.0,16.4559585492228,12.0,23.476703395741193,0.140625,38.538860103626945,45.0,25.805155184779174,0.09895833333333333
2024-01-01 00:48:10.000000,2024-01-01 00:48:16.000000,0,-38.67357512953368,-30.0,21.034004615686268,0.057291666666666664,1569.8849289789875,8660.0,0.0,7.217616580310881,8.0,9.892879410956334,0.09895833333333333,44.870466321243526,53.0,20.64806307224913,0.078125
2024-01-01 00:48:12.000000,2024-01-01 00:48:18.000000,0,-49.7979274611399,-57.0,18.866736487326335,0.03125,1955.069735947784,6621.0,0.0,10.865284974093264,13.0,8.957799618595427,0.09375,34.30569948186528,27.0,18.960892281132715,0.046875
2024-01-01 00:48:14.000000,2024-01-01 00:48:20.000000,0,-38.09326424870466,-33.0,22.702826692066726,0.041666666666666664,2391.3758521147543,8354.0,0.0,9.393782383419689,10.0,7.335726126741853,0.125,43.284974093264246,48.0,19.85223098620238,0.0625
2024-01-01 00:48:16.000000,2024-01-01 00:48:22.000000,0,-31.922279792746114,-22.0,24.087063674141397,0.052083333333333336,2468.076178410954,8820.0,0.0,7.564766839378239,9.0,8.743283259673943,0.140625,45.69948186528497,57.0,20.430595157266914,0.041666666666666664
2024-01-01 00:48:18.000000,2024-01-01 00:48:24.000000,0,-24.139896373056995,-16.0,19.456310940306036,0.07291666666666667,1031.8314768460968,10461.0,0.0,5.481865284974093,8.0,11.862095297034333,0.11979166666666667,54.2020725388601,61.0,17.195735779999183,0.052083333333333336
2024-01-01 00:48:20.000000,2024-01-01 00:48:26.000000,0,-26.94300518134715,-22.0,18.88677517043379,0.09375,1056.8546823868255,10263.000000000002,0.0,2.227979274611399,7.0,14.9356203336041,0.0625,53.17616580310881,59.0,17.00551539861012,0.11458333333333333
2024-01-01 00:48:22.000000,2024-01-01 00:48:28.000000,0,-29.196891191709845,-25.0,18.791415113068012,0.10416666666666667,1018.4384858833954,10156.0,0.0,3.6476683937823835,8.0,14.712884349761762,0.09375,52.62176165803109,57.0,17.331839168528266,0.17708333333333334
2024-01-01 00:48:24.000000,2024-01-01 00:48:30.000000,0,-36.13989637305699,-37.0,20.810557066207338,0.052083333333333336,2184.1570230657208,8709.0,0.0,6.3264248704663215,10.0,13.408726020992615,0.109375,45.12435233160622,51.0,18.57375718476338,0.0625
2024-01-01 00:48:26.000000,2024-01-01 00:48:32.000000,0,-46.15544041450777,-55.0,19.775212913356103,0.06770833333333333,1784.1099434410219,6911.0,0.0,13.253886010362693,15.0,7.407259806507751,0.140625,35.80829015544042,28.0,17.489268545273827,0.057291666666666664
2024-01-01 00:48:28.000000,2024-01-01 00:48:34.000000,0,-57.1139896373057,-56.0,6.945281757235778,0.19270833333333334,200.9089068639693,5031.0,0.0,16.927461139896373,18.0,4.645217329840531,0.15104166666666666,26.067357512953368,27.0,5.239137747288241,0.140625
2024-01-01 00:48:30.000000,2024-01-01 00:48:36.000000,0,-48.93782383419689,-55.0,15.25294607574672,0.06770833333333333,1306.3477004090228,6790.000000000001,0.0,11.720207253886011,18.0,10.288264752789402,0.036458333333333336,35.181347150259064,29.0,14.807559452041179,0.057291666666666664
2024-01-01 00:48:32.000000,2024-01-01 00:48:38.000000,0,-40.21761658031088,-34.0,15.047296978961265,0.036458333333333336,1692.4718985021605,8809.0,0.0,6.746113989637306,1.0,10.397455514424605,0.015625,45.64248704663213,54.0,15.500391729965513,0.036458333333333336
2024-01-01 00:48:34.000000,2024-01-01 00:48:40.000000,0,-29.300518134715027,-27.0,11.382682833152217,0.15104166666666666,456.30794760396975,10729.0,0.0,-4.481865284974093,-2.0,9.759126745560998,0.046875,55.590673575129536,57.0,9.35655496954409,0.13020833333333334
2024-01-01 00:48:36.000000,2024-01-01 00:48:42.000000,0,-24.191709844559586,-23.0,5.896638668092014,0.09895833333333333,220.89413025696646,11353.0,0.0,-7.233160621761658,-6.0,7.0209907643158145,0.020833333333333332,58.82383419689119,58.0,4.602994022629852,0.14583333333333334
2024-01-01 00:48:38.000000,2024-01-01 00:48:44.000000,0,-19.66321243523316,-20.0,4.181499935411288,0.10416666666666667,259.5024431813823,11640.0,0.0,-8.569948186528498,-6.0,5.733357118780235,0.03125,60.310880829015545,60.0,4.245921542013311,0.16145833333333334
2024-01-01 00:48:40.000000,2024-01-01 00:48:46.000000,0,-18.77720207253886,-18.0,4.565164569596112,0.11458333333333333,178.78310620784552,11830.999999999998,0.0,-5.6217616580310885,-4.0,3.5010330328438597,0.140625,61.30051813471503,62.0,4.009474422764759,0.21875
2024-01-01 00:48:42.000000,2024-01-01 00:48:48.000000,0,-28.248704663212436,-21.0,16.30887765914208,0.036458333333333336,1262.6226226768829,10459.0,0.0,-1.9481865284974094,-4.0,6.3947740159466075,0.036458333333333336,54.19170984455958,60.0,13.989189787667163,0.046875
2024-01-01 00:48:44.000000,2024-01-01 00:48:50.000000,0,-41.129533678756474,-46.0,17.383205744882403,0.057291666666666664,1953.8878870676206,8309.0,0.0,5.238341968911917,4.0,10.87931817272028,0.026041666666666668,43.05181347150259,41.0,16.41891088699328,0.036458333333333336
2024-01-01 00:48:46.000000,2024-01-01 00:48:52.000000,0,-52.829015544041454,-55.0,8.415436434313152,0.036458333333333336,768.2435377290512,6245.0,0.0,13.512953367875648,18.0,8.145236854732287,0.036458333333333336,32.35751295336787,29.0,10.72679948147239,0.036458333333333336
2024-01-01 00:48:48.000000,2024-01-01 00:48:54.000000,0,-55.32124352331606,-55.0,0.9844703037314997,0.21354166666666666,28.03177096986768,5504.0,0.0,18.54922279792746,19.0,1.025158482208587,0.16666666666666666,28.518134715025905,29.0,0.7977394118741682,0.3854166666666667
2024-01-01 00:48:50.000000,2024-01-01 00:48:56.000000,0,-55.16062176165803,-55.0,0.36813667488986096,0.20833333333333334,20.172797628781797,5494.0,0.0,18.813471502590673,19.0,0.39054565256286106,0.20833333333333334,28.466321243523318,28.0,0.5001618908897866,0.40625
2024-01-01 00:48:52.000000,2024-01-01 00:48:58.000000,0,-55.23834196891192,-55.0,0.42717744550501124,0.296875,21.475624181640953,5472.0,0.0,18.66839378238342,19.0,0.4720147534358851,0.265625,28.352331606217618,28.0,0.47893898998855927,0.4114583333333333
2024-01-01 00:48:54.000000,2024-01-01 00:49:00.000000,0,-55.295336787564764,-55.0,0.4573804665611657,0.375,19.84250274804123,5470.0,0.0,18.40414507772021,18.0,0.4920020957030219,0.3177083333333333,28.3419689119171,28.0,0.4756029715303488,0.421875
2024-01-01 00:48:56.000000,2024-01-01 00:49:02.000000,0,-55.259067357512954,-55.0,0.4392621187639586,0.3229166666666667,25.71631524727626,5510.000000000001,0.0,18.28497409326425,18.0,0.45257610358223693,0.3020833333333333,28.54922279792746,29.0,0.5091986321442239,0.3489583333333333
2024-01-01 00:48:58.000000,2024-01-01 00:49:04.000000,0,-55.16580310880829,-55.0,0.372871043658016,0.22916666666666666,25.072881214904218,5553.0,0.0,18.264248704663213,18.0,0.4420791081060426,0.3125,28.7720207253886,29.0,0.4328256957500958,0.2708333333333333
2024-01-01 00:49:00.000000,2024-01-01 00:49:06.000000,0,-55.082901554404145,-55.0,0.2764504846556091,0.13541666666666666,9.104283874365569,5582.0,0.0,18.326424870466322,18.0,0.4701242807792823,0.3645833333333333,28.922279792746114,29.0,0.28717551336239744,0.14583333333333334
2024-01-01 00:49:02.000000,2024-01-01 00:49:08.000000,9,-54.44559585492228,-55.0,3.878143050909296,0.015625,179.87547664479172,5742.0,0.0,17.05181347150259,18.0,6.0110496627759815,0.005208333333333333,29.751295336787564,29.0,5.2944852284426,0.010416666666666666
2024-01-01 00:49:04.000000,2024-01-01 00:49:10.000000,9,-53.626943005181346,-55.0,4.482105564755218,0.046875,557.618420171044,6385.0,0.0,10.818652849740932,18.0,10.074372615324535,0.005208333333333333,33.082901554404145,29.0,6.883961422790389,0.036458333333333336
2024-01-01 00:49:06.000000,2024-01-01 00:49:12.000000,9,-52.4300518134715,-52.0,4.4378261027370955,0.13020833333333334,418.1094991957694,7082.999999999999,0.0,4.637305699481865,0.0,9.231008487859592,0.015625,36.69948186528497,39.0,6.619325379533637,0.046875
2024-01-01 00:49:08.000000,2024-01-01 00:49:14.000000,9,-51.67357512953368,-51.0,2.3809522267456114,0.21875,74.82120957715127,7644.000000000001,0.0,-0.9378238341968912,0.0,2.0479332646119053,0.11458333333333333,39.60621761658031,40.0,1.893069238009099,0.18229166666666666
2024-01-01 00:49:10.000000,2024-01-01 00:49:16.000000,9,-51.196891191709845,-51.0,0.678993336963447,0.19270833333333334,29.518053409916696,7723.0,0.0,-1.3523316062176165,-2.0,0.8840055935708723,0.08854166666666667,40.015544041450774,40.0,0.5726099233791992,0.17708333333333334
2024-01-01 00:49:12.000000,2024-01-01 00:49:18.000000,9,-51.04145077720207,-51.0,0.4061275057785577,0.109375,16.914400291804895,7748.0,0.0,-1.5544041450777202,-2.0,0.6441999094349993,0.10416666666666667,40.145077720207254,40.0,0.3948748736031555,0.21875
2024-01-01 00:49:14.000000,2024-01-01 00:49:20.000000,9,-51.01036269430052,-51.0,0.3817399489194657,0.057291666666666664,27.495825116901347,7771.999999999998,0.0,-1.0103626943005182,-1.0,0.8290911019108239,0.026041666666666668,40.26943005181347,40.0,0.47865717826072396,0.25
2024-01-01 00:49:16.000000,2024-01-01 00:49:22.000000,9,-50.626943005181346,-51.0,0.6736865940057033,0.057291666666666664,73.93122353206715,7882.0,0.0,-0.5751295336787565,-1.0,0.5456295186986327,0.16145833333333334,40.83937823834197,41.0,0.8478549078305182,0.22395833333333334
2024-01-01 00:49:18.000000,2024-01-01 00:49:24.000000,9,-50.284974093264246,-50.0,0.6971908845744336,0.078125,77.65538571894166,7954.0,0.0,-0.8497409326424871,-1.0,0.8121553340963844,0.15104166666666666,41.21243523316062,41.0,0.7440393535193497,0.11458333333333333
2024-01-01 00:49:20.000000,2024-01-01 00:49:26.000000,9,-50.082901554404145,-50.0,0.5432999820231202,0.14583333333333334,54.31294348862475,7982.0,0.0,-1.4766839378238341,-2.0,0.7435314024702735,0.026041666666666668,41.35751295336787,41.0,0.5416583631620784,0.09375
2024-01-01 00:49:22.000000,2024-01-01 00:49:28.000000,9,-50.4300518134715,-50.0,0.7613916106717901,0.17708333333333334,48.38757622597449,7882.0,0.0,-2.082901554404145,-2.0,0.5803805106419313,0.11458333333333333,40.83937823834197,41.0,0.6615194212812636,0.052083333333333336
2024-01-01 00:49:24.000000,2024-01-01 00:49:30.000000,9,-50.626943005181346,-51.0,0.8634351704729617,0.28125,47.63670323083493,7847.0,0.0,-1.927461139896373,-2.0,0.6883875178880786,0.07291666666666667,40.6580310880829,41.0,0.6670443662369819,0.13541666666666666
2024-01-01 00:49:26.000000,2024-01-01 00:49:32.000000,9,-50.87564766839378,-51.0,0.9492747890973876,0.22916666666666666,43.29337377413704,7810.000000000001,0.0,-1.3989637305699483,-1.0,1.186468395654099,0.140625,40.46632124352332,40.0,0.7072212645971865,0.16145833333333334
2024-01-01 00:49:28.000000,2024-01-01 00:49:34.000000,9,-50.92746113989637,-51.0,0.8629662265218963,0.171875,53.74396923751085,7798.0,0.0,-0.6580310880829016,-1.0,0.9226040247736293,0.13020833333333334,40.40414507772021,40.0,0.6633119393187724,0.109375
2024-01-01 00:49:30.000000,2024-01-01 00:49:36.000000,9,-51.09326424870466,-51.0,0.6051912728088011,0.15104166666666666,26.245020566473332,7749.0,0.0,-0.38860103626943004,0.0,0.8223914640894885,0.125,40.15025906735751,40.0,0.41232627052841886,0.046875
2024-01-01 00:49:32.000000,2024-01-01 00:49:38.000000,9,-51.16580310880829,-51.0,0.4931525949088018,0.18229166666666666,7.043217539828308,7717.0,0.0,-0.8652849740932642,-1.0,0.8970362350030584,0.08854166666666667,39.984455958549226,40.0,0.2159447252246083,0.046875
2024-01-01 00:49:34.000000,2024-01-01 00:49:40.000000,9,-51.49222797927461,-51.0,0.7153027548444667,0.11979166666666667,65.9703957252428,7640.0,0.0,-2.051813471502591,-2.0,1.4956218489397315,0.005208333333333333,39.58549222797927,40.0,0.6488747400883297,0.036458333333333336
2024-01-01 00:49:36.000000,2024-01-01 00:49:42.000000,9,-51.9119170984456,-52.0,0.7342179465877536,0.08333333333333333,73.90240324952806,7553.0,0.0,-3.0414507772020727,-3.0,1.0043353777249489,0.0625,39.134715025906736,39.0,0.7015511434731329,0.036458333333333336
2024-01-01 00:49:38.000000,2024-01-01 00:49:44.000000,9,-52.21761658031088,-52.0,0.44988484421793307,0.203125,19.751050578919735,7488.0,0.0,-3.082901554404145,-3.0,0.9090791332256618,0.0625,38.7979274611399,39.0,0.40259038183250484,0.1875
2024-01-01 00:49:40.000000,2024-01-01 00:49:46.000000,9,-52.15544041450777,-52.0,0.36326634200426733,0.16666666666666666,15.494838788336962,7502.0,0.0,-2.7409326424870466,-3.0,0.7254547141719714,0.14583333333333334,38.870466321243526,39.0,0.33666299011313694,0.125
2024-01-01 00:49:42.000000,2024-01-01 00:49:48.000000,9,-52.0880829015544,-52.0,0.30192602806792057,0.125,6.063716422314446,7518.000000000001,0.0,-2.518134715025907,-3.0,0.5009705606027905,0.24479166666666666,38.95336787564767,39.0,0.21139801127490407,0.09375
2024-01-01 00:49:44.000000,2024-01-01 00:49:50.000000,9,-52.067357512953365,-52.0,0.2712274600044193,0.09375,4.203246441955097,7522.0,0.0,-2.8186528497409324,-3.0,0.38630763958364955,0.2760416666666667,38.97409326424871,39.0,0.15927024860221045,0.052083333333333336
2024-01-01 00:49:46.000000,2024-01-01 00:49:52.000000,9,-52.07253886010363,-52.0,0.27936363659355695,0.10416666666666667,4.203246441955111,7522.000000000001,0.0,-2.854922279792746,-3.0,0.3530951228820758,0.22916666666666666,38.97409326424871,39.0,0.15927024860221017,0.052083333333333336
2024-01-01 00:49:48.000000,2024-01-01 00:49:54.000000,9,-52.04145077720207,-52.0,0.19984882023648262,0.07291666666666667,6.823522835919628e-13,7527.0,0.0,-2.917098445595855,-3.0,0.2764504846556093,0.140625,39.0,39.0,0.0,0.0
2024-01-01 00:49:50.000000,2024-01-01 00:49:56.000000,9,-52.02590673575129,-52.0,0.21494265612749683,0.0625,1.0000000000004416,7526.000000000002,0.0,-2.917098445595855,-3.0,0.2764504846556093,0.13541666666666666,38.994818652849744,39.0,0.07198157507486941,0.010416666666666666
2024-01-01 00:49:52.000000,2024-01-01 00:49:58.000000,9,-51.932642487046635,-52.0,0.3961031032367485,0.08333333333333333,28.70902886325497,7556.0,0.0,-2.7202072538860103,-3.0,0.49419121483703765,0.078125,39.15025906735751,39.0,0.3725089977005597,0.06770833333333333
2024-01-01 00:49:54.000000,2024-01-01 00:50:00.000000,9,-51.86010362694301,-52.0,0.4519794308065285,0.17708333333333334,47.40538439550408,7601.000000000001,0.0,-2.4041450777202074,-2.0,0.532665682058486,0.052083333333333336,39.38341968911917,39.0,0.4980532048071291,0.171875
2024-01-01 00:49:56.000000,2024-01-01 00:50:02.000000,9,-51.78756476683938,-52.0,0.4580879387033583,0.22916666666666666,22.564124246549355,7637.0,0.0,-2.1036269430051813,-2.0,0.36747633951538516,0.015625,39.5699481865285,40.0,0.49637067950076164,0.3229166666666667
2024-01-01 00:49:58.000000,2024-01-01 00:50:04.000000,9,-51.83937823834197,-52.0,0.3681366748898608,0.22916666666666666,14.325183916635268,7633.0,0.0,-2.0,-2.0,0.0,0.0,39.54922279792746,40.0,0.49886529275033803,0.421875
2024-01-01 00:50:00.000000,2024-01-01 00:50:06.000000,9,-51.83419689119171,-52.0,0.3865869654622162,0.22916666666666666,17.546513264349034,7605.0,0.0,-2.0155440414507773,-2.0,0.12402469251053039,0.03125,39.40414507772021,39.0,0.492002095703022,0.421875
2024-01-01 00:50:02.000000,2024-01-01 00:50:08.000000,9,-51.82383419689119,-52.0,0.4330750193282316,0.21875,18.072235181997552,7587.999999999999,0.0,-2.0362694300518136,-2.0,0.18744601986357126,0.0625,39.3160621761658,39.0,0.46614670020712345,0.3489583333333333
2024-01-01 00:50:04.000000,2024-01-01 00:50:10.000000,9,-51.58549222797927,-52.0,0.6326176530823051,0.203125,50.58326863396898,7631.0,0.0,-2.0414507772020727,-2.0,0.19984882023648243,0.07291666666666667,39.538860103626945,39.0,0.6844955153508361,0.21354166666666666
2024-01-01 00:50:06.000000,2024-01-01 00:50:12.000000,9,-51.3160621761658,-51.0,0.6196445858560016,0.109375,67.52857595241748,7704.0,0.0,-2.0259067357512954,-2.0,0.15927024860221128,0.041666666666666664,39.917098445595855,40.0,0.7523351671958802,0.109375
2024-01-01 00:50:08.000000,2024-01-01 00:50:14.000000,9,-51.056994818652846,-51.0,0.4585589804100222,0.057291666666666664,39.37430048342428,7782.999999999999,0.0,-2.005181347150259,-2.0,0.07198157507486963,0.010416666666666666,40.32642487046632,40.0,0.6309517990398097,0.3020833333333333
2024-01-01 00:50:10.000000,2024-01-01 00:50:16.000000,9,-51.1139896373057,-51.0,0.46487133064830055,0.11979166666666667,41.34422414988293,7772.000000000002,0.0,-1.994818652849741,-2.0,0.3460703403696892,0.041666666666666664,40.26943005181347,40.0,0.568210079372514,0.2760416666666667
2024-01-01 00:50:12.000000,2024-01-01 00:50:18.000000,9,-51.2279792746114,-51.0,0.5301774070078388,0.21875,46.147342816460814,7736.0,0.0,-2.1917098445595853,-2.0,0.5298719172636572,0.203125,40.082901554404145,40.0,0.5528033439958457,0.140625
2024-01-01 00:50:14.000000,2024-01-01 00:50:20.000000,9,-51.233160621761655,-51.0,0.5026376885404424,0.20833333333333334,17.08621755883382,7702.0,0.0,-2.2590673575129534,-2.0,0.5638716245574015,0.3229166666666667,39.90673575129534,40.0,0.35591170724015764,0.10416666666666667
2024-01-01 00:50:16.000000,2024-01-01 00:50:22.000000,9,-51.196891191709845,-51.0,0.48152391942051476,0.19791666666666666,13.842301919389692,7712.0,0.0,-2.233160621761658,-2.0,0.5328176479258903,0.2604166666666667,39.95854922279793,40.0,0.3359407948085206,0.09375
2024-01-01 00:50:18.000000,2024-01-01 00:50:24.000000,9,-51.20725388601036,-51.0,0.6279507202648736,0.13020833333333334,21.9663120454779,7700.0,0.0,-2.0207253886010363,-2.0,0.4995680344765988,0.16145833333333334,39.89637305699482,40.0,0.558678971715385,0.08854166666666667
2024-01-01 00:50:20.000000,2024-01-01 00:50:26.000000,9,-51.69948186528497,-51.0,0.8972467963004952,0.140625,99.33371138299712,7600.000000000001,0.0,-1.927461139896373,-2.0,0.5447880702170134,0.16666666666666666,39.37823834196891,40.0,0.9392722166996665,0.109375
2024-01-01 00:50:22.000000,2024-01-01 00:50:28.000000,9,-51.984455958549226,-52.0,0.7937036334083779,0.0625,63.91327616382335,7533.000000000001,0.0,-1.9740932642487046,-2.0,0.49408198923843694,0.09375,39.031088082901555,39.0,0.7833337926724865,0.057291666666666664
2024-01-01 00:50:24.000000,2024-01-01 00:50:30.000000,9,-52.21243523316062,-52.0,0.5015089493240957,0.13020833333333334,32.96896808137009,7489.000000000001,0.0,-2.0,-2.0,0.3818813079129867,0.078125,38.803108808290155,39.0,0.45938214118613874,0.07291666666666667
2024-01-01 00:50:26.000000,2024-01-01 00:50:32.000000,9,-52.056994818652846,-52.0,0.3977348428052886,0.09375,8.138900606808248,7528.000000000001,0.0,-1.839378238341969,-2.0,0.4449995633694081,0.036458333333333336,39.005181347150256,39.0,0.2601563897932534,0.041666666666666664
2024-01-01 00:50:28.000000,2024-01-01 00:50:34.000000,9,-51.984455958549226,-52.0,0.4387088529830067,0.09895833333333333,13.056526960350965,7544.000000000001,0.0,-1.471502590673575,-1.0,0.5777707890060481,0.046875,39.0880829015544,39.0,0.3784741203281989,0.125
2024-01-01 00:50:30.000000,2024-01-01 00:50:36.000000,9,-51.92746113989637,-52.0,0.4506040850356084,0.15625,19.821265759160866,7570.0,0.0,-1.1347150259067358,-1.0,0.43599389167180785,0.046875,39.22279792746114,39.0,0.47554622715604605,0.3125
2024-01-01 00:50:32.000000,2024-01-01 00:50:38.000000,9,-51.84455958549223,-52.0,0.5368542029575256,0.21354166666666666,16.110932419921557,7584.0,0.0,-0.9844559585492227,-1.0,0.3141901616627502,0.052083333333333336,39.295336787564764,39.0,0.4796146625417561,0.3802083333333333
2024-01-01 00:50:34.000000,2024-01-01 00:50:40.000000,9,-51.89119170984456,-52.0,0.6483754775829483,0.234375,15.966364095608858,7579.0,0.0,-1.005181347150259,-1.0,0.4017852002628511,0.0625,39.26943005181347,39.0,0.5400117538540422,0.40625
2024-01-01 00:50:36.000000,2024-01-01 00:50:42.000000,9,-51.92227979274612,-52.0,0.6284662086977756,0.19791666666666666,15.57252768211097,7559.0,0.0,-1.005181347150259,-1.0,0.4017852002628513,0.0625,39.16580310880829,39.0,0.48247571462055794,0.2604166666666667
2024-01-01 00:50:38.000000,2024-01-01 00:50:44.000000,9,-51.943005181347154,-52.0,0.5222799426693303,0.19270833333333334,14.760470803855577,7554.0,0.0,-1.0103626943005182,-1.0,0.3225813415781644,0.0625,39.13989637305699,39.0,0.45197943080652947,0.19791666666666666
2024-01-01 00:50:40.000000,2024-01-01 00:50:46.000000,9,-51.89119170984456,-52.0,0.3284672889815898,0.16666666666666666,20.542370080386316,7561.0,0.0,-1.1761658031088082,-1.0,0.3819519677910849,0.08854166666666667,39.17616580310881,39.0,0.3819519677910843,0.19791666666666666
2024-01-01 00:50:42.000000,2024-01-01 00:50:48.000000,9,-51.90155440414508,-52.0,0.31564693553112405,0.14583333333333334,24.90111227695556,7556.0,0.0,-1.5025906735751295,-2.0,0.5012936632230296,0.09895833333333333,39.15025906735751,39.0,0.35825449990364133,0.15625
2024-01-01 00:50:44.000000,2024-01-01 00:50:50.000000,9,-51.95336787564767,-52.0,0.275570533930942,0.07291666666666667,18.652250280286836,7547.0,0.0,-1.782383419689119,-2.0,0.42610214705356814,0.13020833333333334,39.10362694300518,39.0,0.30556863948540247,0.11979166666666667
2024-01-01 00:50:46.000000,2024-01-01 00:50:52.000000,9,-51.93782383419689,-52.0,0.4635342378264045,0.13020833333333334,19.21260203473337,7549.0,0.0,-1.6528497409326426,-2.0,0.5388110591969627,0.09895833333333333,39.1139896373057,39.0,0.34979330190660035,0.09375
2024-01-01 00:50:48.000000,2024-01-01 00:50:54.000000,9,-51.70984455958549,-52.0,0.6113138827250982,0.23958333333333334,52.716344792620454,7614.0,0.0,-1.0103626943005182,-1.0,0.8477275831702684,0.08854166666666667,39.45077720207254,39.0,0.5485890207105987,0.09895833333333333
2024-01-01 00:50:50.000000,2024-01-01 00:50:56.000000,9,-51.45077720207254,-51.0,0.6446186833916215,0.328125,35.78079239016827,7674.000000000001,0.0,-0.38860103626943004,0.0,0.6202104913177361,0.057291666666666664,39.76165803108808,40.0,0.484317977450272,0.11979166666666667
2024-01-01 00:50:52.000000,2024-01-01 00:50:58.000000,9,-51.35233160621762,-51.0,0.5105218468697117,0.328125,14.525192070539244,7700.0,0.0,-0.12435233160621761,0.0,0.3609560802681627,0.11458333333333333,39.89637305699482,40.0,0.3530186870931337,0.140625
2024-01-01 00:50:54.000000,2024-01-01 00:51:00.000000,9,-51.45077720207254,-51.0,0.5390113607128767,0.3541666666666667,13.690473244244277,7680.0,0.0,-0.27979274611398963,0.0,0.4614920983311711,0.25,39.79274611398964,40.0,0.40639320911465426,0.2916666666666667
2024-01-01 00:50:56.000000,2024-01-01 00:51:02.000000,9,-51.50777202072539,-51.0,0.5216078007035061,0.3802083333333333,11.48199136803301,7675.0,0.0,-0.32642487046632124,0.0,0.47012428077928275,0.296875,39.766839378238345,40.0,0.42394336800404364,0.3229166666666667
2024-01-01 00:50:58.000000,2024-01-01 00:51:04.000000,9,-51.538860103626945,-52.0,0.5202090386265315,0.3958333333333333,14.56601189958868,7684.0,0.0,-0.24870466321243523,0.0,0.43338647209724035,0.24479166666666666,39.81347150259067,40.0,0.3905456525628603,0.2916666666666667
2024-01-01 00:51:00.000000,2024-01-01 00:51:06.000000,9,-51.50259067357513,-52.0,0.5012936632230296,0.375,12.369554624732308,7698.0,0.0,-0.09844559585492228,0.0,0.29869101299423706,0.14583333333333334,39.8860103626943,40.0,0.3186252041590384,0.16145833333333334
2024-01-01 00:51:02.000000,2024-01-01 00:51:08.000000,9,-51.47150259067357,-51.0,0.5405112560918623,0.3489583333333333,9.606286613967546,7705.0,0.0,-0.06735751295336788,0.0,0.2897947579358803,0.11979166666666667,39.92227979274612,40.0,0.3214080098695278,0.13541666666666666
2024-01-01 00:51:04.000000,2024-01-01 00:51:10.000000,9,-51.35233160621762,-51.0,0.5206238784361785,0.328125,10.72900724927212,7706.0,0.0,-0.05699481865284974,0.0,0.2736049558177144,0.10416666666666667,39.92746113989637,40.0,0.3144477298123019,0.11458333333333333
2024-01-01 00:51:06.000000,2024-01-01 00:51:12.000000,9,-51.347150259067355,-51.0,0.5191185068745102,0.3385416666666667,9.67194785263846,7702.000000000001,0.0,-0.025906735751295335,0.0,0.2149426561274969,0.052083333333333336,39.90673575129534,40.0,0.34096404016250403,0.18229166666666666
2024-01-01 00:51:08.000000,2024-01-01 00:51:14.000000,9,-51.53367875647668,-51.0,3.369618462640112,0.3489583333333333,71.18902042623147,7673.0,0.0,-0.8756476683937824,0.0,2.3772089990608505,0.09375,39.75647668393783,40.0,2.5531377795937584,0.23958333333333334
2024-01-01 00:51:10.000000,2024-01-01 00:51:16.000000,9,-48.73575129533679,-51.0,6.212186995829823,0.06770833333333333,419.50310156589256,8205.0,0.0,-0.8601036269430051,0.0,3.339491289483904,0.11458333333333333,42.512953367875646,40.0,6.0390300065233244,0.046875
2024-01-01 00:51:12.000000,2024-01-01 00:51:18.000000,9,-46.56476683937824,-46.0,6.1090099164181,0.171875,378.3790981794759,8654.0,0.0,0.5906735751295337,1.0,4.306404637060968,0.046875,44.83937823834197,46.0,5.96256583008235,0.078125
2024-01-01 00:51:14.000000,2024-01-01 00:51:20.000000,9,-44.259067357512954,-45.0,3.6106372303211245,0.3125,172.2193359581156,9134.0,0.0,2.9740932642487046,4.0,3.2825854158102015,0.057291666666666664,47.32642487046632,47.0,3.8813357029994497,0.25
2024-01-01 00:51:16.000000,2024-01-01 00:51:22.000000,9,-44.83937823834197,-45.0,1.342457179229801,0.3489583333333333,37.592910067573236,9048.0,0.0,4.626943005181347,5.0,0.9819726542066622,0.3333333333333333,46.880829015544045,47.0,1.0364680293286317,0.3020833333333333
2024-01-01 00:51:18.000000,2024-01-01 00:51:24.000000,9,-44.75647668393783,-45.0,0.8825696506540505,0.3697916666666667,29.300663802524475,9055.0,0.0,4.849740932642487,5.0,0.5891487814645883,0.1875,46.917098445595855,47.0,0.7592264948395296,0.234375
2024-01-01 00:51:20.000000,2024-01-01 00:51:26.000000,9,-38.984455958549226,-45.0,17.14839541932964,0.005208333333333333,260.31105452306554,9322.0,0.0,-0.38860103626943004,5.0,13.104121274884248,0.015625,48.30051813471503,47.0,7.914441556218912,0.057291666666666664
2024-01-01 00:51:22.000000,2024-01-01 00:51:28.000000,9,-28.590673575129532,-38.0,19.881244198945407,0.005208333333333333,616.7891624079746,10022.0,0.0,-10.398963730569948,-5.0,16.390145634513217,0.015625,51.92746113989637,48.0,8.937568314412157,0.06770833333333333
2024-01-01 00:51:24.000000,2024-01-01 00:51:30.000000,9,-18.010362694300518,-15.0,18.124278617054006,0.052083333333333336,422.27971594490674,10626.0,0.0,-20.59585492227979,-25.0,12.916090716447814,0.036458333333333336,55.056994818652846,56.0,8.429972894688406,0.22916666666666666
2024-01-01 00:51:26.000000,2024-01-01 00:51:32.000000,9,-20.808290155440414,-17.0,18.766368790526258,0.057291666666666664,912.9097864804371,9983.0,0.0,-25.05181347150259,-26.0,7.599164518662073,0.22395833333333334,51.72538860103627,55.0,12.906402964358854,0.06770833333333333
2024-01-01 00:51:28.000000,2024-01-01 00:51:34.000000,9,-31.979274611398964,-26.0,27.90645806178928,0.08854166666666667,1826.657197807953,7962.000000000001,0.0,-23.264248704663213,-25.0,13.870968505160597,0.08854166666666667,41.25388601036269,50.0,20.739274284340457,0.08854166666666667
2024-01-01 00:51:30.000000,2024-01-01 00:51:36.000000,9,-45.8860103626943,-48.0,24.786956018990967,0.06770833333333333,1071.857122397872,5912.000000000001,0.0,-23.476683937823836,-25.0,14.15541435681507,0.15104166666666666,30.632124352331605,30.0,18.789247926703258,0.10416666666666667
2024-01-01 00:51:32.000000,2024-01-01 00:51:38.000000,9,-51.20725388601036,-51.0,20.136993042004736,0.234375,592.2895490122972,5416.0,0.0,-22.89637305699482,-23.0,12.35118235339314,0.18229166666666666,28.06217616580311,32.0,14.422431509849645,0.11458333333333333
2024-01-01 00:51:34.000000,2024-01-01 00:51:40.000000,9,-52.067357512953365,-51.0,6.308940560960071,0.171875,556.6023223236019,5799.000000000001,0.0,-24.16062176165803,-24.0,4.157085270322504,0.21875,30.04663212435233,33.0,6.471323083613143,0.046875
2024-01-01 00:51:36.000000,2024-01-01 00:51:42.000000,9,-51.24352331606217,-51.0,11.324189265531945,0.3020833333333333,266.88889868361514,6095.000000000001,0.0,-22.518134715025905,-23.0,7.8555270247084,0.23958333333333334,31.580310880829014,33.0,5.386617861532696,0.1875
2024-01-01 00:51:38.000000,2024-01-01 00:51:44.000000,9,-40.233160621761655,-51.0,39.104727693455104,0.06770833333333333,697.6146805558071,6254.0,0.0,-12.953367875647668,-22.0,23.33101703282216,0.08854166666666667,32.40414507772021,32.0,12.754998342957272,0.17708333333333334
2024-01-01 00:51:40.000000,2024-01-01 00:51:46.000000,9,-36.84974093264249,-41.0,38.58504152673718,0.11458333333333333,832.333670534157,7313.0,0.0,-10.55958549222798,-16.0,22.93395916889673,0.109375,37.89119170984456,39.0,15.070444831742613,0.09895833333333333
2024-01-01 00:51:42.000000,2024-01-01 00:51:48.000000,9,-32.33160621761658,-39.0,35.68633442361547,0.08854166666666667,739.7402174911638,8662.0,0.0,-7.880829015544041,-14.0,20.749781508307187,0.06770833333333333,44.880829015544045,49.0,13.248085370189182,0.078125
2024-01-01 00:51:44.000000,2024-01-01 00:51:50.000000,9,-39.12435233160622,-39.0,4.057538986284167,0.19791666666666666,85.39078602224471,9608.0,0.0,-14.238341968911918,-14.0,7.763105944355096,0.22916666666666666,49.78238341968912,50.0,2.100173732430328,0.2864583333333333
2024-01-01 00:51:46.000000,2024-01-01 00:51:52.000000,9,-45.48186528497409,-39.0,25.300299171536636,0.041666666666666664,2008.0748536400715,7420.0,0.0,-10.585492227979275,-14.0,16.044021371266556,0.09895833333333333,38.44559585492228,50.0,25.910470731411188,0.046875
2024-01-01 00:51:48.000000,2024-01-01 00:51:54.000000,9,-47.84974093264249,-39.0,30.14052526007746,0.0625,1719.380334407323,5839.0,0.0,-11.05699481865285,-13.0,20.117153368999503,0.16145833333333334,30.253886010362695,44.0,28.93334289663811,0.09375
2024-01-01 00:51:50.000000,2024-01-01 00:51:56.000000,9,-56.020725388601036,-61.0,30.594620739944954,0.078125,1301.7163788738792,3168.0,0.0,-6.5025906735751295,-5.0,21.342232279452897,0.18229166666666666,16.414507772020727,12.0,27.176011881099434,0.109375
2024-01-01 00:51:52.000000,2024-01-01 00:51:58.000000,9,-58.09326424870466,-64.0,21.208577426991294,0.09895833333333333,1330.2086124312004,2110.0,0.0,-4.953367875647668,-1.0,15.83320948047188,0.08333333333333333,10.932642487046632,5.0,21.20241293662258,0.07291666666666667
2024-01-01 00:51:54.000000,2024-01-01 00:52:00.000000,9,-52.10880829015544,-63.0,32.97100328207496,0.08333333333333333,1844.1338404239432,2659.0,0.0,-1.4870466321243523,0.0,13.64624063321797,0.08854166666666667,13.77720207253886,6.0,24.35922776993343,0.07291666666666667
2024-01-01 00:51:56.000000,2024-01-01 00:52:02.000000,9,-35.16580310880829,-49.0,41.82619633055178,0.07291666666666667,2149.708002696136,4905.0,0.0,-4.901554404145077,-2.0,16.963982914435025,0.078125,25.414507772020727,28.0,28.064920958882542,0.07291666666666667
2024-01-01 00:51:58.000000,2024-01-01 00:52:04.000000,9,-29.098445595854923,-33.0,40.30386726259955,0.09375,1382.9840253482982,7266.0,0.0,-10.647668393782384,-14.0,18.794951872496632,0.13541666666666666,37.64766839378238,45.0,23.230058815167283,0.11979166666666667
2024-01-01 00:52:00.000000,2024-01-01 00:52:06.000000,9,-39.16580310880829,-44.0,34.02470719171387,0.11458333333333333,1866.8057501802623,6636.0,0.0,-11.424870466321243,-14.0,16.081038365261385,0.10416666666666667,34.38341968911917,38.0,19.554095231642705,0.09375
2024-01-01 00:52:02.000000,2024-01-01 00:52:08.000000,9,-48.90673575129534,-43.0,18.02693604424642,0.046875,1569.992901132323,6687.0,0.0,-15.186528497409327,-20.0,12.318111025643065,0.07291666666666667,34.64766839378238,44.0,17.067580356418368,0.036458333333333336
2024-01-01 00:52:04.000000,2024-01-01 00:52:10.000000,9,-47.33678756476684,-43.0,11.685797293146551,0.09375,1255.2980239653607,7226.999999999999,0.0,-16.911917098445596,-21.0,9.443224696032512,0.06770833333333333,37.44559585492228,44.0,13.418286410342544,0.020833333333333332
2024-01-01 00:52:06.000000,2024-01-01 00:52:12.000000,9,-41.3160621761658,-41.0,4.42160899214837,0.3072916666666667,312.01250646221547,8888.000000000002,0.0,-18.922279792746114,-21.0,5.500868395881535,0.078125,46.05181347150259,46.0,4.546909358567192,0.11458333333333333
2024-01-01 00:52:08.000000,2024-01-01 00:52:14.000000,9,-42.5440414507772,-43.0,4.481370958193436,0.296875,259.7318430231393,8986.0,0.0,-14.7720207253886,-13.0,6.640300300656701,0.046875,46.55958549222798,47.0,4.634317622615915,0.16145833333333334
2024-01-01 00:52:10.000000,2024-01-01 00:52:16.000000,9,-41.07772020725388,-42.0,6.511141971687835,0.22395833333333334,282.92320285219733,9151.0,0.0,-13.207253886010363,-11.0,7.137675072487855,0.078125,47.41450777202073,48.0,6.613921310009015,0.21875
2024-01-01 00:52:12.000000,2024-01-01 00:52:18.000000,9,-44.487046632124354,-44.0,15.020509869941913,0.16666666666666666,751.0125911562069,8253.0,0.0,-16.797927461139896,-15.0,9.75350342264481,0.09895833333333333,42.76165803108808,47.0,12.046143113182804,0.06770833333333333
2024-01-01 00:52:14.000000,2024-01-01 00:52:20.000000,9,-43.984455958549226,-46.0,19.117094412881336,0.11458333333333333,770.0832566389414,7823.0,0.0,-19.305699481865286,-19.0,9.207945994088565,0.140625,40.53367875647668,38.0,13.808970342393321,0.09895833333333333
2024-01-01 00:52:16.000000,2024-01-01 00:52:22.000000,9,-47.24352331606217,-51.0,18.81454922451211,0.11458333333333333,586.2436215522926,7309.000000000001,0.0,-21.036269430051814,-20.0,7.689530935652883,0.171875,37.870466321243526,35.0,12.77932934999245,0.18229166666666666
2024-01-01 00:52:18.000000,2024-01-01 00:52:24.000000,9,-46.50259067357513,-51.0,16.29772618097755,0.13020833333333334,507.03567032038274,7446.000000000001,0.0,-20.2279792746114,-20.0,7.57530558786695,0.15625,38.58031088082902,36.0,10.931845009856133,0.18229166666666666
2024-01-01 00:52:20.000000,2024-01-01 00:52:26.000000,9,-47.32642487046632,-47.0,11.092047459300655,0.18229166666666666,382.02476326932094,7467.000000000001,0.0,-22.45077720207254,-23.0,6.295576482497655,0.19791666666666666,38.689119170984455,39.0,7.984146776013868,0.171875
2024-01-01 00:52:22.000000,2024-01-01 00:52:28.000000,9,-46.51813471502591,-45.0,10.923070607781984,0.19791666666666666,316.4526252579053,7593.0,0.0,-22.740932642487046,-23.0,6.170767203164264,0.1875,39.3419689119171,40.0,7.481028105806173,0.21875
2024-01-01 00:52:24.000000,2024-01-01 00:52:30.000000,9,-45.59585492227979,-45.0,7.900579054443383,0.22395833333333334,291.8318097404898,7953.0,0.0,-22.569948186528496,-22.0,5.107850218190432,0.19270833333333334,41.20725388601036,41.0,6.07063880002875,0.21875
2024-01-01 00:52:26.000000,2024-01-01 00:52:32.000000,9,-44.41450777202073,-46.0,17.03012639691765,0.17708333333333334,734.5330647087131,7452.000000000001,0.0,-20.025906735751295,-21.0,9.937007447521099,0.15625,38.61139896373057,40.0,13.293532050846157,0.15104166666666666
2024-01-01 00:52:28.000000,2024-01-01 00:52:34.000000,9,-50.3160621761658,-50.0,20.245333851189358,0.15104166666666666,1342.803726436433,6303.0,0.0,-15.678756476683938,-17.0,11.776584045423746,0.10416666666666667,32.6580310880829,36.0,17.04580686033553,0.09375
2024-01-01 00:52:30.000000,2024-01-01 00:52:36.000000,9,-50.27979274611399,-50.0,19.858469434731262,0.125,1160.7235420979025,6179.999999999999,0.0,-16.54922279792746,-18.0,12.213760678580714,0.11979166666666667,32.020725388601036,36.0,16.626396729931315,0.10416666666666667
2024-01-01 00:52:32.000000,2024-01-01 00:52:38.000000,9,-48.92227979274612,-46.0,14.664269607069018,0.09895833333333333,1140.7138164741282,7083.999999999999,0.0,-18.76683937823834,-21.0,9.60048495194945,0.14583333333333334,36.704663212435236,42.0,15.197684480139017,0.11979166666666667
2024-01-01 00:52:34.000000,2024-01-01 00:52:40.000000,9,-36.09326424870466,-34.0,10.615515679577257,0.078125,821.2528654137168,9208.0,0.0,-23.621761658031087,-23.0,5.138391346559467,0.13541666666666666,47.70984455958549,51.0,8.23854991264922,0.08854166666666667
2024-01-01 00:52:36.000000,2024-01-01 00:52:42.000000,9,-29.865284974093264,-28.0,6.297526552034153,0.125,363.5910063597737,10122.0,0.0,-22.797927461139896,-23.0,4.409459038878128,0.15625,52.44559585492228,53.0,4.217818574016203,0.109375
2024-01-01 00:52:38.000000,2024-01-01 00:52:44.000000,9,-26.202072538860104,-26.0,4.021504156682012,0.296875,82.81031131842892,10551.0,0.0,-22.88082901554404,-23.0,3.9674844224630608,0.203125,54.66839378238342,55.0,2.1466752418863497,0.359375
2024-01-01 00:52:40.000000,2024-01-01 00:52:46.000000,9,-25.8860103626943,-25.0,3.8900863770262744,0.2708333333333333,102.14707557289476,10619.000000000002,0.0,-21.88082901554404,-22.0,3.62590438959538,0.24479166666666666,55.020725388601036,55.0,2.272935302145108,0.3177083333333333
2024-01-01 00:52:42.000000,2024-01-01 00:52:48.000000,9,-25.72020725388601,-26.0,2.9535388305368135,0.234375,102.50602599599911,10638.0,0.0,-22.0,-22.0,3.13581462037113,0.2552083333333333,55.119170984455955,55.0,2.074471653816229,0.3229166666666667
2024-01-01 00:52:44.000000,2024-01-01 00:52:50.000000,9,-26.440414507772022,-26.0,3.5572437589546433,0.18229166666666666,95.40547901242986,10640.0,0.0,-20.82383419689119,-21.0,2.7632355381025357,0.2552083333333333,55.129533678756474,55.0,1.9840006642082004,0.3177083333333333
2024-01-01 00:52:46.000000,2024-01-01 00:52:52.000000,9,-30.4559585492228,-29.0,9.323993368273394,0.13020833333333334,442.6715462031287,10183.000000000002,0.0,-20.518134715025905,-20.0,4.812195081518483,0.21354166666666666,52.76165803108808,55.0,7.183254640942006,0.1875
2024-01-01 00:52:48.000000,2024-01-01 00:52:54.000000,9,-34.119170984455955,-30.0,15.040961271668124,0.08333333333333333,862.2733380886094,9299.0,0.0,-21.735751295336787,-20.0,6.62992085959482,0.17708333333333334,48.181347150259064,54.0,12.568282841836456,0.06770833333333333
2024-01-01 00:52:50.000000,2024-01-01 00:52:56.000000,9,-39.38341968911917,-37.0,20.214942253891103,0.078125,1228.2151650432363,8312.0,0.0,-19.616580310880828,-19.0,9.239754163115956,0.14583333333333334,43.067357512953365,45.0,14.174530480233214,0.078125
2024-01-01 00:52:52.000000,2024-01-01 00:52:58.000000,9,-46.626943005181346,-55.0,20.369393387145244,0.046875,817.4563979795722,7167.000000000001,0.0,-15.694300518134716,-13.0,9.877099916644806,0.078125,37.134715025906736,33.0,13.023315911865218,0.06770833333333333
2024-01-01 00:52:54.000000,2024-01-01 00:53:00.000000,9,-52.637305699481864,-57.0,16.877717589658538,0.125,513.8875169633171,6687.0,0.0,-10.637305699481866,-10.0,6.328100112693341,0.234375,34.64766839378238,33.0,9.127009325227952,0.296875
2024-01-01 00:52:56.000000,2024-01-01 00:53:02.000000,9,-58.295336787564764,-58.0,5.106249134592343,0.375,335.4042719267384,6578.0,0.0,-9.782383419689118,-9.0,5.074887161936738,0.375,34.082901554404145,34.0,5.8178396509185095,0.2760416666666667
2024-01-01 00:52:58.000000,2024-01-01 00:53:04.000000,9,-53.476683937823836,-55.0,11.069417582381018,0.17708333333333334,327.75195434688965,7098.999999999999,0.0,-15.082901554404145,-11.0,9.548852891166195,0.057291666666666664,36.78238341968912,36.0,7.319658214224008,0.2552083333333333
2024-01-01 00:53:00.000000,2024-01-01 00:53:06.000000,9,-45.12435233160622,-49.0,14.919753325436798,0.078125,507.8099628065107,8040.0,0.0,-20.699481865284973,-22.0,10.439949799375068,0.08854166666666667,41.6580310880829,41.0,9.556147141318432,0.11979166666666667
2024-01-01 00:53:02.000000,2024-01-01 00:53:08.000000,9,-36.83419689119171,-35.0,12.152394804394124,0.1875,771.0368373356563,8934.0,0.0,-23.761658031088082,-24.0,8.675587236797375,0.23958333333333334,46.29015544041451,48.0,9.521289548333899,0.15625
2024-01-01 00:53:04.000000,2024-01-01 00:53:10.000000,9,-28.497409326424872,-32.0,15.349784319987068,0.171875,674.1196893093808,10106.000000000002,0.0,-18.844559585492227,-23.0,13.31769984276188,0.078125,52.362694300518136,52.0,10.560986429761318,0.11979166666666667
2024-01-01 00:53:06.000000,2024-01-01 00:53:12.000000,9,-21.088082901554404,-17.0,15.74297174381078,0.06770833333333333,855.9321861976457,11060.0,0.0,-9.238341968911918,-2.0,14.011348872846419,0.046875,57.30569948186528,59.0,9.818924046454969,0.078125
2024-01-01 00:53:08.000000,2024-01-01 00:53:14.000000,9,-14.803108808290155,-12.0,13.510512522414073,0.15625,565.7230474444049,11633.0,0.0,-5.284974093264249,1.0,12.97620547243557,0.052083333333333336,60.27461139896373,62.0,10.882527470449032,0.20833333333333334
2024-01-01 00:53:10.000000,2024-01-01 00:53:16.000000,9,-15.870466321243523,-16.0,8.936629228568899,0.16145833333333334,342.12618344764246,11775.999999999998,0.0,-5.450777202072539,-3.0,9.06681862141535,0.026041666666666668,61.015544041450774,62.0,7.7818409641304624,0.2552083333333333
2024-01-01 00:53:12.000000,2024-01-01 00:53:18.000000,9,-18.906735751295336,-20.0,7.53406197280174,0.203125,365.50052680565136,11631.0,0.0,-9.549222797927461,-10.0,7.351935113536054,0.19791666666666666,60.26424870466321,61.0,7.615610104985494,0.2708333333333333
2024-01-01 00:53:14.000000,2024-01-01 00:53:20.000000,9,-22.963730569948186,-22.0,7.50164777523552,0.21875,281.21523281355127,11343.0,0.0,-11.27461139896373,-11.0,3.0656409028256593,0.20833333333333334,58.7720207253886,60.0,6.7353115307485885,0.22395833333333334
2024-01-01 00:53:16.000000,2024-01-01 00:53:22.000000,9,-25.865284974093264,-24.0,8.85193523136279,0.15104166666666666,388.8644158268897,11011.000000000002,0.0,-13.129533678756477,-12.0,4.717963045875332,0.140625,57.05181347150259,59.0,7.2065804222039,0.1875
2024-01-01 00:53:18.000000,2024-01-01 00:53:24.000000,9,-29.82901554404145,-30.0,7.66667487984842,0.17708333333333334,328.21812177115123,10581.0,0.0,-14.66839378238342,-14.0,4.23328650035972,0.21875,54.82383419689119,55.0,6.71596758769969,0.19270833333333334
2024-01-01 00:53:20.000000,2024-01-01 00:53:26.000000,9,-31.17098445595855,-30.0,8.060111892107876,0.16145833333333334,355.50129053605133,10393.0,0.0,-15.865284974093264,-15.0,4.124682695704216,0.296875,53.84974093264249,55.0,7.499528626522773,0.21354166666666666
2024-01-01 00:53:22.000000,2024-01-01 00:53:28.000000,9,-35.36787564766839,-34.0,9.855962881311463,0.078125,655.7401823120327,9792.0,0.0,-16.295336787564768,-16.0,3.601334968849519,0.28125,50.73575129533679,53.0,8.189018089560989,0.057291666666666664
2024-01-01 00:53:24.000000,2024-01-01 00:53:30.000000,9,-36.62176165803109,-36.0,11.74321359894289,0.10416666666666667,592.2016736880871,9595.0,0.0,-15.663212435233161,-16.0,5.099585771724786,0.25,49.715025906735754,50.0,10.120453306524055,0.09375
2024-01-01 00:53:26.000000,2024-01-01 00:53:32.000000,9,-40.870466321243526,-43.0,8.98081336158249,0.171875,360.3413925609936,9206.0,0.0,-15.715025906735752,-16.0,4.930414972007967,0.203125,47.69948186528497,47.0,7.552100269470618,0.1875
2024-01-01 00:53:28.000000,2024-01-01 00:53:34.000000,9,-39.49740932642487,-42.0,9.603126852061653,0.15104166666666666,349.16043786154177,9547.0,0.0,-14.580310880829016,-15.0,4.822368227283812,0.16145833333333334,49.46632124352332,49.0,7.66690367208943,0.234375
2024-01-01 00:53:30.000000,2024-01-01 00:53:36.000000,9,-38.27461139896373,-41.0,9.117989771786927,0.11979166666666667,437.1624855370455,9711.0,0.0,-14.398963730569948,-14.0,3.8176398364110606,0.22395833333333334,50.3160621761658,50.0,5.56014472948148,0.14583333333333334
2024-01-01 00:53:32.000000,2024-01-01 00:53:38.000000,9,-35.95854922279793,-36.0,8.553041732873933,0.16666666666666666,288.79513617150565,10042.000000000002,0.0,-14.041450777202073,-14.0,3.529391763125281,0.2604166666666667,52.031088082901555,52.0,5.403419765673964,0.16666666666666666
2024-01-01 00:53:34.000000,2024-01-01 00:53:40.000000,9,-35.27979274611399,-35.0,7.493362059637988,0.19791666666666666,300.24050705916414,10020.0,0.0,-14.870466321243523,-15.0,3.67973168889326,0.25,51.917098445595855,53.0,5.514504347971775,0.19791666666666666
2024-01-01 00:53:36.000000,2024-01-01 00:53:42.000000,9,-38.19170984455958,-38.0,6.5613716235279655,0.14583333333333334,376.4537838295615,9795.0,0.0,-15.637305699481866,-16.0,3.296629749143221,0.234375,50.751295336787564,51.0,5.726429123010567,0.203125
2024-01-01 00:53:38.000000,2024-01-01 00:53:44.000000,9,-38.15025906735751,-37.0,6.5378077074837995,0.109375,394.0948288229674,9782.0,0.0,-15.699481865284975,-16.0,3.13628790347307,0.20833333333333334,50.6839378238342,51.0,5.716259798106391,0.16145833333333334
2024-01-01 00:53:40.000000,2024-01-01 00:53:46.000000,9,-37.715025906735754,-37.0,5.677682196947423,0.2760416666666667,196.07233297996024,9955.0,0.0,-15.621761658031089,-16.0,2.495191835724039,0.2604166666666667,51.58031088082902,52.0,4.487833774348501,0.2916666666666667
2024-01-01 00:53:42.000000,2024-01-01 00:53:48.000000,9,-36.715025906735754,-37.0,3.4860782831428687,0.3854166666666667,176.38474993373532,9927.0,0.0,-15.901554404145077,-16.0,2.1760169242395286,0.2760416666666667,51.43523316062176,52.0,2.9149760706098413,0.3125
2024-01-01 00:53:44.000000,2024-01-01 00:53:50.000000,9,-41.25388601036269,-39.0,6.4358046252538355,0.13020833333333334,655.7444929183924,9047.0,0.0,-16.098445595854923,-16.0,1.8640367453218813,0.25,46.87564766839378,49.0,6.683708249059742,0.036458333333333336
2024-01-01 00:53:46.000000,2024-01-01 00:53:52.000000,9,-44.96373056994819,-47.0,6.005529619472598,0.06770833333333333,593.5966728940037,8379.0,0.0,-15.155440414507773,-15.0,1.9913050415660796,0.3125,43.41450777202073,42.0,5.849162768720956,0.08854166666666667
2024-01-01 00:53:48.000000,2024-01-01 00:53:54.000000,9,-48.39378238341969,-48.0,3.2548621793500003,0.4375,242.6390737761343,7859.0,0.0,-14.455958549222798,-15.0,2.3227538967655508,0.2708333333333333,40.72020725388601,41.0,3.8520092103760737,0.23958333333333334
2024-01-01 00:53:50.000000,2024-01-01 00:53:56.000000,9,-48.512953367875646,-48.0,2.65774969093952,0.4947916666666667,198.85631662173967,7915.0,0.0,-13.989637305699482,-14.0,2.1794247074096633,0.2864583333333333,41.01036269430052,41.0,2.3804534698108193,0.20833333333333334
2024-01-01 00:53:52.000000,2024-01-01 00:53:58.000000,9,-48.15544041450777,-48.0,3.699195286622009,0.390625,294.7890550948088,8103.000000000001,0.0,-12.595854922279793,-14.0,3.7056240224164,0.16145833333333334,41.984455958549226,41.0,3.4010976842316163,0.25
2024-01-01 00:53:54.000000,2024-01-01 00:54:00.000000,9,-48.170984455958546,-48.0,4.3465488662422915,0.359375,290.6156458930643,8293.0,0.0,-9.595854922279793,-10.0,5.347544551365874,0.09895833333333333,42.968911917098445,43.0,3.424645261056391,0.15104166666666666
2024-01-01 00:53:56.000000,2024-01-01 00:54:02.000000,9,-46.968911917098445,-48.0,5.233014921063765,0.22395833333333334,196.93205073705707,8781.0,0.0,-5.020725388601036,-4.0,5.048678198737186,0.20833333333333334,45.49740932642487,45.0,3.6602088287584005,0.21354166666666666
2024-01-01 00:53:58.000000,2024-01-01 00:54:04.000000,9,-45.07772020725388,-46.0,5.378310122657018,0.08854166666666667,426.8020820818258,9205.0,0.0,-2.5854922279792745,-3.0,3.9520823745199665,0.23958333333333334,47.69430051813472,47.0,3.8153771456286107,0.036458333333333336
2024-01-01 00:54:00.000000,2024-01-01 00:54:06.000000,9,-42.46632124352332,-42.0,9.77881188678351,0.17708333333333334,476.71447217311436,9303.0,0.0,-6.041450777202073,-3.0,10.39623038498169,0.078125,48.2020725388601,50.0,8.304466409642307,0.09895833333333333
2024-01-01 00:54:02.000000,2024-01-01 00:54:08.000000,9,-46.129533678756474,-43.0,14.388175421814674,0.078125,1466.6195509629272,7812.0,0.0,-11.507772020725389,-11.0,11.451491519932596,0.14583333333333334,40.476683937823836,49.0,16.027668959639538,0.046875
2024-01-01 00:54:04.000000,2024-01-01 00:54:10.000000,9,-50.44559585492228,-53.0,15.184572549904605,0.16145833333333334,1323.9779212015255,6667.000000000001,0.0,-16.21761658031088,-15.0,9.559806293699529,0.19791666666666666,34.5440414507772,33.0,14.512185190324468,0.15625
2024-01-01 00:54:06.000000,2024-01-01 00:54:12.000000,9,-56.10362694300518,-55.0,10.725730225029137,0.3385416666666667,688.6449214332272,5752.0,0.0,-17.590673575129532,-17.0,6.791793152874541,0.25,29.803108808290155,31.0,9.874872925003851,0.20833333333333334
2024-01-01 00:54:08.000000,2024-01-01 00:54:14.000000,9,-50.12435233160622,-52.0,11.131088115059365,0.140625,884.1592961407306,7270.000000000001,0.0,-18.989637305699482,-18.0,5.9441757535087225,0.22395833333333334,37.66839378238342,35.0,9.340987524210762,0.109375
2024-01-01 00:54:10.000000,2024-01-01 00:54:16.000000,9,-45.83419689119171,-46.0,12.524287716880295,0.13541666666666666,751.5421586294563,8029.0,0.0,-20.04663212435233,-20.0,6.261897139512728,0.20833333333333334,41.601036269430054,42.0,9.677153020760773,0.13541666666666666
2024-01-01 00:54:12.000000,2024-01-01 00:54:18.000000,9,-44.134715025906736,-45.0,10.9379160419269,0.15104166666666666,489.11013049516276,8319.0,0.0,-19.689119170984455,-20.0,5.685025629458439,0.21354166666666666,43.10362694300518,42.0,8.240501938197514,0.13541666666666666
2024-01-01 00:54:14.000000,2024-01-01 00:54:20.000000,9,-49.67357512953368,-51.0,10.672793300695833,0.22395833333333334,745.2275106874423,7164.000000000001,0.0,-17.901554404145077,-18.0,4.942971406071812,0.18229166666666666,37.119170984455955,36.0,8.508653397717348,0.140625
2024-01-01 00:54:16.000000,2024-01-01 00:54:22.000000,9,-55.38341968911917,-56.0,5.3510254775589825,0.13541666666666666,509.007097404325,6081.0,0.0,-15.585492227979275,-16.0,3.6988451028654055,0.17708333333333334,31.507772020725387,30.0,5.190254460469294,0.109375
2024-01-01 00:54:18.000000,2024-01-01 00:54:24.000000,9,-55.94818652849741,-56.0,4.684572344233701,0.19791666666666666,329.629869593473,5855.0,0.0,-14.979274611398964,-15.0,3.09225940391016,0.1875,30.33678756476684,30.0,3.4149707236194415,0.19791666666666666
2024-01-01 00:54:20.000000,2024-01-01 00:54:26.000000,9,-53.49740932642487,-55.0,7.3144579660278,0.15104166666666666,541.5305930435563,6519.0,0.0,-14.797927461139896,-15.0,3.14172123984248,0.203125,33.77720207253886,33.0,8.068528007893528,0.18229166666666666
2024-01-01 00:54:22.000000,2024-01-01 00:54:28.000000,9,-50.01036269430052,-51.0,6.954457231775962,0.203125,613.4515437627635,7316.000000000001,0.0,-15.1139896373057,-15.0,3.3428189731710045,0.2604166666666667,37.90673575129534,35.0,8.179089587275831,0.11979166666666667
2024-01-01 00:54:24.000000,2024-01-01 00:54:30.000000,9,-43.84455958549223,-49.0,25.108238271569352,0.15104166666666666,1196.6899594381057,6650.0,0.0,-18.621761658031087,-15.0,13.361049695429267,0.11979166666666667,34.4559585492228,35.0,12.94738463931125,0.10416666666666667
2024-01-01 00:54:26.000000,2024-01-01 00:54:32.000000,9,-36.476683937823836,-45.0,26.922549512997325,0.09895833333333333,1619.5104002546357,6948.000000000001,0.0,-22.590673575129532,-15.0,17.87057975830947,0.041666666666666664,36.0,35.0,16.803087513906483,0.109375
2024-01-01 00:54:28.000000,2024-01-01 00:54:34.000000,9,-30.865284974093264,-33.0,26.58775734569532,0.16145833333333334,2098.526684866446,7857.0,0.0,-20.854922279792746,-12.0,18.92142990101796,0.041666666666666664,40.70984455958549,43.0,20.517491432024837,0.0625
2024-01-01 00:54:30.000000,2024-01-01 00:54:36.000000,9,-28.305699481865286,-29.0,14.03621872502414,0.19270833333333334,1043.8392613459614,9954.0,0.0,-15.33160621761658,-10.0,15.553130915053536,0.06770833333333333,51.575129533678755,52.0,16.73026832535396,0.19270833333333334
2024-01-01 00:54:32.000000,2024-01-01 00:54:38.000000,9,-29.569948186528496,-29.0,12.299497300762658,0.16666666666666666,449.25215002356265,10753.0,0.0,-8.580310880829016,-8.0,4.317482135016091,0.2604166666666667,55.715025906735754,56.0,10.5231209785659,0.13541666666666666
2024-01-01 00:54:34.000000,2024-01-01 00:54:40.000000,9,-26.523316062176164,-24.0,10.183254503339919,0.14583333333333334,411.0459885339752,11082.0,0.0,-8.196891191709845,-8.0,3.41452026180947,0.3177083333333333,57.41968911917098,58.0,6.882573548669844,0.19791666666666666
2024-01-01 00:54:36.000000,2024-01-01 00:54:42.000000,9,-28.036269430051814,-26.0,8.5782993270051,0.09375,375.39317006040227,11039.0,0.0,-6.979274611398964,-7.0,3.751331082127713,0.21354166666666666,57.196891191709845,58.0,4.28205931201808,0.21875
2024-01-01 00:54:38.000000,2024-01-01 00:54:44.000000,9,-29.94300518134715,-30.0,8.113894030520406,0.09895833333333333,379.5929978889646,10883.0,0.0,-5.3264248704663215,-6.0,3.0038475614970155,0.2708333333333333,56.38860103626943,56.0,4.644584056031348,0.19270833333333334
2024-01-01 00:54:40.000000,2024-01-01 00:54:46.000000,9,-33.62176165803109,-35.0,6.7250265647849945,0.2604166666666667,238.87924245220285,10602.0,0.0,-4.642487046632124,-5.0,3.051921872479169,0.3385416666666667,54.932642487046635,55.0,4.367329199300236,0.3489583333333333
2024-01-01 00:54:42.000000,2024-01-01 00:54:48.000000,9,-28.129533678756477,-32.0,11.702866826932276,0.08854166666666667,472.26853694781147,10925.0,0.0,-5.367875647668394,-5.0,3.8180498055668797,0.3385416666666667,56.60621761658031,56.0,6.350882705569075,0.15104166666666666
2024-01-01 00:54:44.000000,2024-01-01 00:54:50.000000,9,-30.139896373056995,-33.0,13.82917033203868,0.08333333333333333,773.5389346098087,10580.0,0.0,-7.709844559585492,-7.0,4.482460782116497,0.15104166666666666,54.818652849740936,55.0,7.8410819996818075,0.14583333333333334
2024-01-01 00:54:46.000000,2024-01-01 00:54:52.000000,9,-33.20725388601036,-40.0,14.78028491291969,0.046875,827.031265305483,10131.000000000002,0.0,-8.067357512953368,-8.0,4.2635350358273225,0.16666666666666666,52.49222797927461,50.0,7.968766615005208,0.109375
2024-01-01 00:54:48.000000,2024-01-01 00:54:54.000000,9,-43.031088082901555,-44.0,5.626302382329751,0.24479166666666666,257.4189347858086,9208.0,0.0,-8.264248704663212,-8.0,3.718985157874458,0.234375,47.70984455958549,47.0,3.5632318658598536,0.2604166666666667
2024-01-01 00:54:50.000000,2024-01-01 00:54:56.000000,9,-43.704663212435236,-44.0,3.963482924296725,0.2604166666666667,231.2797286586888,9104.0,0.0,-7.414507772020725,-7.0,3.064276167111036,0.3125,47.170984455958546,47.0,3.2059169847796696,0.2916666666666667
2024-01-01 00:54:52.000000,2024-01-01 00:54:58.000000,9,-47.20725388601036,-46.0,5.359818601446742,0.15104166666666666,552.7044022401867,8357.0,0.0,-7.94300518134715,-8.0,3.269471364789932,0.3125,43.30051813471503,45.0,5.18238701244946,0.08854166666666667
2024-01-01 00:54:54.000000,2024-01-01 00:55:00.000000,9,-51.32642487046632,-53.0,6.7871029783979555,0.203125,731.9216579270824,7366.0,0.0,-7.585492227979275,-8.0,3.6492289270006135,0.328125,38.16580310880829,37.0,7.064691511207825,0.1875
2024-01-01 00:54:56.000000,2024-01-01 00:55:02.000000,9,-54.84974093264249,-54.0,4.431564391201812,0.3072916666666667,284.06368458647796,6536.0,0.0,-8.253886010362693,-8.0,3.691600534696572,0.2916666666666667,33.865284974093264,34.0,4.08024803252308,0.15104166666666666
2024-01-01 00:54:58.000000,2024-01-01 00:55:04.000000,9,-54.015544041450774,-54.0,5.091329111769574,0.296875,410.3522585447378,6690.0,0.0,-9.05699481865285,-9.0,3.6417522804067834,0.3177083333333333,34.66321243523316,34.0,5.122005633523316,0.14583333333333334
2024-01-01 00:55:00.000000,2024-01-01 00:55:06.000000,9,-52.854922279792746,-53.0,4.381505772273933,0.3020833333333333,325.23276141585177,7037.0,0.0,-10.046632124352332,-11.0,3.780831802549669,0.3802083333333333,36.461139896373055,36.0,4.064556241936962,0.2552083333333333
2024-01-01 00:55:02.000000,2024-01-01 00:55:08.000000,9,-52.89119170984456,-53.0,4.2283240288871236,0.359375,316.62270023556914,7072.0,0.0,-9.875647668393782,-10.0,3.783885475524144,0.4479166666666667,36.64248704663213,36.0,3.6857916990858386,0.20833333333333334
2024-01-01 00:55:04.000000,2024-01-01 00:55:10.000000,9,-54.35751295336787,-55.0,3.8556854707107626,0.390625,176.24306146018048,6696.0,0.0,-9.300518134715025,-9.0,3.86394252201964,0.453125,34.69430051813472,35.0,2.73381956794003,0.375
2024-01-01 00:55:06.000000,2024-01-01 00:55:12.000000,9,-54.49740932642487,-55.0,3.380588509434553,0.40625,118.18489097182488,6632.000000000001,0.0,-9.300518134715025,-9.0,2.838142317339196,0.4322916666666667,34.362694300518136,34.0,2.2460745838616827,0.3854166666666667
2024-01-01 00:55:08.000000,2024-01-01 00:55:14.000000,9,-51.15025906735751,-54.0,8.068922663736956,0.21875,564.7039411449383,7349.000000000001,0.0,-8.66839378238342,-9.0,4.0842540641828915,0.3020833333333333,38.07772020725388,36.0,6.83276199220649,0.06770833333333333
2024-01-01 00:55:10.000000,2024-01-01 00:55:16.000000,9,-42.50777202072539,-51.0,19.930901251517824,0.06770833333333333,677.2827520316492,7510.000000000001,0.0,-16.83419689119171,-10.0,17.285695901964687,0.036458333333333336,38.9119170984456,37.0,8.12964693737833,0.09375
2024-01-01 00:55:12.000000,2024-01-01 00:55:18.000000,9,-32.145077720207254,-35.0,20.78084276842022,0.06770833333333333,1277.1680927174061,6747.000000000001,0.0,-32.512953367875646,-33.0,23.39673873469739,0.015625,34.95854922279793,35.0,11.625149728825704,0.125
2024-01-01 00:55:14.000000,2024-01-01 00:55:20.000000,9,-26.989637305699482,-29.0,18.5284099530586,0.11458333333333333,1314.0747672509174,6607.0,0.0,-41.41968911917098,-52.0,19.738525831129923,0.020833333333333332,34.233160621761655,32.0,13.34917830102692,0.13541666666666666
2024-01-01 00:55:16.000000,2024-01-01 00:55:22.000000,9,-31.238341968911918,-32.0,13.187951467278058,0.171875,1543.1533039435603,7326.000000000001,0.0,-35.40414507772021,-45.0,20.95661151193523,0.005208333333333333,37.95854922279793,39.0,14.119591219919094,0.046875
2024-01-01 00:55:18.000000,2024-01-01 00:55:24.000000,9,-37.424870466321245,-39.0,9.61150586042627,0.16666666666666666,601.3991346249474,9030.0,0.0,-19.61139896373057,-14.0,16.836198434332104,0.08854166666666667,46.78756476683938,48.0,9.885882757392931,0.22395833333333334
2024-01-01 00:55:20.000000,2024-01-01 00:55:26.000000,9,-39.83419689119171,-41.0,8.75139700172865,0.23958333333333334,323.14985175050396,9664.000000000002,0.0,-11.507772020725389,-10.0,6.556738876740078,0.140625,50.07253886010363,49.0,5.927946022143821,0.125
2024-01-01 00:55:22.000000,2024-01-01 00:55:28.000000,9,-40.461139896373055,-40.0,18.004044474613714,0.171875,1065.1461359130333,9001.0,0.0,-9.797927461139896,-8.0,9.05743225288183,0.18229166666666666,46.637305699481864,51.0,15.84833906238346,0.14583333333333334
2024-01-01 00:55:24.000000,2024-01-01 00:55:30.000000,9,-44.69948186528497,-43.0,21.78763147170442,0.14583333333333334,1248.5660237891875,8164.999999999999,0.0,-9.746113989637307,-8.0,10.268418306037791,0.17708333333333334,42.30569948186528,47.0,18.26383090783672,0.11979166666666667
2024-01-01 00:55:26.000000,2024-01-01 00:55:32.000000,9,-49.90155440414508,-51.0,21.08602537988711,0.13020833333333334,1131.8244816861818,6848.999999999999,0.0,-12.689119170984457,-11.0,11.972047989975062,0.08854166666666667,35.487046632124354,33.0,17.26361443671889,0.140625
2024-01-01 00:55:28.000000,2024-01-01 00:55:34.000000,9,-55.05181347150259,-54.0,15.420745271063458,0.15625,820.7682411453441,5929.0,0.0,-13.295336787564766,-11.0,10.606151370369542,0.08854166666666667,30.72020725388601,32.0,13.919577638114198,0.19270833333333334
2024-01-01 00:55:30.000000,2024-01-01 00:55:36.000000,9,-53.48186528497409,-56.0,16.040019373510457,0.13020833333333334,982.6856665139646,5700.0,0.0,-14.528497409326425,-12.0,8.967561118719065,0.109375,29.533678756476682,30.0,12.652822290583963,0.15104166666666666
2024-01-01 00:55:32.000000,2024-01-01 00:55:38.000000,9,-54.26943005181347,-57.0,15.097942333122763,0.13020833333333334,980.5174170096656,5886.0,0.0,-14.8860103626943,-13.0,9.192810887901771,0.125,30.497409326424872,30.0,12.869183294604245,0.14583333333333334
2024-01-01 00:55:34.000000,2024-01-01 00:55:40.000000,9,-49.7720207253886,-53.0,14.607712166851055,0.140625,664.089124409707,6622.0,0.0,-18.95336787564767,-18.0,8.467640705602179,0.07291666666666667,34.310880829015545,31.0,10.352975405212392,0.125
2024-01-01 00:55:36.000000,2024-01-01 00:55:42.000000,9,-51.90155440414508,-53.0,10.60196756839236,0.203125,891.5194784834148,6045.0,0.0,-22.492227979274613,-23.0,8.419421478408601,0.1875,31.321243523316063,30.0,9.4599162317783,0.16145833333333334
2024-01-01 00:55:38.000000,2024-01-01 00:55:44.000000,9,-48.39378238341969,-50.0,10.573175704263582,0.140625,958.1904046381821,6374.0,0.0,-24.414507772020727,-25.0,6.911207450823974,0.15625,33.02590673575129,35.0,9.111254049000234,0.0625
2024-01-01 00:55:40.000000,2024-01-01 00:55:46.000000,9,-47.74611398963731,-46.0,8.401562226223486,0.125,1008.153877809729,6758.0,0.0,-24.191709844559586,-25.0,6.764608703788512,0.171875,35.015544041450774,38.0,9.507933465849398,0.078125
2024-01-01 00:55:42.000000,2024-01-01 00:55:48.000000,9,-38.69430051813472,-43.0,15.144609143081851,0.036458333333333336,853.7285379215951,8353.0,0.0,-23.559585492227978,-24.0,4.673487259062738,0.14583333333333334,43.27979274611399,41.0,8.20279779242965,0.07291666666666667
2024-01-01 00:55:44.000000,2024-01-01 00:55:50.000000,9,-36.79274611398964,-43.0,19.208519952712333,0.052083333333333336,1035.585971330266,8418.0,0.0,-22.735751295336787,-21.0,6.885039380508815,0.16145833333333334,43.61658031088083,42.0,11.348556016581375,0.078125
2024-01-01 00:55:46.000000,2024-01-01 00:55:52.000000,9,-36.44559585492228,-42.0,19.567149175509687,0.057291666666666664,920.5469500382068,8508.0,0.0,-22.54922279792746,-21.0,6.753773013186349,0.16145833333333334,44.082901554404145,43.0,11.793508449021147,0.046875
2024-01-01 00:55:48.000000,2024-01-01 00:55:54.000000,9,-37.49222797927461,-39.0,15.337902117448184,0.078125,1025.7448078390644,8645.0,0.0,-22.34715025906736,-21.0,6.681652791351819,0.15625,44.79274611398964,46.0,11.197030355132023,0.06770833333333333
2024-01-01 00:55:50.000000,2024-01-01 00:55:56.000000,9,-40.3419689119171,-41.0,10.403182118300556,0.09375,717.6634899804949,8648.0,0.0,-21.28497409326425,-21.0,5.021478048961316,0.16145833333333334,44.80829015544042,45.0,8.237334575903258,0.11458333333333333
2024-01-01 00:55:52.000000,2024-01-01 00:55:58.000000,9,-41.284974093264246,-43.0,9.69893852248105,0.15625,535.4764103960383,8629.0,0.0,-20.797927461139896,-21.0,4.935584634287079,0.18229166666666666,44.70984455958549,43.0,7.144254427851734,0.16145833333333334
2024-01-01 00:55:54.000000,2024-01-01 00:56:00.000000,9,-41.24352331606217,-43.0,12.268598637235998,0.171875,682.2371131916283,8435.000000000002,0.0,-20.797927461139896,-21.0,5.452025221469912,0.2552083333333333,43.704663212435236,43.0,9.216201145692208,0.15104166666666666
2024-01-01 00:55:56.000000,2024-01-01 00:56:02.000000,9,-41.50777202072539,-43.0,13.933666950869561,0.18229166666666666,877.3790212118278,8391.0,0.0,-19.94300518134715,-20.0,6.104290267659952,0.22916666666666666,43.476683937823836,44.0,11.457835991718769,0.19270833333333334
2024-01-01 00:55:58.000000,2024-01-01 00:56:04.000000,9,-37.40414507772021,-36.0,14.095004412752404,0.19270833333333334,846.8451998396569,8963.0,0.0,-20.917098445595855,-22.0,6.465724362910389,0.23958333333333334,46.44041450777202,49.0,11.832063774364205,0.171875
2024-01-01 00:56:00.000000,2024-01-01 00:56:06.000000,9,-38.689119170984455,-37.0,11.68273012074943,0.17708333333333334,730.1866154189096,8992.0,0.0,-21.098445595854923,-22.0,5.95518398718659,0.21875,46.590673575129536,48.0,9.610829181957552,0.19791666666666666
2024-01-01 00:56:02.000000,2024-01-01 00:56:08.000000,9,-37.50259067357513,-38.0,7.468073959872177,0.09375,439.6816417805025,9302.0,0.0,-20.958549222797927,-21.0,4.425110870658111,0.203125,48.196891191709845,47.0,4.348442090945608,0.08333333333333333
2024-01-01 00:56:04.000000,2024-01-01 00:56:10.000000,9,-38.26424870466321,-39.0,8.073723878803213,0.14583333333333334,373.42137259569375,9281.0,0.0,-18.78238341968912,-19.0,3.3031393713239425,0.16145833333333334,48.0880829015544,47.0,5.038137155049626,0.125
2024-01-01 00:56:06.000000,2024-01-01 00:56:12.000000,9,-43.41450777202073,-43.0,10.925610055964443,0.16145833333333334,746.2129580190101,8497.0,0.0,-16.83937823834197,-17.0,3.8783726756719683,0.22916666666666666,44.02590673575129,45.0,8.550971699876559,0.13020833333333334
2024-01-01 00:56:08.000000,2024-01-01 00:56:14.000000,9,-41.829015544041454,-41.0,12.277892885723464,0.17708333333333334,886.5055499733477,8491.0,0.0,-18.7720207253886,-17.0,8.147714694904838,0.140625,43.994818652849744,46.0,10.34282028013396,0.13020833333333334
2024-01-01 00:56:10.000000,2024-01-01 00:56:16.000000,9,-39.979274611398964,-38.0,13.292760619515317,0.13541666666666666,1000.1419735499151,8638.0,0.0,-19.378238341968913,-18.0,8.440782880183404,0.171875,44.75647668393783,48.0,10.499393435888992,0.11458333333333333
2024-01-01 00:56:12.000000,2024-01-01 00:56:18.000000,9,-35.461139896373055,-35.0,9.487370593436419,0.21354166666666666,480.0053263164256,9473.000000000002,0.0,-19.854922279792746,-19.0,8.156010636281467,0.15625,49.082901554404145,51.0,8.361205547276032,0.18229166666666666
2024-01-01 00:56:14.000000,2024-01-01 00:56:20.000000,9,-34.740932642487046,-35.0,7.323281450892145,0.22395833333333334,208.13820291920646,9801.0,0.0,-18.33678756476684,-18.0,4.411814635329921,0.1875,50.78238341968912,51.0,5.1269610595742074,0.20833333333333334
2024-01-01 00:56:16.000000,2024-01-01 00:56:22.000000,9,-37.082901554404145,-36.0,7.089705555978067,0.17708333333333334,354.06010174238145,9533.0,0.0,-18.264248704663213,-18.0,4.427378901542519,0.15625,49.39378238341969,50.0,6.9799088680700585,0.140625
2024-01-01 00:56:18.000000,2024-01-01 00:56:24.000000,9,-42.818652849740936,-39.0,12.005782645281146,0.13020833333333334,1629.166160363714,7737.0,0.0,-20.378238341968913,-20.0,5.265546723471734,0.14583333333333334,40.0880829015544,47.0,16.534607423817423,0.06770833333333333
2024-01-01 00:56:20.000000,2024-01-01 00:56:26.000000,9,-41.06217616580311,-38.0,14.52821498520393,0.15104166666666666,1821.7137491576937,7930.999999999999,0.0,-20.310880829015545,-20.0,5.666673016353245,0.203125,41.09326424870466,47.0,17.370701093412553,0.09375
2024-01-01 00:56:22.000000,2024-01-01 00:56:28.000000,9,-37.29015544041451,-34.0,16.68609564866946,0.08854166666666667,1863.5065058481857,8475.0,0.0,-19.39378238341969,-19.0,5.77173091945242,0.203125,43.9119170984456,52.0,18.6583178768369,0.078125
2024-01-01 00:56:24.000000,2024-01-01 00:56:30.000000,9,-29.78238341968912,-30.0,9.669771440235316,0.18229166666666666,254.23373113521862,10487.0,0.0,-17.70984455958549,-18.0,4.1819000462165254,0.18229166666666666,54.33678756476684,54.0,5.681250599692913,0.2604166666666667
2024-01-01 00:56:26.000000,2024-01-01 00:56:32.000000,9,-26.616580310880828,-27.0,8.20684005336313,0.15104166666666666,181.81181338909772,10758.0,0.0,-18.316062176165804,-18.0,3.9919973379392406,0.203125,55.740932642487046,55.0,5.1402449237023395,0.234375
2024-01-01 00:56:28.000000,2024-01-01 00:56:34.000000,9,-27.17098445595855,-28.0,6.844765911261355,0.21354166666666666,181.00637121638488,10626.0,0.0,-19.150259067357513,-19.0,3.8612946386802975,0.21875,55.056994818652846,55.0,3.798555822745623,0.22916666666666666
2024-01-01 00:56:30.000000,2024-01-01 00:56:36.000000,9,-26.28497409326425,-27.0,6.999005295721216,0.2604166666666667,222.10871686844385,10760.0,0.0,-19.05699481865285,-19.0,3.9728066911418356,0.2552083333333333,55.751295336787564,55.0,4.606416593643794,0.234375
2024-01-01 00:56:32.000000,2024-01-01 00:56:38.000000,9,-28.83419689119171,-30.0,8.813074538161954,0.234375,297.1523644745874,10545.0,0.0,-18.150259067357513,-18.0,3.630486141005711,0.234375,54.637305699481864,55.0,6.436634811991131,0.21875
2024-01-01 00:56:34.000000,2024-01-01 00:56:40.000000,9,-28.699481865284973,-29.0,8.156851014952904,0.19270833333333334,304.50215393355495,10632.000000000002,0.0,-17.145077720207254,-17.0,3.006882577100371,0.22916666666666666,55.0880829015544,55.0,6.308683908689529,0.22395833333333334
2024-01-01 00:56:36.000000,2024-01-01 00:56:42.000000,9,-29.927461139896373,-30.0,7.781851367644945,0.16666666666666666,219.2653069381588,10483.0,0.0,-16.974093264248705,-17.0,2.66621460978353,0.203125,54.3160621761658,55.0,5.620702157748088,0.21875
2024-01-01 00:56:38.000000,2024-01-01 00:56:44.000000,9,-28.689119170984455,-28.0,4.528467335379524,0.16666666666666666,250.72110032112283,10761.000000000002,0.0,-15.492227979274611,-16.0,2.968794597883356,0.203125,55.75647668393783,56.0,3.3954276885623127,0.21875
2024-01-01 00:56:40.000000,2024-01-01 00:56:46.000000,9,-29.751295336787564,-29.0,5.422782849625911,0.125,329.03252928966094,10663.0,0.0,-14.632124352331607,-14.0,3.1298968541773524,0.25,55.248704663212436,56.0,4.363712926037133,0.203125
2024-01-01 00:56:42.000000,2024-01-01 00:56:48.000000,9,-31.82383419689119,-31.0,7.293693895347735,0.09895833333333333,564.9591959479454,10278.0,0.0,-15.932642487046632,-15.0,4.613230719180841,0.140625,53.25388601036269,55.0,6.227693353704244,0.08854166666666667
2024-01-01 00:56:44.000000,2024-01-01 00:56:50.000000,9,-36.49740932642487,-36.0,12.564883419148286,0.20833333333333334,1019.8657157538324,8566.0,0.0,-23.46113989637306,-19.0,13.852263381021965,0.109375,44.38341968911917,47.0,13.45819664720421,0.13020833333333334
2024-01-01 00:56:46.000000,2024-01-01 00:56:52.000000,9,-36.74611398963731,-38.0,13.717491796040512,0.19791666666666666,1196.9499158353833,7720.0,0.0,-28.5440414507772,-21.0,16.803688156620247,0.03125,40.0,44.0,13.21615173439934,0.09895833333333333
2024-01-01 00:56:48.000000,2024-01-01 00:56:54.000000,9,-37.56476683937824,-39.0,13.866821992038949,0.13541666666666666,1188.225033694775,7770.0,0.0,-26.818652849740932,-19.0,17.771502945044745,0.026041666666666668,40.259067357512954,45.0,13.241948542755367,0.09895833333333333
2024-01-01 00:56:50.000000,2024-01-01 00:56:56.000000,9,-42.09844559585492,-41.0,13.136528574471646,0.109375,1332.6305821665944,7743.0,0.0,-20.129533678756477,-15.0,13.872515103694994,0.078125,40.119170984455955,46.0,12.462915629009947,0.07291666666666667
2024-01-01 00:56:52.000000,2024-01-01 00:56:58.000000,9,-45.35233160621762,-43.0,12.128230121887722,0.052083333333333336,1336.943686545804,7800.999999999999,0.0,-17.65284974093264,-16.0,6.211439770631252,0.15625,40.41968911917098,45.0,11.6964660753943,0.0625
2024-01-01 00:56:54.000000,2024-01-01 00:57:00.000000,9,-44.637305699481864,-46.0,15.152456380719357,0.0625,1295.8736248054383,7605.0,0.0,-19.010362694300518,-17.0,6.414493385186464,0.14583333333333334,39.40414507772021,39.0,12.321744981759265,0.11458333333333333
2024-01-01 00:56:56.000000,2024-01-01 00:57:02.000000,9,-41.347150259067355,-42.0,14.460387870230626,0.09895833333333333,716.4189467523292,8212.0,0.0,-20.642487046632123,-20.0,7.02166721292387,0.19791666666666666,42.54922279792746,43.0,11.324701611093818,0.15104166666666666
2024-01-01 00:56:58.000000,2024-01-01 00:57:04.000000,9,-41.2020725388601,-41.0,14.035505418362293,0.14583333333333334,625.9514366507233,8500.0,0.0,-19.191709844559586,-19.0,6.509570972706624,0.18229166666666666,44.04145077720207,45.0,10.229061029779334,0.16666666666666666
2024-01-01 00:57:00.000000,2024-01-01 00:57:06.000000,9,-41.90673575129534,-41.0,11.259792322389906,0.19791666666666666,436.33541200799186,8448.0,0.0,-19.927461139896373,-20.0,6.540333378973691,0.19270833333333334,43.7720207253886,45.0,8.987250492571954,0.19270833333333334
2024-01-01 00:57:02.000000,2024-01-01 00:57:08.000000,9,-39.95854922279793,-40.0,10.164190714674898,0.16666666666666666,289.9897442091771,8944.000000000002,0.0,-19.259067357512954,-19.0,5.83052609481463,0.15625,46.3419689119171,47.0,6.260586888345892,0.17708333333333334
2024-01-01 00:57:04.000000,2024-01-01 00:57:10.000000,9,-39.52849740932643,-39.0,7.845544537164306,0.15104166666666666,350.36802910096105,9076.0,0.0,-19.383419689119172,-19.0,4.767307800161988,0.17708333333333334,47.02590673575129,47.0,5.819717949530699,0.203125
2024-01-01 00:57:06.000000,2024-01-01 00:57:12.000000,9,-38.4559585492228,-38.0,7.4497887440924275,0.140625,341.53368360372724,9429.0,0.0,-17.29015544041451,-16.0,4.4673300747253695,0.171875,48.854922279792746,49.0,5.638381224471234,0.19270833333333334
2024-01-01 00:57:08.000000,2024-01-01 00:57:14.000000,9,-41.30569948186528,-40.0,10.956581861909235,0.22916666666666666,474.18947654083263,8842.0,0.0,-18.70984455958549,-18.0,6.358127711563033,0.18229166666666666,45.81347150259067,47.0,8.492424618843298,0.1875
2024-01-01 00:57:10.000000,2024-01-01 00:57:16.000000,9,-43.04663212435233,-42.0,12.495119945502895,0.21354166666666666,542.8193521974424,8489.0,0.0,-18.33160621761658,-17.0,6.652371601726797,0.19791666666666666,43.984455958549226,45.0,8.12562605532761,0.21875
2024-01-01 00:57:12.000000,2024-01-01 00:57:18.000000,9,-46.487046632124354,-47.0,11.95395193034598,0.234375,311.2165936405397,7896.0,0.0,-18.041450777202073,-18.0,6.72281113455896,0.203125,40.9119170984456,41.0,6.708010832312725,0.3385416666666667
2024-01-01 00:57:14.000000,2024-01-01 00:57:20.000000,9,-44.38860103626943,-45.0,9.603020065941438,0.2864583333333333,528.1888756286564,8473.0,0.0,-14.818652849740932,-15.0,4.399723505600554,0.28125,43.90155440414508,44.0,5.419452585016638,0.23958333333333334
2024-01-01 00:57:16.000000,2024-01-01 00:57:22.000000,9,-41.9119170984456,-43.0,7.640183854229218,0.140625,542.5744385684463,8970.0,0.0,-14.715025906735752,-14.0,4.199036611279665,0.2760416666666667,46.476683937823836,46.0,5.769958602953122,0.18229166666666666
2024-01-01 00:57:18.000000,2024-01-01 00:57:24.000000,9,-38.119170984455955,-37.0,5.861357861095024,0.21354166666666666,270.6221828329232,9831.000000000002,0.0,-11.1139896373057,-12.0,6.424842827187193,0.13020833333333334,50.93782383419689,52.0,4.352474084506877,0.14583333333333334
2024-01-01 00:57:20.000000,2024-01-01 00:57:26.000000,9,-37.590673575129536,-37.0,6.023678629494894,0.22916666666666666,205.13437817601798,10056.0,0.0,-9.896373056994818,-9.0,6.838892858260781,0.08854166666666667,52.10362694300518,52.0,3.477552615480744,0.2708333333333333
2024-01-01 00:57:22.000000,2024-01-01 00:57:28.000000,9,-37.16062176165803,-37.0,5.158942845008622,0.18229166666666666,155.6147056007588,10231.0,0.0,-7.606217616580311,-6.0,5.363880231688287,0.125,53.01036269430052,53.0,2.8154884813476087,0.234375
2024-01-01 00:57:24.000000,2024-01-01 00:57:30.000000,9,-38.56476683937824,-38.0,5.246745228446675,0.16145833333333334,245.3479361881627,9909.0,0.0,-9.735751295336788,-9.0,4.893407191091275,0.09895833333333333,51.3419689119171,51.0,2.9663301996229605,0.15625
2024-01-01 00:57:26.000000,2024-01-01 00:57:32.000000,9,-36.7720207253886,-38.0,10.071610500952744,0.16145833333333334,376.4867255224053,9967.000000000002,0.0,-10.880829015544041,-10.0,5.676275126273716,0.08333333333333333,51.64248704663213,51.0,6.432474416250467,0.11979166666666667
2024-01-01 00:57:28.000000,2024-01-01 00:57:34.000000,9,-35.32642487046632,-37.0,10.467816558673777,0.13020833333333334,497.702238819505,10160.999999999998,0.0,-9.67357512953368,-9.0,5.572643015007487,0.09895833333333333,52.64766839378238,54.0,6.791554747586487,0.06770833333333333
2024-01-01 00:57:30.000000,2024-01-01 00:57:36.000000,9,-34.27461139896373,-35.0,9.951561224840274,0.11458333333333333,377.43630636134327,10370.000000000002,0.0,-7.839378238341969,-6.0,5.51230665070431,0.09895833333333333,53.73056994818653,55.0,6.386015661399043,0.10416666666666667
2024-01-01 00:57:32.000000,2024-01-01 00:57:38.000000,9,-36.33678756476684,-38.0,4.963989495339878,0.06770833333333333,290.9676076671328,10125.0,0.0,-5.160621761658031,-5.0,1.4860825273401321,0.2552083333333333,52.461139896373055,53.0,6.133055310680699,0.16145833333333334
2024-01-01 00:57:34.000000,2024-01-01 00:57:40.000000,9,-44.4559585492228,-39.0,17.63517372558621,0.057291666666666664,1972.029635458282,7397.000000000001,0.0,-7.33678756476684,-5.0,8.634086037899124,0.041666666666666664,38.32642487046632,52.0,23.323409560054568,0.046875
2024-01-01 00:57:36.000000,2024-01-01 00:57:42.000000,9,-46.3419689119171,-44.0,35.44871809887059,0.041666666666666664,2396.4076311861395,4203.0,0.0,-4.937823834196891,-5.0,16.143763935019532,0.140625,21.77720207253886,18.0,27.782584068935993,0.03125
2024-01-01 00:57:38.000000,2024-01-01 00:57:44.000000,9,-37.63212435233161,-41.0,41.00031001083352,0.046875,2727.172406578686,4625.0,0.0,-11.658031088082902,-13.0,19.444824457590983,0.08854166666666667,23.963730569948186,18.0,30.574767145644167,0.036458333333333336
2024-01-01 00:57:40.000000,2024-01-01 00:57:46.000000,9,-27.689119170984455,-28.0,36.1140660464534,0.125,3041.7969972731157,7324.0,0.0,-13.865284974093264,-19.0,18.523422308172655,0.06770833333333333,37.94818652849741,52.0,29.349499735345177,0.015625
2024-01-01 00:57:42.000000,2024-01-01 00:57:48.000000,9,-26.683937823834196,-29.0,19.706666623576417,0.140625,782.8933705917095,9996.0,0.0,-20.699481865284973,-20.0,7.69285719440258,0.1875,51.79274611398964,54.0,12.375149377162327,0.171875
2024-01-01 00:57:44.000000,2024-01-01 00:57:50.000000,9,-37.97409326424871,-35.0,13.787235655202604,0.0625,1295.0169928790774,9009.0,0.0,-18.849740932642487,-19.0,4.405632336759529,0.22395833333333334,46.67875647668394,50.0,12.163402009536465,0.0625
2024-01-01 00:57:46.000000,2024-01-01 00:57:52.000000,9,-41.35233160621762,-42.0,11.366535644431474,0.078125,955.6428519775802,8599.0,0.0,-18.357512953367877,-19.0,3.7209511036449734,0.22395833333333334,44.55440414507772,46.0,10.201020873258189,0.06770833333333333
2024-01-01 00:57:48.000000,2024-01-01 00:57:54.000000,9,-37.97409326424871,-36.0,11.637061499597872,0.078125,952.0175485190599,9201.0,0.0,-17.590673575129532,-17.0,4.487635334794948,0.20833333333333334,47.67357512953368,50.0,9.082502417985475,0.06770833333333333
2024-01-01 00:57:50.000000,2024-01-01 00:57:56.000000,9,-35.44559585492228,-34.0,9.294845893826466,0.125,491.4516543636986,9754.0,0.0,-16.860103626943005,-17.0,4.233560606141382,0.19270833333333334,50.538860103626945,52.0,6.2915115388806795,0.13020833333333334
2024-01-01 00:57:52.000000,2024-01-01 00:57:58.000000,9,-34.056994818652846,-32.0,8.544727009790773,0.18229166666666666,449.72447732847854,10111.0,0.0,-14.212435233160623,-14.0,5.103251697978341,0.16666666666666666,52.38860103626943,54.0,6.337658167930847,0.140625
2024-01-01 00:57:54.000000,2024-01-01 00:58:00.000000,9,-34.36787564766839,-33.0,8.352544780950847,0.19270833333333334,378.44700722617426,10182.0,0.0,-12.606217616580311,-13.0,4.802382513561684,0.1875,52.75647668393783,54.0,6.03097663635465,0.19791666666666666
2024-01-01 00:57:56.000000,2024-01-01 00:58:02.000000,9,-34.968911917098445,-36.0,7.313590898508248,0.18229166666666666,381.9102192680853,10178.0,0.0,-11.797927461139896,-12.0,3.9018686568801915,0.19791666666666666,52.73575129533679,53.0,5.328541132851514,0.1875
2024-01-01 00:57:58.000000,2024-01-01 00:58:04.000000,9,-37.52849740932643,-39.0,6.53440145827925,0.18229166666666666,333.3817069555396,9814.0,0.0,-13.44559585492228,-14.0,3.466866047308829,0.24479166666666666,50.84974093264249,50.0,4.756926138453404,0.2604166666666667
2024-01-01 00:58:00.000000,2024-01-01 00:58:06.000000,9,-41.15025906735751,-41.0,4.714031850412258,0.3333333333333333,269.60082237372336,9109.0,0.0,-16.699481865284973,-15.0,4.811320173660395,0.18229166666666666,47.196891191709845,48.0,5.207425654931691,0.16666666666666666
2024-01-01 00:58:02.000000,2024-01-01 00:58:08.000000,9,-41.39378238341969,-41.0,4.564396032324141,0.3177083333333333,357.17191938827693,9135.0,0.0,-15.901554404145077,-15.0,6.359511222406184,0.19791666666666666,47.33160621761658,48.0,4.627126314189101,0.16666666666666666
2024-01-01 00:58:04.000000,2024-01-01 00:58:10.000000,9,-42.93782383419689,-43.0,4.760544155483063,0.359375,388.42483149565345,9122.0,0.0,-11.72538860103627,-12.0,9.44679332604867,0.06770833333333333,47.26424870466321,48.0,4.742056579638257,0.22395833333333334
2024-01-01 00:58:06.000000,2024-01-01 00:58:12.000000,9,-42.38860103626943,-44.0,7.502032683671401,0.22395833333333334,172.56309095600818,9446.000000000002,0.0,-7.963730569948186,-6.0,7.799821750764311,0.10416666666666667,48.943005181347154,49.0,4.735929300413455,0.2552083333333333
2024-01-01 00:58:08.000000,2024-01-01 00:58:14.000000,9,-34.75647668393783,-39.0,14.986374784725477,0.036458333333333336,542.000652037941,9954.0,0.0,-11.50259067357513,-11.0,10.15613748775197,0.03125,51.575129533678755,52.0,5.974407494054004,0.140625
2024-01-01 00:58:10.000000,2024-01-01 00:58:16.000000,9,-28.797927461139896,-28.0,15.198533230179725,0.18229166666666666,475.8719051510102,10012.0,0.0,-21.383419689119172,-23.0,12.575113266348156,0.078125,51.87564766839378,53.0,8.460390414073643,0.11458333333333333
2024-01-01 00:58:12.000000,2024-01-01 00:58:18.000000,9,-24.854922279792746,-26.0,12.229987442040558,0.19791666666666666,430.60294686783834,10329.0,0.0,-25.082901554404145,-24.0,9.217474791781802,0.1875,53.51813471502591,55.0,8.22919932329936,0.2760416666666667
2024-01-01 00:58:14.000000,2024-01-01 00:58:20.000000,9,-29.89637305699482,-30.0,11.63103057314514,0.22395833333333334,349.5205939953461,9785.0,0.0,-25.492227979274613,-25.0,10.101113372515993,0.15625,50.69948186528497,50.0,9.328096544676455,0.234375
2024-01-01 00:58:16.000000,2024-01-01 00:58:22.000000,9,-36.60621761658031,-40.0,11.01373965281077,0.06770833333333333,558.621723031591,9280.0,0.0,-21.05699481865285,-20.0,6.337871067783567,0.21354166666666666,48.082901554404145,47.0,8.010628868601165,0.17708333333333334
2024-01-01 00:58:18.000000,2024-01-01 00:58:24.000000,9,-40.79274611398964,-43.0,10.433746791401507,0.13020833333333334,445.1840051183676,8827.0,0.0,-19.38860103626943,-19.0,7.200207940530182,0.18229166666666666,45.73575129533679,45.0,8.322760996477703,0.20833333333333334
2024-01-01 00:58:20.000000,2024-01-01 00:58:26.000000,9,-44.55958549222798,-45.0,8.707505373371205,0.25,368.268784381568,8471.999999999998,0.0,-16.419689119170986,-16.0,5.517493572222484,0.17708333333333334,43.89637305699482,43.0,7.356235825935048,0.21875
2024-01-01 00:58:22.000000,2024-01-01 00:58:28.000000,9,-44.994818652849744,-44.0,11.228914225359622,0.21354166666666666,676.0954186454727,8262.0,0.0,-15.393782383419689,-14.0,6.745396786443555,0.203125,42.80829015544042,44.0,10.08296488714363,0.16145833333333334
2024-01-01 00:58:24.000000,2024-01-01 00:58:30.000000,9,-44.740932642487046,-43.0,9.34162019542904,0.19270833333333334,933.2931703016378,8639.0,0.0,-11.704663212435234,-12.0,7.525015851003792,0.10416666666666667,44.76165803108808,47.0,9.25198071964132,0.11458333333333333
2024-01-01 00:58:26.000000,2024-01-01 00:58:32.000000,9,-42.740932642487046,-41.0,8.190774355475451,0.19791666666666666,725.1634529145853,9240.0,0.0,-8.248704663212436,-6.0,7.296568177405747,0.13020833333333334,47.87564766839378,51.0,9.103289110273067,0.08854166666666667
2024-01-01 00:58:28.000000,2024-01-01 00:58:34.000000,9,-43.66839378238342,-42.0,6.583113341025999,0.13020833333333334,740.1263634133816,9295.0,0.0,-5.839378238341969,-6.0,3.655775058461011,0.125,48.16062176165803,51.0,9.20994161824053,0.06770833333333333
2024-01-01 00:58:30.000000,2024-01-01 00:58:36.000000,9,-47.03626943005181,-43.0,14.184194936984005,0.07291666666666667,1193.1987462241063,7914.0,0.0,-10.207253886010363,-8.0,8.150827490123186,0.078125,41.005181347150256,46.0,15.11466499839864,0.078125
2024-01-01 00:58:32.000000,2024-01-01 00:58:38.000000,9,-50.979274611398964,-52.0,16.672069504245833,0.09375,881.9073650373291,7070.000000000001,0.0,-12.041450777202073,-11.0,8.37769496247525,0.13020833333333334,36.63212435233161,39.0,14.550000148377642,0.10416666666666667
2024-01-01 00:58:34.000000,2024-01-01 00:58:40.000000,9,-44.932642487046635,-46.0,19.56481274299331,0.078125,1310.1936486747493,7900.0,0.0,-17.797927461139896,-17.0,10.444575738098571,0.09895833333333333,40.932642487046635,42.0,15.827541323119654,0.140625
2024-01-01 00:58:36.000000,2024-01-01 00:58:42.000000,9,-37.170984455958546,-32.0,15.957521331542448,0.07291666666666667,844.3745429922329,9543.0,0.0,-17.72020725388601,-18.0,9.5084642095077,0.125,49.44559585492228,53.0,10.914840517539234,0.15104166666666666
2024-01-01 00:58:38.000000,2024-01-01 00:58:44.000000,9,-34.25388601036269,-32.0,10.168517484919096,0.125,591.7884404093982,9845.000000000002,0.0,-21.481865284974095,-21.0,6.80310381389191,0.21875,51.01036269430052,54.0,9.363042172388969,0.15625
2024-01-01 00:58:40.000000,2024-01-01 00:58:46.000000,9,-39.3419689119171,-39.0,10.499858642851432,0.16145833333333334,855.4350817146634,8932.0,0.0,-20.253886010362695,-20.0,5.093173323947656,0.22395833333333334,46.27979274611399,48.0,10.10282839721079,0.15104166666666666
2024-01-01 00:58:42.000000,2024-01-01 00:58:48.000000,9,-44.94818652849741,-46.0,7.829392359246399,0.328125,294.0727257230746,7972.999999999999,0.0,-20.642487046632123,-20.0,4.673914538769055,0.22916666666666666,41.310880829015545,41.0,7.741038888564377,0.23958333333333334
2024-01-01 00:58:44.000000,2024-01-01 00:58:50.000000,9,-46.75647668393783,-47.0,5.446498494897645,0.3645833333333333,128.14509975713418,7688.0,0.0,-19.94300518134715,-20.0,3.950456894062764,0.265625,39.83419689119171,40.0,4.093118144951587,0.296875
2024-01-01 00:58:46.000000,2024-01-01 00:58:52.000000,9,-47.29015544041451,-47.0,4.072104860701129,0.34375,195.13595136517296,7598.000000000001,0.0,-19.16580310880829,-19.0,3.101322215098798,0.2916666666666667,39.36787564766839,39.0,3.224968369527978,0.2552083333333333
2024-01-01 00:58:48.000000,2024-01-01 00:58:54.000000,9,-47.803108808290155,-48.0,4.9835762211127825,0.3385416666666667,125.76017429577665,7438.999999999999,0.0,-18.471502590673577,-19.0,5.493411425028047,0.2864583333333333,38.5440414507772,38.0,3.6413965725079813,0.296875
2024-01-01 00:58:50.000000,2024-01-01 00:58:56.000000,9,-37.512953367875646,-47.0,17.34578143006792,0.036458333333333336,1293.505150928763,8895.0,0.0,-11.507772020725389,-18.0,12.775350276910405,0.015625,46.0880829015544,40.0,12.81915530211559,0.015625
2024-01-01 00:58:52.000000,2024-01-01 00:58:58.000000,9,-25.78238341968912,-16.0,17.7961343098173,0.057291666666666664,1340.9759147020534,10501.0,0.0,-3.0725388601036268,4.0,13.06733053744276,0.026041666666666668,54.409326424870464,60.0,12.916934784670605,0.036458333333333336
2024-01-01 00:58:54.000000,2024-01-01 00:59:00.000000,9,-20.746113989637305,-15.0,13.341382905872445,0.052083333333333336,631.34838312821,11427.0,0.0,-1.3523316062176165,4.0,12.256809640201286,0.041666666666666664,59.20725388601036,61.0,9.380195739273313,0.1875
2024-01-01 00:58:56.000000,2024-01-01 00:59:02.000000,9,-26.751295336787564,-25.0,15.508072860100858,0.057291666666666664,831.2795960240111,10555.0,0.0,-7.212435233160622,-10.0,12.138156555242876,0.046875,54.689119170984455,58.0,11.126485656947837,0.109375
2024-01-01 00:58:58.000000,2024-01-01 00:59:04.000000,9,-39.06217616580311,-41.0,15.004383714644995,0.109375,949.3645088152616,8967.0,0.0,-13.974093264248705,-16.0,8.05413663977026,0.17708333333333334,46.461139896373055,45.0,11.401287973026069,0.078125
2024-01-01 00:59:00.000000,2024-01-01 00:59:06.000000,9,-42.21761658031088,-44.0,13.128939905404545,0.15625,854.3593700308168,8573.0,0.0,-15.549222797927461,-16.0,4.496400402578811,0.2604166666666667,44.41968911917098,45.0,8.788903154139872,0.125
2024-01-01 00:59:02.000000,2024-01-01 00:59:08.000000,9,-41.10880829015544,-41.0,10.798031028537762,0.11979166666666667,875.5221857897642,9086.0,0.0,-13.870466321243523,-15.0,4.7212736949095895,0.21354166666666666,47.07772020725388,47.0,8.748760089796054,0.16145833333333334
2024-01-01 00:59:04.000000,2024-01-01 00:59:10.000000,9,-37.12435233160622,-37.0,11.067740176983552,0.14583333333333334,588.9752020835379,9757.0,0.0,-13.549222797927461,-14.0,4.727899453983508,0.20833333333333334,50.55440414507772,50.0,9.657056669778637,0.19791666666666666
2024-01-01 00:59:06.000000,2024-01-01 00:59:12.000000,9,-37.15544041450777,-37.0,10.806859508443384,0.171875,581.2437828205044,9817.0,0.0,-11.82901554404145,-12.0,4.245927897797939,0.234375,50.865284974093264,51.0,10.01626214414548,0.20833333333333334
2024-01-01 00:59:08.000000,2024-01-01 00:59:14.000000,9,-41.66839378238342,-42.0,9.945365650767245,0.19270833333333334,373.16446956204373,9089.0,0.0,-12.347150259067357,-13.0,3.7484308749368185,0.234375,47.09326424870466,47.0,9.525273739374489,0.21875
2024-01-01 00:59:10.000000,2024-01-01 00:59:16.000000,9,-42.751295336787564,-43.0,5.90376917747159,0.21354166666666666,231.0380366551359,9024.0,0.0,-12.544041450777202,-13.0,3.582273812111456,0.23958333333333334,46.75647668393783,47.0,5.523413424226208,0.17708333333333334
2024-01-01 00:59:12.000000,2024-01-01 00:59:18.000000,9,-45.082901554404145,-45.0,6.9487234945563605,0.23958333333333334,447.4259386339391,8561.0,0.0,-13.409326424870466,-13.0,3.507924965669427,0.24479166666666666,44.35751295336787,44.0,6.861096397980677,0.13541666666666666
2024-01-01 00:59:14.000000,2024-01-01 00:59:20.000000,9,-44.15025906735751,-44.0,7.552125282773138,0.22395833333333334,539.3009951808086,8712.0,0.0,-13.27461139896373,-13.0,3.8880463146775552,0.234375,45.13989637305699,45.0,6.551567400696738,0.15104166666666666
2024-01-01 00:59:16.000000,2024-01-01 00:59:22.000000,9,-45.38860103626943,-45.0,7.09894905744557,0.22916666666666666,430.55913196821484,8519.0,0.0,-13.025906735751295,-13.0,4.039434821699252,0.2604166666666667,44.13989637305699,44.0,6.106358877367558,0.18229166666666666
2024-01-01 00:59:18.000000,2024-01-01 00:59:24.000000,9,-42.59585492227979,-43.0,5.597840303382738,0.17708333333333334,226.31176253366388,8991.0,0.0,-14.046632124352332,-13.0,4.718414894768261,0.22395833333333334,46.58549222797927,46.0,3.487208304884878,0.21875
2024-01-01 00:59:20.000000,2024-01-01 00:59:26.000000,9,-43.943005181347154,-44.0,4.772083018820468,0.19791666666666666,247.67448700748534,8684.0,0.0,-15.787564766839377,-16.0,4.543934920262997,0.18229166666666666,44.994818652849744,45.0,3.6493398508703225,0.21354166666666666
2024-01-01 00:59:22.000000,2024-01-01 00:59:28.000000,9,-44.27461139896373,-45.0,4.759007684914757,0.1875,354.3086263879136,8430.0,0.0,-17.678756476683937,-18.0,4.045369589081147,0.19791666666666666,43.67875647668394,43.0,3.927787559461758,0.16666666666666666
2024-01-01 00:59:24.000000,2024-01-01 00:59:30.000000,9,-46.03626943005181,-46.0,3.7058133624117335,0.2552083333333333,169.22256366873495,8168.0,0.0,-17.854922279792746,-18.0,3.3525004845840725,0.23958333333333334,42.32124352331606,42.0,2.5597880990938573,0.28125
2024-01-01 00:59:26.000000,2024-01-01 00:59:32.000000,9,-45.7720207253886,-46.0,3.195022913256632,0.328125,163.80650767640125,8154.0,0.0,-18.419689119170986,-19.0,2.4885207090792734,0.2604166666666667,42.248704663212436,42.0,2.1482334993036067,0.3072916666666667
2024-01-01 00:59:28.000000,2024-01-01 00:59:34.000000,9,-46.031088082901555,-46.0,3.870167330242452,0.2552083333333333,149.1028766493518,8221.0,0.0,-16.89637305699482,-17.0,3.006873602282549,0.22395833333333334,42.59585492227979,43.0,2.8048290611329887,0.2916666666666667
2024-01-01 00:59:30.000000,2024-01-01 00:59:36.000000,9,-44.53367875647668,-45.0,4.8207618952227635,0.19270833333333334,365.5526809873326,8491.0,0.0,-16.430051813471504,-16.0,3.044210437010126,0.21354166666666666,43.994818652849744,44.0,4.093309339293843,0.24479166666666666
2024-01-01 00:59:32.000000,2024-01-01 00:59:38.000000,9,-43.43523316062176,-43.0,5.375213374886743,0.14583333333333334,316.8942647122006,8807.0,0.0,-15.010362694300518,-15.0,2.776369101650758,0.2864583333333333,45.63212435233161,46.0,4.214855195352416,0.15104166666666666
2024-01-01 00:59:34.000000,2024-01-01 00:59:40.000000,9,-41.48186528497409,-42.0,5.002180008348761,0.1875,356.8906394349737,9098.0,0.0,-15.481865284974093,-16.0,2.378491434205866,0.2916666666666667,47.13989637305699,47.0,3.8711155247385984,0.19791666666666666
2024-01-01 00:59:36.000000,2024-01-01 00:59:42.000000,9,-45.07253886010363,-45.0,7.094226105887154,0.125,787.995587992203,8333.0,0.0,-15.134715025906736,-15.0,2.5561378432265998,0.2552083333333333,43.17616580310881,45.0,6.747688787456498,0.08854166666666667
2024-01-01 00:59:38.000000,2024-01-01 00:59:44.000000,9,-43.4559585492228,-43.0,8.483401577881725,0.11458333333333333,871.9325859506367,8522.000000000002,0.0,-16.642487046632123,-16.0,4.390052442630963,0.24479166666666666,44.15544041450777,46.0,7.646260247242868,0.09375
2024-01-01 00:59:40.000000,2024-01-01 00:59:46.000000,9,-42.70984455958549,-42.0,11.267983611241739,0.09895833333333333,809.8868866483406,8502.0,0.0,-17.33678756476684,-17.0,6.166571849618813,0.15625,44.05181347150259,44.0,8.68112231886096,0.08333333333333333
2024-01-01 00:59:42.000000,2024-01-01 00:59:48.000000,9,-43.870466321243526,-41.0,13.028766581514102,0.08854166666666667,1220.3512562703263,8103.0,0.0,-18.854922279792746,-19.0,6.372931782087145,0.20833333333333334,41.984455958549226,46.0,12.942370936489407,0.06770833333333333
2024-01-01 00:59:44.000000,2024-01-01 00:59:50.000000,9,-42.512953367875646,-41.0,14.328769431451157,0.052083333333333336,1273.3344157233182,8215.0,0.0,-18.088082901554404,-18.0,5.789494162684524,0.234375,42.56476683937824,45.0,13.412416591560275,0.0625
2024-01-01 00:59:46.000000,2024-01-01 00:59:52.000000,9,-43.119170984455955,-43.0,12.725519608611418,0.10416666666666667,1114.6129743313268,8283.0,0.0,-16.860103626943005,-16.0,4.281271470704958,0.21875,42.917098445595855,46.0,12.794178684221974,0.015625
2024-01-01 00:59:48.000000,2024-01-01 00:59:54.000000,9,-30.523316062176164,-29.0,11.984830924122074,0.046875,688.2716296886189,10259.0,0.0,-15.393782383419689,-15.0,3.335472651149016,0.19270833333333334,53.15544041450777,54.0,6.4627686870179595,0.109375
2024-01-01 00:59:50.000000,2024-01-01 00:59:56.000000,9,-30.28497409326425,-30.0,13.31730672707012,0.07291666666666667,730.5125927152418,10329.0,0.0,-15.38860103626943,-15.0,4.295015838566907,0.21875,53.51813471502591,53.0,7.939939431082412,0.08333333333333333
2024-01-01 00:59:52.000000,2024-01-01 00:59:58.000000,9,-28.435233160621763,-27.0,13.203424511298621,0.11979166666666667,582.9664511471873,10578.0,0.0,-15.481865284974093,-15.0,5.599565891143468,0.234375,54.80829015544042,54.0,7.904345698118935,0.11458333333333333
2024-01-01 00:59:54.000000,2024-01-01 01:00:00.000000,9,-33.25388601036269,-35.0,11.981878588425607,0.16145833333333334,307.32914305473815,10134.0,0.0,-17.17616580310881,-17.0,6.386024113042963,0.16666666666666666,52.50777202072539,52.0,7.8985225220346145,0.19270833333333334
2024-01-01 00:59:56.000000,2024-01-01 01:00:02.000000,9,-39.04663212435233,-40.0,12.135644020233851,0.13020833333333334,942.5372499094461,9210.000000000002,0.0,-18.16580310880829,-18.0,6.564858425627464,0.21354166666666666,47.72020725388601,48.0,9.198870852274322,0.09375
2024-01-01 00:59:58.000000,2024-01-01 01:00:04.000000,9,-41.310880829015545,-43.0,10.702741848436125,0.125,615.0562281259115,8750.0,0.0,-18.72020725388601,-19.0,5.353586799846321,0.22395833333333334,45.33678756476684,45.0,8.648551422628215,0.14583333333333334
2024-01-01 01:00:00.000000,2024-01-01 01:00:06.000000,9,-46.10362694300518,-46.0,7.714275005475473,0.2552083333333333,421.2752649649599,8125.0,0.0,-17.243523316062177,-17.0,5.761561928411623,0.17708333333333334,42.09844559585492,42.0,7.254714535246042,0.13020833333333334
2024-01-01 01:00:02.000000,2024-01-01 01:00:08.000000,9,-44.979274611398964,-46.0,6.847261123086929,0.2760416666666667,259.81346378798025,8518.000000000002,0.0,-15.518134715025907,-15.0,4.389966382094971,0.28125,44.134715025906736,44.0,6.2485404167886935,0.2760416666666667
2024-01-01 01:00:04.000000,2024-01-01 01:00:10.000000,9,-45.07253886010363,-45.0,5.5494859258719424,0.2552083333333333,226.59391537268507,8626.0,0.0,-15.378238341968911,-15.0,4.339371954987332,0.28125,44.69430051813472,45.0,5.734110168984522,0.25
2024-01-01 01:00:06.000000,2024-01-01 01:00:12.000000,9,-44.248704663212436,-44.0,4.379201658696507,0.23958333333333334,172.42976845309477,8700.0,0.0,-16.357512953367877,-16.0,3.2726228699699096,0.21354166666666666,45.07772020725388,45.0,3.5398285893728842,0.23958333333333334
2024-01-01 01:00:08.000000,2024-01-01 01:00:14.000000,9,-46.02590673575129,-46.0,5.6434283621533154,0.140625,486.352766447363,8322.000000000002,0.0,-17.419689119170986,-18.0,3.14162675263147,0.25,43.119170984455955,43.0,4.654891618053031,0.11458333333333333
2024-01-01 01:00:10.000000,2024-01-01 01:00:16.000000,9,-43.9119170984456,-44.0,7.110549157865718,0.10416666666666667,639.922831314848,8561.000000000002,0.0,-17.870466321243523,-18.0,2.571641881933003,0.2604166666666667,44.35751295336787,44.0,5.496367932466861,0.11979166666666667
2024-01-01 01:00:12.000000,2024-01-01 01:00:18.000000,9,-40.398963730569946,-38.0,8.66454695414323,0.057291666666666664,733.2173496372541,9155.0,0.0,-16.518134715025905,-17.0,3.0941700291447054,0.21875,47.43523316062176,50.0,6.868345421246763,0.046875
2024-01-01 01:00:14.000000,2024-01-01 01:00:20.000000,9,-33.512953367875646,-34.0,5.164087536666646,0.09895833333333333,294.1211318611875,10227.0,0.0,-15.010362694300518,-15.0,3.2755241904059242,0.19791666666666666,52.98963730569948,53.0,3.547284227208338,0.16145833333333334
2024-01-01 01:00:16.000000,2024-01-01 01:00:22.000000,9,-31.134715025906736,-31.0,4.708424082454958,0.19270833333333334,164.6268083036977,10543.000000000002,0.0,-14.896373056994818,-14.0,3.6869190652137958,0.2604166666666667,54.626943005181346,55.0,2.8294764463194144,0.265625
2024-01-01 01:00:18.000000,2024-01-01 01:00:24.000000,9,-30.27461139896373,-30.0,3.618849376769414,0.296875,114.7597335731253,10582.0,0.0,-16.11917098445596,-16.0,3.935852212988572,0.13541666666666666,54.829015544041454,55.0,2.5752806410108855,0.296875
2024-01-01 01:00:20.000000,2024-01-01 01:00:26.000000,9,-31.93782383419689,-32.0,3.877857740596471,0.265625,118.09872168930212,10418.0,0.0,-16.212435233160623,-16.0,3.874522924557141,0.15625,53.979274611398964,54.0,2.5247907281734867,0.2760416666666667
2024-01-01 01:00:22.000000,2024-01-01 01:00:28.000000,9,-36.33160621761658,-35.0,7.9943916546202045,0.109375,531.061079762144,9772.0,0.0,-15.963730569948186,-15.0,4.941715560109601,0.15104166666666666,50.63212435233161,53.0,6.5243457642220815,0.15104166666666666
2024-01-01 01:00:24.000000,2024-01-01 01:00:30.000000,9,-41.37823834196891,-39.0,12.936018152058896,0.09895833333333333,636.2170243045633,8962.0,0.0,-14.580310880829016,-14.0,8.164010574028536,0.203125,46.43523316062176,49.0,8.599733648524316,0.11979166666666667
2024-01-01 01:00:26.000000,2024-01-01 01:00:32.000000,9,-46.87564766839378,-47.0,13.521783263505442,0.09895833333333333,739.7691163421887,8033.000000000001,0.0,-13.678756476683938,-13.0,8.663285468704268,0.15104166666666666,41.62176165803109,41.0,8.244754835473517,0.13020833333333334
2024-01-01 01:00:28.000000,2024-01-01 01:00:34.000000,9,-40.92227979274612,-45.0,17.738528305418736,0.03125,752.7958557317801,8667.0,0.0,-13.518134715025907,-13.0,7.9471517855512595,0.13020833333333334,44.90673575129534,44.0,10.137677568194995,0.09375
2024-01-01 01:00:30.000000,2024-01-01 01:00:36.000000,9,-36.26424870466321,-41.0,22.81304489258628,0.041666666666666664,1238.5950322009608,8435.0,0.0,-18.362694300518136,-17.0,9.715915690398724,0.08854166666666667,43.704663212435236,45.0,13.33505831350298,0.06770833333333333
2024-01-01 01:00:32.000000,2024-01-01 01:00:38.000000,9,-38.829015544041454,-43.0,26.079341831801766,0.052083333333333336,1962.1975312031605,6751.0,0.0,-20.7720207253886,-19.0,11.428666650849298,0.052083333333333336,34.979274611398964,39.0,21.940012569604523,0.041666666666666664
2024-01-01 01:00:34.000000,2024-01-01 01:00:40.000000,9,-44.233160621761655,-50.0,26.75822573800328,0.08333333333333333,1734.4588933946268,5636.0,0.0,-22.476683937823836,-22.0,13.516607276968312,0.09895833333333333,29.202072538860104,29.0,19.765963903021373,0.041666666666666664
2024-01-01 01:00:36.000000,2024-01-01 01:00:42.000000,9,-45.7720207253886,-42.0,19.26433028724943,0.057291666666666664,2131.195404471265,6334.0,0.0,-21.590673575129532,-23.0,12.158386854270603,0.06770833333333333,32.818652849740936,38.0,19.93983827063468,0.0625
2024-01-01 01:00:38.000000,2024-01-01 01:00:44.000000,9,-38.84974093264249,-37.0,14.386162783036859,0.10416666666666667,776.7419085214324,8613.0,0.0,-21.27979274611399,-21.0,9.452427816359604,0.078125,44.626943005181346,48.0,11.807734906701752,0.09375
2024-01-01 01:00:40.000000,2024-01-01 01:00:46.000000,9,-40.04663212435233,-40.0,6.563226273653145,0.09895833333333333,538.4172605607172,8989.0,0.0,-20.626943005181346,-21.0,5.491062765404316,0.109375,46.575129533678755,47.0,5.586050623801695,0.140625
2024-01-01 01:00:42.000000,2024-01-01 01:00:48.000000,9,-40.880829015544045,-41.0,6.702867494027245,0.125,559.9015337200672,9165.000000000002,0.0,-14.7720207253886,-16.0,6.656751315987515,0.09895833333333333,47.487046632124354,48.0,5.792513854366036,0.11458333333333333
2024-01-01 01:00:44.000000,2024-01-01 01:00:50.000000,9,-41.5440414507772,-42.0,5.383169976721232,0.18229166666666666,501.56498493551965,9216.0,0.0,-11.523316062176166,-10.0,6.674010958920639,0.09375,47.751295336787564,48.0,5.204196111555584,0.14583333333333334
2024-01-01 01:00:46.000000,2024-01-01 01:00:52.000000,9,-42.01036269430052,-42.0,5.872774079479046,0.171875,464.22174936985823,9248.0,0.0,-9.005181347150259,-9.0,3.9587684971234296,0.14583333333333334,47.917098445595855,48.0,4.571579763837984,0.14583333333333334
2024-01-01 01:00:48.000000,2024-01-01 01:00:54.000000,9,-42.7720207253886,-42.0,5.1173565522544475,0.18229166666666666,412.52443976466543,9116.0,0.0,-10.787564766839377,-11.0,3.9398406769291414,0.19270833333333334,47.233160621761655,47.0,4.3592022946797595,0.19270833333333334
2024-01-01 01:00:50.000000,2024-01-01 01:00:56.000000,9,-45.0,-45.0,4.73792324406661,0.24479166666666666,310.06477665435176,8758.0,0.0,-11.782383419689118,-12.0,3.0710849938944484,0.2864583333333333,45.37823834196891,45.0,3.704859281681816,0.2604166666666667
2024-01-01 01:00:52.000000,2024-01-01 01:00:58.000000,9,-45.4559585492228,-46.0,4.623240457904628,0.234375,312.94952037463054,8738.0,0.0,-11.55958549222798,-12.0,2.8169545897337,0.265625,45.27461139896373,45.0,3.6518014931096308,0.23958333333333334
2024-01-01 01:00:54.000000,2024-01-01 01:01:00.000000,9,-47.60621761658031,-48.0,3.0923903063104823,0.359375,95.77993529748973,8325.0,0.0,-11.875647668393782,-12.0,3.1366578750663736,0.2604166666666667,43.134715025906736,43.0,2.236647194703522,0.3958333333333333
2024-01-01 01:00:56.000000,2024-01-01 01:01:02.000000,9,-47.62176165803109,-48.0,2.818640150332053,0.3958333333333333,65.01196604105311,8248.0,0.0,-13.321243523316062,-13.0,3.1308968542995053,0.19270833333333334,42.73575129533679,43.0,2.162082469400857,0.4166666666666667
2024-01-01 01:00:58.000000,2024-01-01 01:01:04.000000,9,-47.25388601036269,-47.0,2.5825532278035794,0.3229166666666667,78.07663286184359,8218.0,0.0,-14.927461139896373,-15.0,2.5361803382483368,0.234375,42.58031088082902,42.0,2.097872411003522,0.4010416666666667
2024-01-01 01:01:00.000000,2024-01-01 01:01:06.000000,9,-46.78238341968912,-47.0,2.714601819737779,0.34375,112.69031029809376,8256.0,0.0,-15.487046632124352,-16.0,2.3253781240239424,0.3177083333333333,42.77720207253886,42.0,2.526340082839669,0.3072916666666667
2024-01-01 01:01:02.000000,2024-01-01 01:01:08.000000,9,-45.80829015544042,-46.0,2.957957783455447,0.2604166666666667,307.2412596380808,8489.0,0.0,-14.528497409326425,-15.0,2.966912382364649,0.19270833333333334,43.984455958549226,44.0,2.9816743826837184,0.171875
2024-01-01 01:01:04.000000,2024-01-01 01:01:10.000000,9,-43.829015544041454,-44.0,3.35825903010753,0.2760416666666667,231.45043738068074,8888.0,0.0,-13.927461139896373,-14.0,2.764153404109616,0.2552083333333333,46.05181347150259,47.0,3.2623817549492746,0.265625
2024-01-01 01:01:06.000000,2024-01-01 01:01:12.000000,9,-41.78756476683938,-42.0,2.9863318457463546,0.22395833333333334,120.2934325426063,9254.0,0.0,-13.963730569948186,-14.0,2.7845800420104103,0.22916666666666666,47.94818652849741,48.0,1.9411683891476048,0.390625
2024-01-01 01:01:08.000000,2024-01-01 01:01:14.000000,9,-40.87564766839378,-41.0,2.762297828236949,0.234375,93.70717985713097,9326.0,0.0,-15.424870466321243,-15.0,2.1712618999885693,0.23958333333333334,48.32124352331606,48.0,1.8428958495429195,0.3541666666666667
2024-01-01 01:01:10.000000,2024-01-01 01:01:16.000000,9,-41.07253886010363,-41.0,2.878606846164324,0.2708333333333333,90.92329048128656,9225.0,0.0,-16.025906735751295,-16.0,2.257937926240772,0.2916666666666667,47.7979274611399,48.0,2.009248370795419,0.3333333333333333
2024-01-01 01:01:12.000000,2024-01-01 01:01:18.000000,9,-41.37823834196891,-41.0,2.787050226266215,0.328125,93.48176564155632,9206.0,0.0,-14.642487046632125,-15.0,3.296408719963301,0.13020833333333334,47.69948186528497,48.0,1.9183461140971148,0.3072916666666667
2024-01-01 01:01:14.000000,2024-01-01 01:01:20.000000,9,-40.601036269430054,-41.0,5.982735488098457,0.34375,195.0743862402532,9370.000000000002,0.0,-12.585492227979275,-12.0,4.6406488513631405,0.140625,48.54922279792746,48.0,4.575627452089044,0.3072916666666667
2024-01-01 01:01:16.000000,2024-01-01 01:01:22.000000,9,-40.92227979274612,-41.0,7.52628525738129,0.296875,243.7155749376713,9341.000000000002,0.0,-12.487046632124352,-12.0,5.044705153560097,0.16145833333333334,48.398963730569946,48.0,5.750126716332956,0.3020833333333333
2024-01-01 01:01:18.000000,2024-01-01 01:01:24.000000,9,-46.626943005181346,-46.0,11.776817777323224,0.13020833333333334,1088.1937005600287,8185.0,0.0,-13.792746113989637,-14.0,5.216015922817067,0.19791666666666666,42.409326424870464,44.0,10.594481467479515,0.09895833333333333
2024-01-01 01:01:20.000000,2024-01-01 01:01:26.000000,9,-49.704663212435236,-52.0,11.333065055749849,0.14583333333333334,1000.409499144448,7610.0,0.0,-16.414507772020727,-16.0,4.304091668980972,0.21354166666666666,39.4300518134715,39.0,9.100511003132445,0.14583333333333334
2024-01-01 01:01:22.000000,2024-01-01 01:01:28.000000,9,-47.95854922279793,-51.0,13.113619747586226,0.052083333333333336,1138.4915021149498,7823.0,0.0,-17.077720207253886,-17.0,4.434614200672737,0.22395833333333334,40.53367875647668,39.0,9.992713774734323,0.06770833333333333
2024-01-01 01:01:24.000000,2024-01-01 01:01:30.000000,9,-41.994818652849744,-42.0,10.47143804262259,0.1875,483.4553319517542,9012.0,0.0,-16.735751295336787,-17.0,4.520510731229071,0.19791666666666666,46.69430051813472,48.0,6.762705530829978,0.171875
2024-01-01 01:01:26.000000,2024-01-01 01:01:32.000000,9,-38.48186528497409,-39.0,6.849645112650536,0.203125,193.19248123310257,9659.999999999998,0.0,-14.689119170984457,-14.0,4.323715578943571,0.1875,50.05181347150259,50.0,4.357394257469241,0.24479166666666666
2024-01-01 01:01:28.000000,2024-01-01 01:01:34.000000,9,-41.50777202072539,-40.0,7.216964368607813,0.234375,692.7572035477691,8997.0,0.0,-12.83419689119171,-12.0,3.9149115973670003,0.21354166666666666,46.61658031088083,49.0,10.14263560396501,0.15104166666666666
2024-01-01 01:01:30.000000,2024-01-01 01:01:36.000000,9,-45.92227979274612,-43.0,9.363558072414298,0.09895833333333333,1195.0355629791793,8133.0,0.0,-13.740932642487047,-12.0,5.3585244743599265,0.23958333333333334,42.13989637305699,46.0,11.62549792794007,0.0625
2024-01-01 01:01:32.000000,2024-01-01 01:01:38.000000,9,-45.82383419689119,-46.0,15.114839969569625,0.19791666666666666,903.8875020545767,7786.0,0.0,-18.502590673575128,-18.0,8.652507074260088,0.09895833333333333,40.3419689119171,44.0,11.045226639587883,0.07291666666666667
2024-01-01 01:01:34.000000,2024-01-01 01:01:40.000000,9,-38.740932642487046,-43.0,18.22216007710523,0.057291666666666664,968.9932064866878,8896.0,0.0,-19.072538860103627,-19.0,9.298012908221347,0.10416666666666667,46.09326424870466,44.0,11.955717173944466,0.109375
2024-01-01 01:01:36.000000,2024-01-01 01:01:42.000000,9,-28.145077720207254,-25.0,15.653796435129411,0.11979166666666667,853.3901521013535,10561.0,0.0,-14.088082901554404,-12.0,11.999458015250456,0.036458333333333336,54.72020725388601,58.0,9.429809557470154,0.06770833333333333
2024-01-01 01:01:38.000000,2024-01-01 01:01:44.000000,9,-23.191709844559586,-23.0,8.792725075237179,0.234375,230.09138035335715,11611.0,0.0,-5.523316062176166,-3.0,8.536729796188117,0.07291666666666667,60.16062176165803,61.0,6.345938959528812,0.2760416666666667
2024-01-01 01:01:40.000000,2024-01-01 01:01:46.000000,9,-26.362694300518136,-23.0,20.61131002717366,0.16666666666666666,1179.8761127402588,10571.0,0.0,-5.984455958549223,-3.0,10.72597930840594,0.08333333333333333,54.7720207253886,60.0,15.629160931292343,0.109375
2024-01-01 01:01:42.000000,2024-01-01 01:01:48.000000,9,-37.58549222797927,-30.0,25.05668982716973,0.10416666666666667,1865.6097579066338,9022.0,0.0,-10.129533678756477,-9.0,11.66274375817766,0.140625,46.74611398963731,54.0,18.410051543684098,0.11979166666666667
2024-01-01 01:01:44.000000,2024-01-01 01:01:50.000000,9,-42.994818652849744,-41.0,23.197857616896805,0.109375,930.865838190911,7939.0,0.0,-19.471502590673577,-19.0,11.56280253303506,0.09375,41.134715025906736,42.0,15.847334392264266,0.11458333333333333
2024-01-01 01:01:46.000000,2024-01-01 01:01:52.000000,9,-44.95854922279793,-42.0,13.221602508178941,0.11458333333333333,1001.838038560538,8273.0,0.0,-20.751295336787564,-22.0,8.659069840396462,0.09895833333333333,42.865284974093264,45.0,10.824474922149424,0.125
2024-01-01 01:01:48.000000,2024-01-01 01:01:54.000000,9,-36.64248704663213,-35.0,8.733416310302061,0.11458333333333333,689.7696152582279,9336.0,0.0,-23.310880829015545,-23.0,6.13024739095136,0.14583333333333334,48.373056994818654,49.0,6.826396337766828,0.13020833333333334
2024-01-01 01:01:50.000000,2024-01-01 01:01:56.000000,9,-33.803108808290155,-33.0,7.052082336797699,0.140625,341.8718622430814,9917.000000000002,0.0,-21.326424870466322,-22.0,4.100581280669634,0.2760416666666667,51.38341968911917,52.0,4.468423323144155,0.18229166666666666
2024-01-01 01:01:52.000000,2024-01-01 01:01:58.000000,9,-30.435233160621763,-30.0,3.6738379784944226,0.2604166666666667,85.6313172309825,10410.0,0.0,-21.471502590673577,-22.0,3.585338536032825,0.3489583333333333,53.93782383419689,54.0,2.6937948430242367,0.328125
2024-01-01 01:01:54.000000,2024-01-01 01:02:00.000000,9,-32.005181347150256,-32.0,3.8803691422960704,0.19270833333333334,180.97096644153322,10327.000000000002,0.0,-20.21761658031088,-21.0,4.114798055764544,0.23958333333333334,53.50777202072539,54.0,3.0398724805088055,0.3177083333333333
2024-01-01 01:01:56.000000,2024-01-01 01:02:02.000000,9,-32.015544041450774,-32.0,6.095145510241654,0.14583333333333334,264.3078263623159,10365.000000000002,0.0,-18.616580310880828,-19.0,4.912583196393251,0.140625,53.704663212435236,54.0,4.655958214072773,0.2708333333333333
2024-01-01 01:01:58.000000,2024-01-01 01:02:04.000000,9,-31.134715025906736,-31.0,6.57350165489509,0.13020833333333334,352.7041930716701,10482.0,0.0,-17.6580310880829,-17.0,4.413184585594448,0.234375,54.310880829015545,55.0,4.785692190366266,0.22395833333333334
2024-01-01 01:02:00.000000,2024-01-01 01:02:06.000000,9,-29.45077720207254,-28.0,6.331050458939984,0.18229166666666666,151.10229447376778,10743.0,0.0,-15.424870466321243,-15.0,5.122031976830612,0.203125,55.66321243523316,56.0,4.377445035997368,0.2864583333333333
2024-01-01 01:02:02.000000,2024-01-01 01:02:08.000000,9,-29.414507772020727,-28.0,5.3787968073716454,0.203125,207.5630717770249,10726.0,0.0,-14.0,-14.0,4.645786621588784,0.125,55.575129533678755,56.0,3.907231957751587,0.265625
2024-01-01 01:02:04.000000,2024-01-01 01:02:10.000000,9,-33.84455958549223,-32.0,7.036858610338839,0.09895833333333333,463.7755271621803,10242.0,0.0,-12.601036269430052,-12.0,4.329092351431111,0.19270833333333334,53.067357512953365,54.0,4.782849325286528,0.09895833333333333
2024-01-01 01:02:06.000000,2024-01-01 01:02:12.000000,9,-37.626943005181346,-39.0,6.790442078903481,0.18229166666666666,308.74629296294376,9689.0,0.0,-13.963730569948186,-13.0,4.620350204298663,0.13020833333333334,50.2020725388601,50.0,5.122010902195611,0.21354166666666666
2024-01-01 01:02:08.000000,2024-01-01 01:02:14.000000,9,-42.29015544041451,-43.0,4.2104478775872645,0.2604166666666667,410.56108206691823,8999.0,0.0,-15.310880829015543,-14.0,4.471755778319367,0.08854166666666667,46.626943005181346,47.0,4.313942932740652,0.19791666666666666
2024-01-01 01:02:10.000000,2024-01-01 01:02:16.000000,9,-42.95854922279793,-43.0,4.434516833991039,0.24479166666666666,325.39560021288605,8941.0,0.0,-14.17098445595855,-13.0,5.275413447932983,0.08333333333333333,46.32642487046632,46.0,4.643787983896145,0.171875
2024-01-01 01:02:12.000000,2024-01-01 01:02:18.000000,9,-44.284974093264246,-45.0,4.017751252819628,0.3229166666666667,293.62858093097327,8779.0,0.0,-12.44041450777202,-12.0,4.95582820128198,0.16145833333333334,45.487046632124354,45.0,3.9225693220586684,0.25
2024-01-01 01:02:14.000000,2024-01-01 01:02:20.000000,9,-43.7720207253886,-44.0,4.519615184530082,0.2864583333333333,286.86266829775866,8969.0,0.0,-10.088082901554404,-10.0,2.486947793264846,0.3697916666666667,46.47150259067357,46.0,3.848764184942402,0.17708333333333334
2024-01-01 01:02:16.000000,2024-01-01 01:02:22.000000,9,-39.03626943005181,-42.0,8.399139996275176,0.046875,715.6461547004578,9552.0,0.0,-9.05699481865285,-9.0,2.963645222556396,0.2552083333333333,49.49222797927461,46.0,6.245097386304029,0.036458333333333336
2024-01-01 01:02:18.000000,2024-01-01 01:02:24.000000,9,-35.30051813471503,-35.0,8.205235227999552,0.09375,726.7857950810384,10129.0,0.0,-8.233160621761659,-9.0,3.1295864443417982,0.19791666666666666,52.48186528497409,54.0,6.034702823607586,0.0625
2024-01-01 01:02:20.000000,2024-01-01 01:02:26.000000,9,-34.56476683937824,-35.0,7.008714967255266,0.041666666666666664,524.6249165376383,10347.0,0.0,-7.647668393782383,-8.0,2.9386446801427457,0.203125,53.61139896373057,54.0,4.459222023351226,0.06770833333333333
2024-01-01 01:02:22.000000,2024-01-01 01:02:28.000000,9,-37.766839378238345,-39.0,6.036567289937331,0.19270833333333334,368.77550794503713,10053.0,0.0,-7.476683937823834,-7.0,3.243699885386966,0.203125,52.0880829015544,52.0,3.941963469274103,0.11979166666666667
2024-01-01 01:02:24.000000,2024-01-01 01:02:30.000000,9,-38.63212435233161,-39.0,4.657476532535899,0.19270833333333334,316.1930446748119,10200.000000000002,0.0,-4.181347150259067,-6.0,6.730160988099321,0.078125,52.84974093264249,52.0,4.355696992066966,0.13020833333333334
2024-01-01 01:02:26.000000,2024-01-01 01:02:32.000000,9,-34.37823834196891,-34.0,5.9718910151696445,0.16145833333333334,424.94312994212174,10916.0,0.0,0.8549222797927462,0.0,7.449111322777801,0.08333333333333333,56.55958549222798,57.0,4.570948095740652,0.171875
2024-01-01 01:02:28.000000,2024-01-01 01:02:34.000000,9,-27.212435233160623,-29.0,9.396999231647593,0.11979166666666667,232.5191342656267,11508.0,0.0,0.5233160621761658,-1.0,7.791603746755827,0.07291666666666667,59.626943005181346,60.0,3.8992119238306358,0.19270833333333334
2024-01-01 01:02:30.000000,2024-01-01 01:02:36.000000,9,-21.367875647668395,-20.0,8.153757067621601,0.07291666666666667,144.97794488798465,11827.000000000002,0.0,-2.5595854922279795,-5.0,7.446883005254967,0.046875,61.27979274611399,62.0,2.8549036685713416,0.234375
2024-01-01 01:02:32.000000,2024-01-01 01:02:38.000000,9,-16.89119170984456,-15.0,5.9759566118402825,0.140625,115.42771163946905,11903.0,0.0,-7.772020725388601,-8.0,3.048196966990195,0.19270833333333334,61.67357512953368,62.0,2.5824278317205493,0.24479166666666666
2024-01-01 01:02:34.000000,2024-01-01 01:02:40.000000,9,-14.046632124352332,-14.0,6.722389638551484,0.17708333333333334,93.12088337573844,11932.0,0.0,-10.139896373056995,-10.0,4.243391183853489,0.11979166666666667,61.82383419689119,62.0,2.286748923479102,0.22916666666666666
2024-01-01 01:02:36.000000,2024-01-01 01:02:42.000000,9,-11.66839378238342,-11.0,5.865141197004081,0.0625,108.59910418820152,12024.0,0.0,-10.05699481865285,-10.0,5.385345207614953,0.14583333333333334,62.30051813471503,62.0,1.9824358283363173,0.296875
2024-01-01 01:02:38.000000,2024-01-01 01:02:44.000000,9,-13.963730569948186,-12.0,7.860352155620174,0.041666666666666664,161.33963224166035,11937.0,0.0,-8.963730569948186,-9.0,5.656276986118693,0.057291666666666664,61.84974093264249,62.0,2.1367840992250984,0.203125
2024-01-01 01:02:40.000000,2024-01-01 01:02:46.000000,9,-15.787564766839377,-19.0,7.342190492370256,0.020833333333333332,191.89187193653848,11936.0,0.0,-7.300518134715026,-6.0,4.63038534898967,0.041666666666666664,61.84455958549223,62.0,2.0224479643655853,0.22916666666666666
2024-01-01 01:02:42.000000,2024-01-01 01:02:48.000000,9,-3.3419689119170983,-16.0,23.19566119313111,0.015625,419.9568334868717,11410.0,0.0,-11.797927461139896,-7.0,7.015280632225439,0.005208333333333333,59.119170984455955,61.0,4.407769576836684,0.078125
2024-01-01 01:02:44.000000,2024-01-01 01:02:50.000000,9,-10.870466321243523,-10.0,35.717916960104375,0.03125,1908.8663841231782,9201.000000000002,0.0,-12.958549222797927,-14.0,7.30712708371878,0.07291666666666667,47.67357512953368,55.0,21.404394412660025,0.026041666666666668
2024-01-01 01:02:46.000000,2024-01-01 01:02:52.000000,9,-24.3419689119171,-39.0,42.4291953123459,0.005208333333333333,2073.8406053039967,7455.0,0.0,-14.61139896373057,-14.0,9.519129567361041,0.07291666666666667,38.626943005181346,46.0,20.643443760516547,0.09895833333333333
2024-01-01 01:02:48.000000,2024-01-01 01:02:54.000000,9,-41.347150259067355,-42.0,25.085451973023062,0.07291666666666667,2143.6428534406828,7459.0,0.0,-14.202072538860104,-12.0,10.05586457490739,0.13541666666666666,38.64766839378238,42.0,21.043115641213024,0.11458333333333333
2024-01-01 01:02:50.000000,2024-01-01 01:02:56.000000,9,-36.740932642487046,-33.0,17.304119005089923,0.11458333333333333,1184.6357301152764,9202.0,0.0,-19.06217616580311,-20.0,9.684946944767983,0.11979166666666667,47.67875647668394,52.0,13.696882800316125,0.09895833333333333
2024-01-01 01:02:52.000000,2024-01-01 01:02:58.000000,9,-30.647668393782382,-32.0,10.776141048142632,0.16666666666666666,538.4463250220068,10132.0,0.0,-21.45077720207254,-22.0,5.808480861089602,0.16145833333333334,52.49740932642487,53.0,8.552000467928787,0.28125
2024-01-01 01:02:54.000000,2024-01-01 01:03:00.000000,9,-34.69430051813472,-35.0,8.637660915821971,0.203125,309.9736487593511,9924.0,0.0,-19.098445595854923,-19.0,6.550735301316195,0.15104166666666666,51.41968911917098,52.0,6.9172960988753704,0.2760416666666667
2024-01-01 01:02:56.000000,2024-01-01 01:03:02.000000,9,-38.58031088082902,-39.0,7.810584825703928,0.203125,421.61550290730844,9502.0,0.0,-16.238341968911918,-16.0,5.037896112130024,0.18229166666666666,49.233160621761655,49.0,6.570335707755577,0.19270833333333334
2024-01-01 01:02:58.000000,2024-01-01 01:03:04.000000,9,-40.829015544041454,-41.0,5.054575852297816,0.234375,269.9694232728214,9344.0,0.0,-13.632124352331607,-14.0,3.284179905413621,0.15625,48.41450777202073,48.0,3.4511768661802984,0.19791666666666666
2024-01-01 01:03:00.000000,2024-01-01 01:03:06.000000,9,-42.37823834196891,-42.0,3.355179920222445,0.2708333333333333,132.38726819344666,9116.0,0.0,-13.83419689119171,-14.0,2.8216926625458894,0.16666666666666666,47.233160621761655,47.0,2.2667292102516234,0.375
2024-01-01 01:03:02.000000,2024-01-01 01:03:08.000000,9,-42.86010362694301,-43.0,3.1731480802517766,0.2864583333333333,123.80450216182108,9002.0,0.0,-13.481865284974093,-13.0,2.4666383674799213,0.19791666666666666,46.64248704663213,47.0,2.3433545290992774,0.265625
2024-01-01 01:03:04.000000,2024-01-01 01:03:10.000000,9,-42.70984455958549,-44.0,3.911622169451667,0.22395833333333334,267.4082717110633,8910.0,0.0,-14.632124352331607,-15.0,2.536073931188908,0.20833333333333334,46.16580310880829,46.0,3.309310021016258,0.171875
2024-01-01 01:03:06.000000,2024-01-01 01:03:12.000000,9,-41.17616580310881,-42.0,4.5426281642935304,0.18229166666666666,470.5355130953096,9163.0,0.0,-14.953367875647668,-15.0,2.6853967650679946,0.24479166666666666,47.476683937823836,48.0,4.154656698187316,0.09375
2024-01-01 01:03:08.000000,2024-01-01 01:03:14.000000,9,-38.95854922279793,-38.0,4.438038930760962,0.22916666666666666,349.01449434375064,9591.0,0.0,-14.031088082901555,-14.0,3.4337581691313086,0.19791666666666666,49.69430051813472,51.0,4.374978411000274,0.171875
2024-01-01 01:03:10.000000,2024-01-01 01:03:16.000000,9,-38.870466321243526,-38.0,4.077224378861015,0.25,197.81267739716333,9759.0,0.0,-13.44041450777202,-13.0,3.424456135985453,0.203125,50.56476683937824,51.0,3.381506393935694,0.3177083333333333
2024-01-01 01:03:12.000000,2024-01-01 01:03:18.000000,9,-39.36787564766839,-39.0,6.6273112434673935,0.19270833333333334,265.6669508339374,9631.0,0.0,-12.455958549222798,-12.0,3.6155592925953908,0.22395833333333334,49.90155440414508,50.0,4.67770060905037,0.203125
2024-01-01 01:03:14.000000,2024-01-01 01:03:20.000000,9,-43.40414507772021,-45.0,7.658218857030409,0.171875,607.3292192099699,8774.0,0.0,-14.797927461139896,-14.0,4.566133924398631,0.125,45.461139896373055,45.0,6.586744323047774,0.14583333333333334
2024-01-01 01:03:16.000000,2024-01-01 01:03:22.000000,9,-44.35751295336787,-46.0,7.5471889103857785,0.18229166666666666,550.4479156840079,8512.0,0.0,-14.984455958549223,-15.0,4.359468483391716,0.08333333333333333,44.10362694300518,43.0,5.993020011655529,0.16145833333333334
2024-01-01 01:03:18.000000,2024-01-01 01:03:24.000000,9,-46.968911917098445,-47.0,4.083639532419905,0.22916666666666666,228.75016140563704,8067.0,0.0,-16.305699481865286,-16.0,3.09818808823025,0.19791666666666666,41.7979274611399,42.0,3.317503431127695,0.22916666666666666
2024-01-01 01:03:20.000000,2024-01-01 01:03:26.000000,9,-45.16580310880829,-45.0,3.9029197807793334,0.265625,170.74631569862126,8476.0,0.0,-15.580310880829016,-16.0,2.4885207090792703,0.2760416666666667,43.917098445595855,44.0,2.519376550617167,0.2916666666666667
2024-01-01 01:03:22.000000,2024-01-01 01:03:28.000000,9,-44.575129533678755,-45.0,3.7784756500925045,0.2864583333333333,147.19087658222537,8596.0,0.0,-15.466321243523316,-15.0,2.6575669167677503,0.2604166666666667,44.538860103626945,44.0,2.761301162592627,0.234375
2024-01-01 01:03:24.000000,2024-01-01 01:03:30.000000,9,-43.310880829015545,-43.0,3.2924686393240945,0.3125,128.4021896784278,8882.0,0.0,-14.533678756476684,-14.0,3.198332156572409,0.16145833333333334,46.020725388601036,46.0,2.5535076961709238,0.2760416666666667
2024-01-01 01:03:26.000000,2024-01-01 01:03:32.000000,9,-42.55958549222798,-43.0,3.158623090412724,0.265625,178.28571845175813,9157.0,0.0,-11.55958549222798,-11.0,3.87403534151257,0.13020833333333334,47.44559585492228,47.0,2.6395220886837443,0.265625
2024-01-01 01:03:28.000000,2024-01-01 01:03:34.000000,9,-42.32642487046632,-43.0,3.1823366948483356,0.265625,123.9081614823802,9307.0,0.0,-9.341968911917098,-9.0,2.864500803490058,0.16666666666666666,48.22279792746114,48.0,2.440350565150224,0.2916666666666667
2024-01-01 01:03:30.000000,2024-01-01 01:03:36.000000,9,-42.17616580310881,-42.0,3.438454687651534,0.296875,143.80130853992225,9345.0,0.0,-8.72538860103627,-9.0,2.238914352629653,0.234375,48.41968911917098,48.0,2.812736269101034,0.2760416666666667
2024-01-01 01:03:32.000000,2024-01-01 01:03:38.000000,9,-43.64248704663213,-43.0,7.20761012974366,0.2760416666666667,318.12810969987015,9008.0,0.0,-11.134715025906736,-10.0,4.058489949916734,0.11979166666666667,46.67357512953368,48.0,5.086970300618846,0.17708333333333334
2024-01-01 01:03:34.000000,2024-01-01 01:03:40.000000,9,-43.53367875647668,-43.0,7.2334693324686965,0.19791666666666666,350.71992627097717,9077.000000000002,0.0,-12.373056994818652,-12.0,3.556932708614218,0.17708333333333334,47.031088082901555,48.0,5.21107268203097,0.21875
2024-01-01 01:03:36.000000,2024-01-01 01:03:42.000000,9,-43.16580310880829,-42.0,7.092651089815795,0.17708333333333334,373.5852127009515,9091.0,0.0,-13.896373056994818,-14.0,3.355598137456814,0.19270833333333334,47.10362694300518,48.0,5.130549567064304,0.19270833333333334
2024-01-01 01:03:38.000000,2024-01-01 01:03:44.000000,9,-40.284974093264246,-41.0,4.491500320553665,0.2708333333333333,229.4340949917913,9598.0,0.0,-13.367875647668393,-14.0,3.650685458621338,0.125,49.73056994818653,49.0,3.2080543471550667,0.1875
2024-01-01 01:03:40.000000,2024-01-01 01:03:46.000000,9,-39.41450777202073,-40.0,4.867429687387179,0.19791666666666666,359.66690325046426,9749.0,0.0,-10.911917098445596,-12.0,5.861910325120833,0.026041666666666668,50.512953367875646,50.0,3.670133978438542,0.13541666666666666
2024-01-01 01:03:42.000000,2024-01-01 01:03:48.000000,9,-38.69948186528497,-40.0,5.066521010200672,0.16145833333333334,274.5362823367892,9897.0,0.0,-9.103626943005182,-9.0,5.233071646758111,0.125,51.27979274611399,51.0,3.491724734782049,0.22916666666666666
2024-01-01 01:03:44.000000,2024-01-01 01:03:50.000000,9,-39.73056994818653,-41.0,4.667032893352462,0.15104166666666666,242.83577664420514,9778.0,0.0,-8.367875647668393,-9.0,4.0458832143866905,0.15104166666666666,50.66321243523316,50.0,3.314353890254422,0.296875
2024-01-01 01:03:46.000000,2024-01-01 01:03:52.000000,9,-40.87564766839378,-42.0,3.9653548759073978,0.20833333333333334,130.72516827523646,9635.0,0.0,-8.33160621761658,-9.0,3.8056818829386945,0.13541666666666666,49.92227979274612,50.0,2.6079148328645534,0.359375
2024-01-01 01:03:48.000000,2024-01-01 01:03:54.000000,9,-39.259067357512954,-41.0,4.949245855917276,0.08333333333333333,207.03618955443434,9884.0,0.0,-7.61139896373057,-8.0,4.7499204611102614,0.08333333333333333,51.21243523316062,51.0,3.1920230616729826,0.18229166666666666
2024-01-01 01:03:50.000000,2024-01-01 01:03:56.000000,9,-36.119170984455955,-35.0,5.938161834761697,0.046875,263.7322534616944,10248.0,0.0,-8.26943005181347,-9.0,5.21116071788559,0.052083333333333336,53.09844559585492,54.0,2.948454338786712,0.13020833333333334
2024-01-01 01:03:52.000000,2024-01-01 01:03:58.000000,9,-32.803108808290155,-33.0,5.345616455094221,0.10416666666666667,248.31865902602343,10405.0,0.0,-13.191709844559586,-13.0,6.507970568108874,0.036458333333333336,53.9119170984456,55.0,4.085991433311081,0.15625
2024-01-01 01:03:54.000000,2024-01-01 01:04:00.000000,9,-33.21761658031088,-33.0,7.103718254528657,0.078125,402.9217540758609,10064.999999999998,0.0,-17.580310880829014,-17.0,4.408210368488527,0.15625,52.15025906735751,54.0,5.633161896605482,0.046875
2024-01-01 01:03:56.000000,2024-01-01 01:04:02.000000,9,-35.652849740932645,-37.0,8.862885197506484,0.11979166666666667,490.46725235407627,9609.0,0.0,-20.632124352331605,-21.0,5.465269525325897,0.16666666666666666,49.78756476683938,49.0,6.691213982498653,0.18229166666666666
2024-01-01 01:03:58.000000,2024-01-01 01:04:04.000000,9,-33.7979274611399,-37.0,12.9910063383177,0.109375,393.3814013096442,9343.0,0.0,-23.678756476683937,-23.0,8.011737126174895,0.125,48.409326424870464,48.0,6.971169502417332,0.203125
2024-01-01 01:04:00.000000,2024-01-01 01:04:06.000000,9,-40.61658031088083,-42.0,17.094350148362423,0.140625,661.8154693252986,8444.0,0.0,-20.699481865284973,-21.0,10.198184567860016,0.07291666666666667,43.751295336787564,44.0,9.622040176985866,0.15625
2024-01-01 01:04:02.000000,2024-01-01 01:04:08.000000,9,-44.24352331606217,-47.0,18.29440294702879,0.140625,817.5809229624894,7724.0,0.0,-20.40414507772021,-19.0,10.372860392815609,0.06770833333333333,40.020725388601036,40.0,9.446096277708449,0.140625
2024-01-01 01:04:04.000000,2024-01-01 01:04:10.000000,9,-51.803108808290155,-53.0,11.213951070800489,0.1875,329.5993113031087,7076.000000000001,0.0,-19.243523316062177,-18.0,9.013171612789192,0.140625,36.66321243523316,36.0,7.887592051856582,0.22916666666666666
2024-01-01 01:04:06.000000,2024-01-01 01:04:12.000000,9,-46.18652849740933,-46.0,12.132790661676694,0.171875,531.2469736172121,7779.0,0.0,-23.11917098445596,-24.0,6.796237879088231,0.17708333333333334,40.30569948186528,40.0,8.706727442810243,0.18229166666666666
2024-01-01 01:04:08.000000,2024-01-01 01:04:14.000000,9,-43.23834196891192,-41.0,9.084394892889021,0.08333333333333333,783.1700610508997,8518.0,0.0,-21.585492227979273,-21.0,6.230318752813378,0.18229166666666666,44.134715025906736,46.0,7.818413565012734,0.10416666666666667
2024-01-01 01:04:10.000000,2024-01-01 01:04:16.000000,9,-41.72020725388601,-41.0,7.2474460989249225,0.16666666666666666,571.9208185770856,8813.0,0.0,-20.71502590673575,-21.0,4.71219960629149,0.15104166666666666,45.66321243523316,46.0,5.9926642691859255,0.078125
2024-01-01 01:04:12.000000,2024-01-01 01:04:18.000000,9,-44.37823834196891,-45.0,4.305633785758363,0.125,431.07945443461364,8403.0,0.0,-20.10880829015544,-21.0,4.115971828531421,0.17708333333333334,43.538860103626945,42.0,4.349304631455708,0.140625
2024-01-01 01:04:14.000000,2024-01-01 01:04:20.000000,9,-43.196891191709845,-45.0,5.742984005286283,0.13020833333333334,501.4559628284939,8461.0,0.0,-21.471502590673577,-21.0,2.755764095726508,0.25,43.83937823834197,42.0,5.03633708939996,0.11979166666666667
2024-01-01 01:04:16.000000,2024-01-01 01:04:22.000000,9,-40.50259067357513,-39.0,5.450653967197049,0.06770833333333333,584.8269848504955,9047.0,0.0,-18.968911917098445,-20.0,3.4953938973182015,0.15104166666666666,46.87564766839378,49.0,5.353647288707256,0.057291666666666664
2024-01-01 01:04:18.000000,2024-01-01 01:04:24.000000,9,-39.461139896373055,-38.0,4.901083292892371,0.11458333333333333,397.68190850021216,9335.0,0.0,-17.33678756476684,-18.0,4.1073541820144115,0.19791666666666666,48.36787564766839,50.0,4.135013621636887,0.16666666666666666
2024-01-01 01:04:20.000000,2024-01-01 01:04:26.000000,9,-41.80829015544042,-41.0,5.370592541675885,0.09895833333333333,430.4453916029818,8906.0,0.0,-17.647668393782382,-18.0,5.029103553928006,0.171875,46.145077720207254,46.0,5.862992083041141,0.0625
2024-01-01 01:04:22.000000,2024-01-01 01:04:28.000000,0,-40.119170984455955,-41.0,7.117415212642418,0.08333333333333333,591.9089283393112,9089.0,0.0,-16.901554404145077,-17.0,5.606511064935442,0.09375,47.09326424870466,46.0,6.770155572561381,0.0625
2024-01-01 01:04:24.000000,2024-01-01 01:04:30.000000,0,-37.295336787564764,-35.0,6.725327518011681,0.10416666666666667,696.1868161434123,9685.0,0.0,-15.512953367875648,-14.0,5.679008136962751,0.08854166666666667,50.181347150259064,53.0,7.123410952093144,0.041666666666666664
2024-01-01 01:04:26.000000,2024-01-01 01:04:32.000000,0,-36.80829015544042,-36.0,5.582667903016562,0.08333333333333333,332.61039731551017,10136.999999999998,0.0,-12.067357512953368,-12.0,2.744430299423506,0.22916666666666666,52.523316062176164,53.0,3.1574523928518823,0.19270833333333334
2024-01-01 01:04:28.000000,2024-01-01 01:04:34.000000,0,-40.637305699481864,-42.0,5.2631835457515095,0.19270833333333334,392.2412991105224,9642.0,0.0,-12.549222797927461,-12.0,2.6962381040338794,0.22395833333333334,49.95854922279793,49.0,4.068212902198776,0.140625
2024-01-01 01:04:30.000000,2024-01-01 01:04:36.000000,0,-44.512953367875646,-44.0,3.2852397304239127,0.2552083333333333,289.5872496283486,8939.0,0.0,-14.067357512953368,-14.0,3.2081637014124538,0.171875,46.3160621761658,46.0,3.076896609591229,0.15104166666666666
2024-01-01 01:04:32.000000,2024-01-01 01:04:38.000000,0,-44.373056994818654,-45.0,3.9298138582223388,0.25,230.11972544377022,8749.000000000002,0.0,-15.974093264248705,-16.0,2.6953571832733307,0.19270833333333334,45.33160621761658,45.0,2.492464896602254,0.25
2024-01-01 01:04:34.000000,2024-01-01 01:04:40.000000,0,-44.15544041450777,-44.0,4.078230306791557,0.23958333333333334,194.07077414307975,8698.0,0.0,-16.870466321243523,-17.0,2.5349244503361286,0.2552083333333333,45.067357512953365,45.0,2.594188569680402,0.24479166666666666
2024-01-01 01:04:36.000000,2024-01-01 01:04:42.000000,0,-42.59585492227979,-43.0,3.443348573047682,0.3333333333333333,159.19471709680616,8818.0,0.0,-18.0,-18.0,2.5617376914898995,0.22395833333333334,45.689119170984455,46.0,2.3311155571812914,0.4010416666666667
2024-01-01 01:04:38.000000,2024-01-01 01:04:44.000000,0,-43.031088082901555,-43.0,3.005042178973421,0.359375,64.14391097948467,8754.0,0.0,-18.813471502590673,-19.0,2.501338156547895,0.296875,45.35751295336787,45.0,1.968940607462998,0.484375
2024-01-01 01:04:40.000000,2024-01-01 01:04:46.000000,0,-43.44559585492228,-43.0,3.223997548073313,0.390625,122.09412060786849,8629.0,0.0,-19.362694300518136,-20.0,2.2321180605580495,0.4635416666666667,44.70984455958549,45.0,2.1283690148121495,0.2552083333333333
2024-01-01 01:04:42.000000,2024-01-01 01:04:48.000000,0,-44.943005181347154,-45.0,3.3945215183460946,0.3802083333333333,153.22304540011837,8450.0,0.0,-18.036269430051814,-18.0,2.7620438103626617,0.3072916666666667,43.78238341968912,44.0,2.301335780162684,0.3125
2024-01-01 01:04:44.000000,2024-01-01 01:04:50.000000,0,-46.170984455958546,-46.0,3.275029828866515,0.40625,108.78504581000327,8174.0,0.0,-17.093264248704664,-17.0,2.460438269228459,0.234375,42.35233160621762,42.0,2.226780012214483,0.3541666666666667
2024-01-01 01:04:46.000000,2024-01-01 01:04:52.000000,0,-46.74611398963731,-47.0,2.874601046134694,0.453125,111.32274278023972,8096.999999999999,0.0,-16.424870466321245,-17.0,1.9805836442006948,0.3697916666666667,41.95336787564767,42.0,1.9639727898244885,0.3229166666666667
2024-01-01 01:04:48.000000,2024-01-01 01:04:54.000000,0,-46.30051813471503,-46.0,3.1987708806360033,0.4479166666666667,144.75510641177792,8160.0,0.0,-16.378238341968913,-17.0,1.980883379639138,0.2916666666666667,42.27979274611399,42.0,2.0011600694319203,0.2916666666666667
2024-01-01 01:04:50.000000,2024-01-01 01:04:56.000000,0,-45.424870466321245,-46.0,2.9200818889787965,0.4166666666666667,178.0044612511815,8421.0,0.0,-15.808290155440414,-16.0,1.8539186197631932,0.2916666666666667,43.63212435233161,44.0,2.0651886881806427,0.1875
2024-01-01 01:04:52.000000,2024-01-01 01:04:58.000000,0,-46.461139896373055,-46.0,3.7248871272208226,0.2552083333333333,358.55196248079153,8209.0,0.0,-15.839378238341968,-16.0,1.811451888605465,0.265625,42.53367875647668,43.0,3.54585371719775,0.15104166666666666
2024-01-01 01:04:54.000000,2024-01-01 01:05:00.000000,0,-47.69948186528497,-48.0,3.5813244961612787,0.24479166666666666,334.8787593405403,7941.0,0.0,-16.093264248704664,-16.0,1.9422941272330367,0.296875,41.145077720207254,40.0,3.6542910163901485,0.06770833333333333
2024-01-01 01:04:56.000000,2024-01-01 01:05:02.000000,0,-49.67875647668394,-49.0,5.97306580511738,0.3229166666666667,139.11028135579562,7663.000000000001,0.0,-16.803108808290155,-16.0,4.202255182435668,0.3697916666666667,39.704663212435236,40.0,4.016998907707724,0.3385416666666667
2024-01-01 01:04:58.000000,2024-01-01 01:05:04.000000,0,-32.979274611398964,-48.0,27.72389134941926,0.010416666666666666,254.60622825710263,7556.999999999999,0.0,-26.17616580310881,-17.0,15.392437666130062,0.010416666666666666,39.15544041450777,39.0,6.401227416303311,0.3333333333333333
2024-01-01 01:05:00.000000,2024-01-01 01:05:06.000000,0,-28.901554404145077,-37.0,26.433794020557162,0.041666666666666664,834.7267086491993,8454.000000000002,0.0,-24.10362694300518,-16.0,17.059321660803814,0.010416666666666666,43.803108808290155,41.0,9.540079417120914,0.06770833333333333
2024-01-01 01:05:02.000000,2024-01-01 01:05:08.000000,0,-21.963730569948186,-30.0,21.68197529463193,0.026041666666666668,1010.4197574176093,9396.000000000002,0.0,-22.507772020725387,-14.0,17.82177950424017,0.005208333333333333,48.6839378238342,54.0,10.219905058892707,0.06770833333333333
2024-01-01 01:05:04.000000,2024-01-01 01:05:10.000000,0,-33.69430051813472,-33.0,6.782700010324181,0.265625,218.82006205680662,10480.0,0.0,-11.435233160621761,-12.0,3.6253163759265647,0.21875,54.30051813471503,55.0,2.793752282052132,0.2760416666666667
2024-01-01 01:05:06.000000,2024-01-01 01:05:12.000000,0,-32.310880829015545,-33.0,3.5906034415214907,0.2708333333333333,141.7393068650384,10618.0,0.0,-11.259067357512953,-12.0,3.5845782470160983,0.1875,55.015544041450774,55.0,2.0953238709928197,0.296875
2024-01-01 01:05:08.000000,2024-01-01 01:05:14.000000,0,-33.73575129533679,-34.0,3.558677273626232,0.3020833333333333,141.52325478019546,10520.0,0.0,-10.015544041450777,-10.0,3.543592638977991,0.14583333333333334,54.50777202072539,54.0,2.179734241695858,0.2604166666666667
2024-01-01 01:05:10.000000,2024-01-01 01:05:16.000000,0,-32.24352331606217,-32.0,3.96570874559924,0.23958333333333334,109.59071374281845,10716.0,0.0,-9.26943005181347,-9.0,3.0923204923865586,0.18229166666666666,55.523316062176164,56.0,2.079344194642327,0.2552083333333333
2024-01-01 01:05:12.000000,2024-01-01 01:05:18.000000,0,-31.098445595854923,-30.0,3.8670143075216106,0.109375,115.54646032661142,10785.0,0.0,-9.870466321243523,-10.0,2.483027446937558,0.16145833333333334,55.880829015544045,56.0,1.7915587186824309,0.16666666666666666
2024-01-01 01:05:14.000000,2024-01-01 01:05:20.000000,0,-28.082901554404145,-29.0,2.9515828867123113,0.15104166666666666,60.34240633183234,10986.0,0.0,-12.49740932642487,-12.0,2.963535951661049,0.171875,56.92227979274612,57.0,1.176670348401919,0.3072916666666667
2024-01-01 01:05:16.000000,2024-01-01 01:05:22.000000,0,-26.196891191709845,-26.0,2.706587387278323,0.052083333333333336,57.06403945649052,11032.0,0.0,-14.932642487046632,-15.0,2.986187257199462,0.078125,57.16062176165803,57.0,1.3268476217708516,0.3385416666666667
2024-01-01 01:05:18.000000,2024-01-01 01:05:24.000000,0,-29.533678756476682,-25.0,12.598782821517526,0.026041666666666668,1070.5419816735066,9982.000000000002,0.0,-17.94818652849741,-17.0,4.864562472449013,0.328125,51.72020725388601,57.0,14.925664975364484,0.015625
2024-01-01 01:05:20.000000,2024-01-01 01:05:26.000000,0,-32.15025906735751,-26.0,13.90418149167249,0.09895833333333333,1046.505037560252,9420.0,0.0,-20.958549222797927,-19.0,6.4998671435871085,0.10416666666666667,48.80829015544042,55.0,15.221268483562882,0.09895833333333333
2024-01-01 01:05:22.000000,2024-01-01 01:05:28.000000,0,-34.35751295336787,-29.0,16.481102120784183,0.11458333333333333,1236.2418057905459,9009.0,0.0,-22.38860103626943,-22.0,7.58969110396073,0.11458333333333333,46.67875647668394,53.0,15.732477505008415,0.11458333333333333
2024-01-01 01:05:24.000000,2024-01-01 01:05:30.000000,0,-27.06217616580311,-26.0,18.982894422513755,0.125,716.3504841152352,9854.0,0.0,-22.844559585492227,-22.0,7.920614187163761,0.13541666666666666,51.056994818652846,54.0,10.188937285368937,0.13541666666666666
2024-01-01 01:05:26.000000,2024-01-01 01:05:32.000000,0,-29.8860103626943,-31.0,20.296691569992184,0.125,874.4993561091236,9567.0,0.0,-22.82383419689119,-21.0,8.018861347205068,0.16145833333333334,49.5699481865285,51.0,10.83765275254754,0.11458333333333333
2024-01-01 01:05:28.000000,2024-01-01 01:05:34.000000,0,-34.880829015544045,-42.0,20.012529807826738,0.09895833333333333,732.404967347871,8878.0,0.0,-21.93782383419689,-21.0,7.365196127031324,0.1875,46.0,43.0,10.024968827881711,0.16145833333333334
2024-01-01 01:05:30.000000,2024-01-01 01:05:36.000000,0,-46.512953367875646,-50.0,9.85948613027182,0.13541666666666666,451.31585642420293,7798.0,0.0,-19.66321243523316,-19.0,6.674386991315711,0.11979166666666667,40.40414507772021,39.0,6.928382403479384,0.19270833333333334
2024-01-01 01:05:32.000000,2024-01-01 01:05:38.000000,0,-50.26424870466321,-52.0,6.912972149359763,0.21354166666666666,276.7869169499333,7163.000000000001,0.0,-16.23316062176166,-15.0,4.247859615454345,0.16145833333333334,37.1139896373057,36.0,4.020450474850474,0.18229166666666666
2024-01-01 01:05:34.000000,2024-01-01 01:05:40.000000,0,-52.35233160621762,-53.0,3.26601937473299,0.3802083333333333,158.28692786472507,6804.0,0.0,-15.082901554404145,-15.0,2.0573465606130457,0.296875,35.25388601036269,35.0,2.710473115116996,0.3072916666666667
2024-01-01 01:05:36.000000,2024-01-01 01:05:42.000000,0,-52.98963730569948,-53.0,2.2149812765049934,0.4479166666666667,71.45608687636935,6608.0,0.0,-15.181347150259068,-15.0,1.627646642364579,0.3802083333333333,34.23834196891192,34.0,1.8888878306069026,0.3958333333333333
2024-01-01 01:05:38.000000,2024-01-01 01:05:44.000000,0,-52.994818652849744,-53.0,3.2937715991170773,0.40625,118.68497233829517,6597.0,0.0,-14.849740932642487,-15.0,4.265072834864746,0.2760416666666667,34.181347150259064,34.0,3.7891380188288237,0.359375
2024-01-01 01:05:40.000000,2024-01-01 01:05:46.000000,0,-55.3419689119171,-54.0,5.796654050961513,0.1875,545.982241905531,6119.0,0.0,-11.119170984455959,-14.0,6.793938424003688,0.06770833333333333,31.704663212435232,33.0,7.617881172469044,0.10416666666666667
2024-01-01 01:05:42.000000,2024-01-01 01:05:48.000000,0,-56.6580310880829,-56.0,10.059569980199377,0.15104166666666666,1077.657283978566,5851.0,0.0,-8.67357512953368,-8.0,8.334302620658299,0.125,30.316062176165804,32.0,11.198893222670742,0.09895833333333333
2024-01-01 01:05:44.000000,2024-01-01 01:05:50.000000,0,-47.17616580310881,-55.0,25.468118383036586,0.08333333333333333,1594.9929670082456,6801.999999999999,0.0,-9.466321243523316,-7.0,11.268048274528223,0.140625,35.24352331606217,33.0,16.46928239242952,0.08333333333333333
2024-01-01 01:05:46.000000,2024-01-01 01:05:52.000000,0,-38.2020725388601,-44.0,25.90619286995957,0.09895833333333333,1207.6205178403782,8288.0,0.0,-15.621761658031089,-15.0,12.93883620334781,0.140625,42.943005181347154,45.0,15.674816096906786,0.11458333333333333
2024-01-01 01:05:48.000000,2024-01-01 01:05:54.000000,0,-35.79274611398964,-42.0,23.964134425715194,0.13541666666666666,779.1861919351402,8728.0,0.0,-20.238341968911918,-21.0,11.14231710955797,0.171875,45.22279792746114,45.0,12.425490367821666,0.14583333333333334
2024-01-01 01:05:50.000000,2024-01-01 01:05:56.000000,0,-44.84974093264249,-48.0,15.894286592568447,0.125,1185.7711190858488,7505.000000000001,0.0,-22.186528497409327,-22.0,8.651012998876821,0.13020833333333334,38.8860103626943,38.0,11.711704488276906,0.13020833333333334
2024-01-01 01:05:52.000000,2024-01-01 01:05:58.000000,0,-53.33678756476684,-54.0,10.837605441694425,0.171875,786.6465061203663,5620.0,0.0,-20.295336787564768,-20.0,7.95173127215231,0.25,29.11917098445596,28.0,11.769544708377088,0.109375
2024-01-01 01:05:54.000000,2024-01-01 01:06:00.000000,0,-56.09326424870466,-57.0,11.249148403768938,0.1875,967.9347249579793,4750.0,0.0,-16.678756476683937,-19.0,9.660940177449735,0.17708333333333334,24.61139896373057,25.0,12.384856117595413,0.125
2024-01-01 01:05:56.000000,2024-01-01 01:06:02.000000,0,-39.41450777202073,-52.0,33.04375566469896,0.06770833333333333,1358.193949542805,5719.0,0.0,-17.38860103626943,-16.0,14.798271105781492,0.1875,29.632124352331605,24.0,20.121102214287106,0.0625
2024-01-01 01:05:58.000000,2024-01-01 01:06:04.000000,0,-12.839378238341968,5.0,39.39900199173493,0.015625,1596.453910130359,5615.0,0.0,-30.642487046632123,-26.0,23.804578910699444,0.026041666666666668,29.093264248704664,25.0,19.855509474115337,0.10416666666666667
2024-01-01 01:06:00.000000,2024-01-01 01:06:06.000000,0,1.3316062176165804,7.0,25.6259935988336,0.07291666666666667,2349.4588932039305,7198.0,0.0,-38.54922279792746,-43.0,20.844136663507495,0.010416666666666666,37.295336787564764,39.0,20.841185912143427,0.07291666666666667
2024-01-01 01:06:02.000000,2024-01-01 01:06:08.000000,0,-10.103626943005182,-14.0,27.582067644155515,0.078125,1770.9995261147628,7265.000000000001,0.0,-38.347150259067355,-32.0,17.809428234061283,0.005208333333333333,37.64248704663213,40.0,17.405149442498818,0.08854166666666667
2024-01-01 01:06:04.000000,2024-01-01 01:06:10.000000,0,-27.813471502590673,-26.0,16.006718149162744,0.07291666666666667,708.6926432497082,9491.0,0.0,-25.27461139896373,-22.0,12.571554696154774,0.078125,49.17616580310881,51.0,10.527743694909153,0.140625
2024-01-01 01:06:06.000000,2024-01-01 01:06:12.000000,0,-33.32124352331606,-32.0,13.200000572434174,0.0625,575.6929190215706,9723.0,0.0,-19.082901554404145,-18.0,5.530537183414731,0.16145833333333334,50.37823834196891,51.0,7.401220550044243,0.11979166666666667
2024-01-01 01:06:08.000000,2024-01-01 01:06:14.000000,0,-33.637305699481864,-33.0,12.173787456509556,0.078125,534.1382978940953,9716.0,0.0,-18.704663212435232,-18.0,4.913928865092747,0.16145833333333334,50.3419689119171,52.0,7.381504917914449,0.13020833333333334
2024-01-01 01:06:10.000000,2024-01-01 01:06:16.000000,0,-40.01036269430052,-40.0,13.386867646637928,0.08854166666666667,1084.089224372121,8460.0,0.0,-19.45077720207254,-19.0,5.780617029952558,0.14583333333333334,43.83419689119171,46.0,11.0105759529281,0.08333333333333333
2024-01-01 01:06:12.000000,2024-01-01 01:06:18.000000,0,-37.38860103626943,-38.0,16.1267529606409,0.08333333333333333,1436.6964234815173,8742.0,0.0,-19.27979274611399,-19.0,7.066975422589832,0.13541666666666666,45.295336787564764,48.0,12.161278587845597,0.07291666666666667
2024-01-01 01:06:14.000000,2024-01-01 01:06:20.000000,0,-29.756476683937823,-35.0,22.610095735937424,0.03125,1336.233049796752,9243.0,0.0,-18.243523316062177,-18.0,7.182717395822809,0.14583333333333334,47.89119170984456,50.0,13.234408087504232,0.10416666666666667
2024-01-01 01:06:16.000000,2024-01-01 01:06:22.000000,0,-27.580310880829014,-25.0,28.76095852574313,0.041666666666666664,1493.1731731085379,8752.0,0.0,-17.642487046632123,-17.0,9.468239564409537,0.16666666666666666,45.347150259067355,53.0,22.523800020367634,0.09895833333333333
2024-01-01 01:06:18.000000,2024-01-01 01:06:24.000000,0,-39.86010362694301,-49.0,33.10063748740406,0.041666666666666664,3094.1741931310767,4742.0,0.0,-13.979274611398964,-15.0,15.689353658486725,0.109375,24.569948186528496,27.0,31.546865409812135,0.0625
2024-01-01 01:06:20.000000,2024-01-01 01:06:26.000000,0,-51.55958549222798,-55.0,25.786742068240343,0.125,1923.1267525044113,3249.0,0.0,-15.606217616580311,-22.0,16.356394095477253,0.0625,16.83419689119171,24.0,25.692360073541938,0.07291666666666667
2024-01-01 01:06:22.000000,2024-01-01 01:06:28.000000,0,-54.7720207253886,-54.0,14.387850942707484,0.13020833333333334,1850.3529642883561,3265.0,0.0,-18.06217616580311,-25.0,15.533776016248297,0.015625,16.917098445595855,26.0,20.122628428474897,0.015625
2024-01-01 01:06:24.000000,2024-01-01 01:06:30.000000,0,-51.78238341968912,-53.0,10.544266832725903,0.140625,406.9882797727406,5513.0,0.0,-25.637305699481864,-26.0,8.662843126610884,0.13020833333333334,28.564766839378237,27.0,8.37078264912515,0.09375
2024-01-01 01:06:26.000000,2024-01-01 01:06:32.000000,0,-36.715025906735754,-52.0,31.170676526657772,0.036458333333333336,1399.6494951497734,6725.0,0.0,-23.72020725388601,-27.0,15.213907287637262,0.03125,34.84455958549223,27.0,15.50224056177794,0.06770833333333333
2024-01-01 01:06:28.000000,2024-01-01 01:06:34.000000,0,-31.797927461139896,-44.0,37.54935080240684,0.052083333333333336,1414.1730297636627,6850.0,0.0,-21.191709844559586,-25.0,18.89994305764009,0.09375,35.49222797927461,33.0,22.812669901418555,0.078125
2024-01-01 01:06:30.000000,2024-01-01 01:06:36.000000,0,-19.963730569948186,-17.0,41.70573664789649,0.06770833333333333,1933.5835217887493,7674.000000000002,0.0,-15.10880829015544,-14.0,20.99909658596287,0.140625,39.76165803108808,47.0,25.35549704837096,0.09375
2024-01-01 01:06:32.000000,2024-01-01 01:06:38.000000,0,-22.53886010362694,-26.0,38.74623359042615,0.08854166666666667,1588.7159914661577,7888.0,0.0,-16.186528497409327,-19.0,18.160064498051824,0.10416666666666667,40.870466321243526,49.0,25.086699835482097,0.08333333333333333
2024-01-01 01:06:34.000000,2024-01-01 01:06:40.000000,0,-23.984455958549223,-26.0,37.43153147803357,0.07291666666666667,1932.8376314477437,7171.0,0.0,-17.632124352331605,-20.0,18.379801077572164,0.09895833333333333,37.15544041450777,46.0,24.67848852277153,0.0625
2024-01-01 01:06:36.000000,2024-01-01 01:06:42.000000,0,-36.39378238341969,-50.0,30.846230906545077,0.036458333333333336,1745.366444797951,6958.000000000001,0.0,-13.176165803108809,-10.0,18.19140284050959,0.041666666666666664,36.05181347150259,38.0,20.69816339795292,0.07291666666666667
2024-01-01 01:06:38.000000,2024-01-01 01:06:44.000000,0,-49.43523316062176,-52.0,21.474723564202062,0.046875,1289.7864202173,6079.0,0.0,-4.8860103626943,4.0,17.30719567176398,0.046875,31.497409326424872,39.0,16.28173962870022,0.036458333333333336
2024-01-01 01:06:40.000000,2024-01-01 01:06:46.000000,0,-51.62176165803109,-52.0,8.152641635101917,0.19791666666666666,357.68558912731476,7508.0,0.0,-1.2797927461139897,4.0,10.044404327293652,0.036458333333333336,38.90155440414508,39.0,7.367980251596104,0.10416666666666667
2024-01-01 01:06:42.000000,2024-01-01 01:06:48.000000,0,-43.60621761658031,-51.0,22.33202023567423,0.07291666666666667,1755.8270610295167,5919.0,0.0,-14.119170984455959,-8.0,23.03148423301938,0.03125,30.66839378238342,39.0,20.458898991086034,0.0625
2024-01-01 01:06:44.000000,2024-01-01 01:06:50.000000,0,-41.84974093264249,-49.0,22.327421771296564,0.078125,1975.8708623618506,6095.0,0.0,-13.911917098445596,-9.0,23.44202762830947,0.041666666666666664,31.580310880829014,35.0,21.523606853549964,0.06770833333333333
2024-01-01 01:06:46.000000,2024-01-01 01:06:52.000000,0,-36.60621761658031,-40.0,22.05533671941019,0.08854166666666667,2032.250347655063,6992.000000000001,0.0,-6.870466321243524,6.0,25.312809839464894,0.026041666666666668,36.2279792746114,40.0,23.517055968301698,0.06770833333333333
2024-01-01 01:06:48.000000,2024-01-01 01:06:54.000000,0,-31.575129533678755,-33.0,17.495707899510915,0.078125,843.334407500184,10092.0,0.0,8.694300518134716,9.0,6.73492287236599,0.11979166666666667,52.29015544041451,53.0,9.943001961004825,0.08854166666666667
2024-01-01 01:06:50.000000,2024-01-01 01:06:56.000000,0,-21.83937823834197,-20.0,12.535370940319192,0.06770833333333333,400.1989618151768,11132.000000000002,0.0,13.16580310880829,11.0,6.609925578138678,0.015625,57.67875647668394,59.0,5.298428865767269,0.078125
2024-01-01 01:06:52.000000,2024-01-01 01:06:58.000000,0,-18.818652849740932,-22.0,8.354967599721775,0.0625,171.0242982209667,11355.000000000002,0.0,16.269430051813472,18.0,5.840764450049951,0.046875,58.83419689119171,58.0,2.9409946415907173,0.16145833333333334
2024-01-01 01:06:54.000000,2024-01-01 01:07:00.000000,0,-22.098445595854923,-24.0,3.60636700682421,0.057291666666666664,103.17209598522142,11147.0,0.0,18.264248704663213,18.0,0.6435712375672431,0.13541666666666666,57.75647668393783,57.0,1.2152554689950112,0.18229166666666666
2024-01-01 01:06:56.000000,2024-01-01 01:07:02.000000,0,-24.917098445595855,-25.0,1.6083661079284766,0.11979166666666667,54.664139011407684,10956.0,0.0,18.243523316062177,18.0,0.8464214011091715,0.11458333333333333,56.766839378238345,57.0,0.8307494483544825,0.18229166666666666
2024-01-01 01:06:58.000000,2024-01-01 01:07:04.000000,0,-26.17098445595855,-26.0,1.2148334782864103,0.11979166666666667,88.25934604663634,10814.0,0.0,18.860103626943005,19.0,1.1619460999571056,0.078125,56.031088082901555,56.0,0.8892104160860881,0.171875
2024-01-01 01:07:00.000000,2024-01-01 01:07:06.000000,0,-26.730569948186528,-27.0,0.9241821759266459,0.17708333333333334,59.92287892571747,10719.0,0.0,19.502590673575128,20.0,0.9581033365218152,0.13020833333333334,55.538860103626945,55.0,0.7142834011805642,0.2604166666666667
2024-01-01 01:07:02.000000,2024-01-01 01:07:08.000000,0,-26.803108808290155,-27.0,0.5973820259884745,0.2760416666666667,26.675033594562606,10687.000000000002,0.0,19.94300518134715,20.0,0.39773484280528837,0.13020833333333334,55.373056994818654,55.0,0.495500044005722,0.390625
2024-01-01 01:07:04.000000,2024-01-01 01:07:10.000000,0,-26.72020725388601,-27.0,0.6076388374866339,0.3229166666666667,31.057542688139186,10706.0,0.0,19.756476683937823,20.0,0.4422622015527435,0.18229166666666666,55.47150259067357,55.0,0.5004855155699675,0.3854166666666667
2024-01-01 01:07:06.000000,2024-01-01 01:07:12.000000,0,-27.10362694300518,-27.0,0.94076503979667,0.19270833333333334,37.189901112428196,10693.0,0.0,19.45077720207254,19.0,0.5763678631258125,0.13020833333333334,55.40414507772021,55.0,0.532665682058486,0.3697916666666667
2024-01-01 01:07:08.000000,2024-01-01 01:07:14.000000,0,-27.958549222797927,-28.0,1.079323654401179,0.18229166666666666,27.117602292241024,10651.999999999998,0.0,18.818652849740932,19.0,0.7021279031634413,0.026041666666666668,55.19170984455958,55.0,0.4559030401719162,0.203125
2024-01-01 01:07:10.000000,2024-01-01 01:07:16.000000,0,-28.673575129533678,-29.0,0.6863066656956184,0.057291666666666664,9.43394662639768,10620.0,0.0,18.33160621761658,18.0,0.48292296914498245,0.046875,55.02590673575129,55.0,0.29642370365713006,0.09375
2024-01-01 01:07:12.000000,2024-01-01 01:07:18.000000,0,-28.854922279792746,-29.0,0.4326386087753944,0.13020833333333334,3.759543085098171,10612.0,0.0,18.181347150259068,18.0,0.3995625846689821,0.125,54.984455958549226,55.0,0.16062002060452565,0.036458333333333336
2024-01-01 01:07:14.000000,2024-01-01 01:07:20.000000,0,-28.523316062176164,-29.0,0.5780042789282903,0.16145833333333334,7.632333495474325,10614.0,0.0,18.5440414507772,18.0,0.611843388136389,0.13020833333333334,54.994818652849744,55.0,0.2393003980013249,0.052083333333333336
2024-01-01 01:07:16.000000,2024-01-01 01:07:22.000000,0,-28.22279792746114,-28.0,0.4969683566341848,0.234375,6.729369346923969,10615.0,0.0,18.865284974093264,19.0,0.49211178294007624,0.109375,55.0,55.0,0.22821773229381923,0.046875
2024-01-01 01:07:18.000000,2024-01-01 01:07:24.000000,0,-28.077720207253886,-28.0,0.4991356951186957,0.22395833333333334,9.332438970934213,10624.0,0.0,18.974093264248705,19.0,0.387771855721647,0.06770833333333333,55.04663212435233,55.0,0.32739749414279956,0.10416666666666667
2024-01-01 01:07:20.000000,2024-01-01 01:07:26.000000,0,-26.82383419689119,-28.0,2.2821891476605267,0.015625,90.71522949265778,10729.000000000002,0.0,19.134715025906736,19.0,0.655495237899149,0.005208333333333333,55.590673575129536,55.0,0.9700279539443732,0.109375
2024-01-01 01:07:22.000000,2024-01-01 01:07:28.000000,0,-25.476683937823836,-24.0,2.327535666706906,0.005208333333333333,88.45423518225383,10832.0,0.0,19.466321243523318,20.0,0.7501079369653699,0.005208333333333333,56.12435233160622,56.0,0.9816428195712966,0.2760416666666667
2024-01-01 01:07:24.000000,2024-01-01 01:07:30.000000,0,-24.378238341968913,-24.0,1.8948787904236102,0.1875,30.36732360757299,10901.0,0.0,19.730569948186528,20.0,0.9735824024192912,0.08333333333333333,56.48186528497409,57.0,1.0056779649854808,0.4375
2024-01-01 01:07:26.000000,2024-01-01 01:07:32.000000,0,-19.61139896373057,-24.0,15.512739207509656,0.036458333333333336,280.32174140512956,10900.0,0.0,17.83937823834197,20.0,10.668299205812154,0.020833333333333332,56.476683937823836,56.0,6.151788814087012,0.4166666666666667
2024-01-01 01:07:28.000000,2024-01-01 01:07:34.000000,0,-4.829015544041451,-18.0,23.68162938608671,0.005208333333333333,341.5982131782016,11000.0,0.0,18.316062176165804,20.0,11.245304623683937,0.078125,56.994818652849744,56.0,6.832442072969492,0.34375
2024-01-01 01:07:30.000000,2024-01-01 01:07:36.000000,0,-7.098445595854923,-9.0,27.345506327754155,0.03125,565.2558557205393,10658.0,0.0,13.300518134715025,17.0,16.218971971536032,0.03125,55.22279792746114,56.0,12.216241683956191,0.1875
2024-01-01 01:07:32.000000,2024-01-01 01:07:38.000000,0,-12.082901554404145,-25.0,25.42417992522998,0.015625,413.8793546456138,10686.0,0.0,13.979274611398964,16.0,12.633024903841132,0.020833333333333332,55.36787564766839,57.0,10.614671653790754,0.171875
2024-01-01 01:07:34.000000,2024-01-01 01:07:40.000000,0,-27.10880829015544,-25.0,10.078006950447328,0.052083333333333336,409.7417043370873,10670.0,0.0,12.139896373056995,16.0,11.344791113364392,0.010416666666666666,55.284974093264246,57.0,10.312140505064923,0.10416666666666667
2024-01-01 01:07:36.000000,2024-01-01 01:07:42.000000,0,-25.968911917098445,-25.0,1.7704364332209146,0.052083333333333336,75.21898563103512,10987.0,0.0,15.937823834196891,16.0,0.42850202991036734,0.15625,56.92746113989637,57.0,0.8132511142224824,0.052083333333333336
2024-01-01 01:07:38.000000,2024-01-01 01:07:44.000000,0,-26.735751295336787,-28.0,1.930462104736542,0.036458333333333336,91.21056915498457,10917.0,0.0,16.077720207253886,16.0,0.5094635500291363,0.16145833333333334,56.56476683937824,56.0,0.8643410740141738,0.03125
2024-01-01 01:07:40.000000,2024-01-01 01:07:46.000000,0,-27.870466321243523,-28.0,1.108117909901854,0.19270833333333334,21.947866275578818,10819.0,0.0,16.145077720207254,16.0,0.49967606086654603,0.19791666666666666,56.056994818652846,56.0,0.5513858345248625,0.08854166666666667
2024-01-01 01:07:42.000000,2024-01-01 01:07:48.000000,0,-27.917098445595855,-28.0,0.6401235847862924,0.23958333333333334,14.053189448309489,10804.0,0.0,16.212435233160623,16.0,0.4693199614891299,0.23958333333333334,55.979274611398964,56.0,0.394738167740101,0.125
2024-01-01 01:07:44.000000,2024-01-01 01:07:50.000000,0,-27.3419689119171,-28.0,2.800139553640466,0.296875,43.810180114562954,10847.0,0.0,15.875647668393782,16.0,1.5762157081279267,0.0625,56.2020725388601,56.0,1.2892164347168562,0.16666666666666666
2024-01-01 01:07:46.000000,2024-01-01 01:07:52.000000,0,-26.575129533678755,-28.0,5.260485868403727,0.08854166666666667,161.70567829481587,10869.0,0.0,11.818652849740932,16.0,11.613716040056575,0.015625,56.3160621761658,56.0,4.299782096740174,0.17708333333333334
2024-01-01 01:07:48.000000,2024-01-01 01:07:54.000000,0,-34.72020725388601,-28.0,16.898115524819783,0.078125,1624.5917017491256,9205.0,0.0,5.9067357512953365,15.0,15.714961230518007,0.010416666666666666,47.69430051813472,55.0,16.42104907621267,0.057291666666666664
2024-01-01 01:07:50.000000,2024-01-01 01:07:56.000000,0,-38.968911917098445,-39.0,15.710899459634472,0.08854166666666667,1393.8828960106434,8554.0,0.0,8.38860103626943,17.0,17.44005431146571,0.010416666666666666,44.32124352331606,47.0,15.233270007200115,0.041666666666666664
2024-01-01 01:07:52.000000,2024-01-01 01:07:58.000000,0,-44.575129533678755,-41.0,11.88950005558161,0.10416666666666667,980.6093779161674,7752.0,0.0,14.1139896373057,22.0,15.118540671001504,0.005208333333333333,40.16580310880829,45.0,12.227593091659466,0.052083333333333336
2024-01-01 01:07:54.000000,2024-01-01 01:08:00.000000,0,-43.16062176165803,-41.0,7.84419262542247,0.109375,347.80873018208854,8352.0,0.0,19.854922279792746,22.0,6.449296563641891,0.015625,43.27461139896373,45.0,6.634209634795321,0.109375
2024-01-01 01:07:56.000000,2024-01-01 01:08:02.000000,0,-45.90673575129534,-46.0,7.52922128399416,0.109375,364.65625017777575,8186.0,0.0,14.699481865284975,20.0,8.08437598994535,0.005208333333333333,42.41450777202073,44.0,6.433489599612693,0.09375
2024-01-01 01:07:58.000000,2024-01-01 01:08:04.000000,0,-46.89637305699482,-46.0,7.039297232449439,0.08333333333333333,426.6911637875758,8310.0,0.0,9.870466321243523,7.0,6.516709954845217,0.015625,43.056994818652846,45.0,6.548844147775091,0.06770833333333333
2024-01-01 01:08:00.000000,2024-01-01 01:08:06.000000,0,-49.5699481865285,-47.0,6.650229358310488,0.08854166666666667,804.9108558281249,7831.0,0.0,4.518134715025907,7.0,4.799189671453992,0.026041666666666668,40.575129533678755,45.0,8.356995766323086,0.046875
2024-01-01 01:08:02.000000,2024-01-01 01:08:08.000000,0,-52.4300518134715,-50.0,8.171120925846184,0.125,741.5686525669265,7119.000000000002,0.0,2.0259067357512954,2.0,4.948100680606971,0.06770833333333333,36.8860103626943,39.0,9.299835411844237,0.09375
2024-01-01 01:08:04.000000,2024-01-01 01:08:10.000000,0,-50.32124352331606,-53.0,13.881207864553042,0.1875,886.9056488160517,7239.0,0.0,1.2797927461139897,0.0,5.5278137592381045,0.09375,37.50777202072539,36.0,11.991368063364918,0.13541666666666666
2024-01-01 01:08:06.000000,2024-01-01 01:08:12.000000,0,-36.67875647668394,-42.0,20.370281010471995,0.046875,1588.402193155112,8916.0,0.0,8.606217616580311,5.0,10.6443628808819,0.026041666666666668,46.196891191709845,48.0,13.27366560593973,0.036458333333333336
2024-01-01 01:08:08.000000,2024-01-01 01:08:14.000000,0,-24.23316062176166,-19.0,14.744792119454972,0.026041666666666668,634.7116471678439,10507.0,0.0,16.23316062176166,22.0,9.595601143889215,0.005208333333333333,54.44041450777202,57.0,8.540822549806801,0.046875
2024-01-01 01:08:10.000000,2024-01-01 01:08:16.000000,0,-17.730569948186528,-19.0,4.393407488609174,0.057291666666666664,76.81973598762035,11117.0,0.0,21.922279792746114,22.0,3.836389766713173,0.06770833333333333,57.601036269430054,57.0,2.1484972858301123,0.3072916666666667
2024-01-01 01:08:12.000000,2024-01-01 01:08:18.000000,0,-19.901554404145077,-20.0,1.3638363738282018,0.140625,16.033619324956184,11025.0,0.0,22.06217616580311,22.0,1.0927170980194147,0.11979166666666667,57.12435233160622,57.0,0.5544119634494625,0.234375
2024-01-01 01:08:14.000000,2024-01-01 01:08:20.000000,0,-22.435233160621763,-20.0,3.1186939828868496,0.005208333333333333,13.391534173348719,11003.0,0.0,19.621761658031087,22.0,3.1336452091875238,0.005208333333333333,57.01036269430052,57.0,0.38173994891946517,0.14583333333333334
2024-01-01 01:08:16.000000,2024-01-01 01:08:22.000000,0,-24.507772020725387,-26.0,2.913901971198531,0.046875,26.42921366682631,10978.0,0.0,17.730569948186528,16.0,2.857728590034491,0.03125,56.880829015544045,57.0,0.5694435668443194,0.140625
2024-01-01 01:08:18.000000,2024-01-01 01:08:24.000000,0,-26.792746113989637,-27.0,1.0794236612259833,0.14583333333333334,76.72398099341025,10898.0,0.0,16.502590673575128,16.0,1.2295169797340062,0.052083333333333336,56.46632124352332,57.0,0.7638686080942052,0.125
2024-01-01 01:08:20.000000,2024-01-01 01:08:26.000000,0,-31.248704663212436,-27.0,11.344065577833943,0.015625,716.1758112257646,10066.0,0.0,10.8860103626943,17.0,13.070619929982616,0.005208333333333333,52.15544041450777,56.0,11.291436833661448,0.036458333333333336
2024-01-01 01:08:22.000000,2024-01-01 01:08:28.000000,0,-27.259067357512954,-28.0,28.29246868942889,0.19791666666666666,1749.6720054737593,8954.0,0.0,5.658031088082901,16.0,15.769404391199913,0.052083333333333336,46.39378238341969,56.0,20.551012817050236,0.08333333333333333
2024-01-01 01:08:24.000000,2024-01-01 01:08:30.000000,0,-16.145077720207254,-15.0,33.0241339956978,0.057291666666666664,2070.2254260136497,9355.0,0.0,2.3367875647668392,6.0,14.12059459476989,0.041666666666666664,48.47150259067357,56.0,21.964708111376343,0.08333333333333333
2024-01-01 01:08:26.000000,2024-01-01 01:08:32.000000,0,-9.549222797927461,-12.0,28.375989555379014,0.0625,1474.9232557701405,10282.0,0.0,7.4974093264248705,9.0,11.275953559239273,0.078125,53.27461139896373,60.0,20.500818783935024,0.11979166666666667
2024-01-01 01:08:28.000000,2024-01-01 01:08:34.000000,0,-13.088082901554404,-19.0,17.977054615808406,0.057291666666666664,589.4614592579228,11125.0,0.0,10.875647668393782,13.0,11.04135586293108,0.08333333333333333,57.64248704663213,60.0,15.084886822546936,0.265625
2024-01-01 01:08:30.000000,2024-01-01 01:08:36.000000,0,-33.35233160621762,-25.0,19.236472716070665,0.020833333333333332,2586.2303578774026,8203.0,0.0,10.098445595854923,14.0,17.751339376356277,0.08333333333333333,42.50259067357513,56.0,25.280329217333925,0.020833333333333332
2024-01-01 01:08:32.000000,2024-01-01 01:08:38.000000,0,-41.16580310880829,-39.0,19.189392455604185,0.11458333333333333,2333.253158912357,6015.0,0.0,18.518134715025905,19.0,25.17772106782616,0.046875,31.16580310880829,31.0,24.39226891486725,0.046875
2024-01-01 01:08:34.000000,2024-01-01 01:08:40.000000,0,-39.39378238341969,-35.0,19.491193596251698,0.08854166666666667,1210.4528632596068,3599.0000000000005,0.0,35.233160621761655,37.0,30.197311877813576,0.057291666666666664,18.647668393782382,18.0,15.290254496120443,0.125
2024-01-01 01:08:36.000000,2024-01-01 01:08:42.000000,0,-27.59585492227979,-22.0,15.607569725259701,0.109375,1021.7726416421756,3105.0,0.0,54.66839378238342,54.0,19.627093466111102,0.09895833333333333,16.088082901554404,16.0,15.060901123762756,0.08333333333333333
2024-01-01 01:08:38.000000,2024-01-01 01:08:44.000000,0,-19.22279792746114,-18.0,5.824436529041158,0.15625,667.4074271088651,2248.0,0.0,61.6839378238342,58.0,14.925809617776647,0.140625,11.647668393782384,10.0,10.502986046332946,0.057291666666666664
2024-01-01 01:08:40.000000,2024-01-01 01:08:46.000000,0,-20.150259067357513,-18.0,9.696606603345035,0.13541666666666666,701.1660299533077,2037.0000000000002,0.0,62.020725388601036,59.0,14.978790056423247,0.15104166666666666,10.55440414507772,10.0,10.48602213377326,0.07291666666666667
2024-01-01 01:08:42.000000,2024-01-01 01:08:48.000000,0,-27.854922279792746,-22.0,15.885976819167801,0.08333333333333333,2122.849926605775,12.00000000000006,0.16580310880829016,51.233160621761655,51.0,18.94324139755235,0.06770833333333333,-0.06217616580310881,7.0,23.006028861792664,0.026041666666666668
2024-01-01 01:08:44.000000,2024-01-01 01:08:50.000000,0,-38.601036269430054,-39.0,16.98471736357579,0.057291666666666664,2785.9475835883086,2640.0,-0.16580310880829016,39.259067357512954,31.0,19.324941600834084,0.036458333333333336,-13.678756476683938,-11.0,25.64705178207161,0.06770833333333333
2024-01-01 01:08:46.000000,2024-01-01 01:08:52.000000,0,-40.56476683937824,-41.0,17.097368281665304,0.078125,1867.9226849284832,3637.0,0.0,36.715025906735754,29.0,16.533949673208767,0.036458333333333336,-18.844559585492227,-20.0,25.064846813187717,0.10416666666666667
2024-01-01 01:08:48.000000,2024-01-01 01:08:54.000000,0,-32.72020725388601,-27.0,18.05732930484154,0.08333333333333333,1628.8418919113556,1801.9999999999998,0.0,46.72538860103627,50.0,18.691916367200314,0.046875,-9.336787564766839,-5.0,23.46818644555174,0.06770833333333333
2024-01-01 01:08:50.000000,2024-01-01 01:08:56.000000,0,-22.678756476683937,-20.0,12.437360321986695,0.16145833333333334,1270.3400508328402,1028.0,-0.16580310880829016,58.03626943005181,60.0,10.226789297902641,0.11979166666666667,5.3264248704663215,8.0,17.353319091921424,0.078125
2024-01-01 01:08:52.000000,2024-01-01 01:08:58.000000,0,-19.362694300518136,-19.0,6.794073473962639,0.17708333333333334,720.8401165204461,2026.0,0.0,60.74611398963731,61.0,5.276993889305919,0.16145833333333334,10.49740932642487,14.0,8.059107394957223,0.07291666666666667
2024-01-01 01:08:54.000000,2024-01-01 01:09:00.000000,0,-19.76683937823834,-20.0,7.191034555561154,0.15104166666666666,404.0802451553447,2631.0000000000005,0.0,61.015544041450774,60.0,8.225010564796802,0.14583333333333334,13.632124352331607,15.0,7.766407641318001,0.08854166666666667
2024-01-01 01:08:56.000000,2024-01-01 01:09:02.000000,0,-19.740932642487046,-20.0,7.5626021453584995,0.171875,523.0855791657074,2540.0,0.0,61.601036269430054,61.0,11.836622149944326,0.15625,13.160621761658032,14.0,9.001741939465512,0.109375
2024-01-01 01:08:58.000000,2024-01-01 01:09:04.000000,0,-18.927461139896373,-18.0,9.528188567339756,0.19270833333333334,864.0780420132221,2720.0,0.0,62.09326424870466,61.0,14.513700647205175,0.13541666666666666,14.093264248704664,14.0,9.437381688972353,0.11979166666666667
2024-01-01 01:09:00.000000,2024-01-01 01:09:06.000000,0,-18.21761658031088,-18.0,9.740075104419047,0.19270833333333334,907.9202247814733,2461.0,0.0,62.07772020725388,59.0,16.890862019905178,0.13020833333333334,12.751295336787564,13.0,9.100155154402419,0.11458333333333333
2024-01-01 01:09:02.000000,2024-01-01 01:09:08.000000,0,-18.098445595854923,-18.0,10.13223237928889,0.19270833333333334,900.4553790253223,2285.0,0.0,62.829015544041454,61.0,17.36815775243013,0.11979166666666667,11.839378238341968,13.0,9.109296054657516,0.09895833333333333
2024-01-01 01:09:04.000000,2024-01-01 01:09:10.000000,0,-18.38860103626943,-18.0,7.073960068698483,0.18229166666666666,846.6615127599271,2254.0,0.0,62.45077720207254,60.0,17.44511965890874,0.109375,11.678756476683938,12.0,8.129832826013656,0.07291666666666667
2024-01-01 01:09:06.000000,2024-01-01 01:09:12.000000,0,-18.71502590673575,-19.0,7.0153575672377775,0.203125,832.0583499377422,2444.0,0.0,63.056994818652846,63.0,17.43236529194613,0.109375,12.663212435233161,14.0,8.3837357450708,0.08854166666666667
2024-01-01 01:09:08.000000,2024-01-01 01:09:14.000000,0,-18.155440414507773,-18.0,7.6815989504290805,0.18229166666666666,673.9142786152909,2437.0,0.0,62.373056994818654,60.0,17.99495587547456,0.11458333333333333,12.626943005181348,13.0,8.594796117047203,0.09895833333333333
2024-01-01 01:09:10.000000,2024-01-01 01:09:16.000000,0,-18.031088082901555,-18.0,8.078976533617526,0.171875,647.1908000373409,2382.0,0.0,63.0880829015544,59.0,20.042598201325045,0.11458333333333333,12.341968911917098,13.0,9.583359615492988,0.13020833333333334
2024-01-01 01:09:12.000000,2024-01-01 01:09:18.000000,0,-18.124352331606218,-17.0,9.906599111630046,0.171875,1058.6187907772635,2304.9999999999995,0.0,64.61658031088083,59.0,22.5411229458846,0.11458333333333333,11.94300518134715,11.0,12.924132195438938,0.11979166666666667
2024-01-01 01:09:14.000000,2024-01-01 01:09:20.000000,0,-20.875647668393782,-19.0,12.06342085087045,0.19791666666666666,1218.0311282407024,2811.0000000000005,0.0,46.07253886010363,54.0,52.51086120072162,0.08854166666666667,14.564766839378239,15.0,14.440149543047035,0.171875
2024-01-01 01:09:16.000000,2024-01-01 01:09:22.000000,0,-24.466321243523318,-22.0,15.212732997408185,0.17708333333333334,1076.6697398662245,2934.0,0.0,38.35751295336787,50.0,56.479362547592416,0.052083333333333336,15.202072538860104,16.0,14.418795454159035,0.13020833333333334
2024-01-01 01:09:18.000000,2024-01-01 01:09:24.000000,0,-24.854922279792746,-22.0,14.566288459972792,0.16666666666666666,656.2217886339253,2979.0,0.0,37.09326424870466,48.0,55.57269644177811,0.0625,15.435233160621761,16.0,12.054874622280165,0.16145833333333334
2024-01-01 01:09:20.000000,2024-01-01 01:09:26.000000,0,-23.150259067357513,-20.0,13.426622048007257,0.16666666666666666,729.4472410067194,2579.0,0.0,54.83937823834197,55.0,35.11602945396017,0.11979166666666667,13.362694300518134,12.0,10.95269454074823,0.11458333333333333
2024-01-01 01:09:22.000000,2024-01-01 01:09:28.000000,0,-20.295336787564768,-19.0,9.264674678108868,0.16145833333333334,967.9960667179694,2453.0,0.0,63.20725388601036,58.0,23.42604829615418,0.11458333333333333,12.709844559585493,12.0,10.063794247857633,0.11458333333333333
2024-01-01 01:09:24.000000,2024-01-01 01:09:30.000000,0,-20.196891191709845,-19.0,9.453977925630431,0.171875,636.4084777864485,2307.0,0.0,63.854922279792746,58.0,23.578982721182083,0.11458333333333333,11.953367875647668,11.0,9.594535204262773,0.08854166666666667
2024-01-01 01:09:26.000000,2024-01-01 01:09:32.000000,0,-19.580310880829014,-19.0,8.746727120444334,0.15104166666666666,675.619502806794,2185.0,0.0,64.23316062176166,62.0,24.205770206969408,0.109375,11.321243523316062,11.0,9.203736475598513,0.09895833333333333
2024-01-01 01:09:28.000000,2024-01-01 01:09:34.000000,0,-19.00518134715026,-18.0,8.59778157514001,0.19270833333333334,964.4379060452175,2296.0,0.0,63.55958549222798,60.0,22.382513259848377,0.125,11.896373056994818,11.0,10.597249903950093,0.09375
2024-01-01 01:09:30.000000,2024-01-01 01:09:36.000000,0,-18.616580310880828,-18.0,9.078829237746021,0.25,934.5805180574692,2611.0,0.0,64.35233160621762,60.0,22.595173877537018,0.11458333333333333,13.528497409326425,15.0,15.171604037959487,0.125
2024-01-01 01:09:32.000000,2024-01-01 01:09:38.000000,0,-18.243523316062177,-17.0,10.74019766368023,0.2552083333333333,906.6428977171842,2805.0000000000005,0.0,63.60621761658031,57.0,24.253658716570914,0.11979166666666667,14.533678756476684,16.0,16.743473711183672,0.16145833333333334
2024-01-01 01:09:34.000000,2024-01-01 01:09:40.000000,0,-19.150259067357513,-18.0,11.065769876215928,0.21875,954.8259355648229,2270.0,0.0,63.601036269430054,60.0,24.367015764222874,0.11458333333333333,11.761658031088082,11.0,16.853695852936273,0.16145833333333334
2024-01-01 01:09:36.000000,2024-01-01 01:09:42.000000,0,-19.632124352331605,-19.0,10.004915674363408,0.17708333333333334,903.0241161103572,2200.0,0.0,62.69948186528497,60.0,24.414878697496565,0.11458333333333333,11.398963730569948,10.0,12.671383399372225,0.125
2024-01-01 01:09:38.000000,2024-01-01 01:09:44.000000,0,-19.82383419689119,-20.0,8.129168918511875,0.16666666666666666,828.5060202521989,2198.0,0.0,63.01036269430052,60.0,23.400718836293635,0.109375,11.38860103626943,10.0,9.761706359727302,0.078125
2024-01-01 01:09:40.000000,2024-01-01 01:09:46.000000,0,-19.067357512953368,-19.0,7.900462919035849,0.17708333333333334,604.6751307630304,2724.0000000000005,0.0,63.409326424870464,60.0,23.153773002071024,0.11458333333333333,14.1139896373057,14.0,9.06960704885969,0.11979166666666667
2024-01-01 01:09:42.000000,2024-01-01 01:09:48.000000,0,-18.66321243523316,-18.0,7.384213456862633,0.17708333333333334,896.2474322543666,2865.0,0.0,63.943005181347154,59.0,21.017647973512993,0.11458333333333333,14.844559585492227,16.0,9.848682438202914,0.109375
2024-01-01 01:09:44.000000,2024-01-01 01:09:50.000000,0,-18.6580310880829,-18.0,7.790027696989396,0.19270833333333334,996.208193765384,2609.0,0.0,64.29015544041451,63.0,18.72633941795742,0.13020833333333334,13.518134715025907,14.0,11.054360595224733,0.109375
2024-01-01 01:09:46.000000,2024-01-01 01:09:52.000000,0,-18.476683937823836,-18.0,6.518461394106695,0.203125,838.7552049724222,2384.0,0.0,63.55958549222798,63.0,16.076568865711213,0.14583333333333334,12.352331606217616,11.0,10.767921459415058,0.109375
2024-01-01 01:09:48.000000,2024-01-01 01:09:54.000000,0,-18.70984455958549,-19.0,6.10402501058761,0.22395833333333334,881.9992342905641,2088.0,0.0,64.0880829015544,64.0,14.958188704733772,0.16145833333333334,10.818652849740932,10.0,10.053153746912821,0.11458333333333333
2024-01-01 01:09:50.000000,2024-01-01 01:09:56.000000,0,-19.321243523316063,-19.0,4.906459868947862,0.19791666666666666,753.4233581958521,2161.0,0.0,64.39896373056995,64.0,14.8506943918644,0.16145833333333334,11.196891191709845,10.0,9.19423453139561,0.08854166666666667
2024-01-01 01:09:52.000000,2024-01-01 01:09:58.000000,0,-19.65284974093264,-19.0,5.4837548593562175,0.17708333333333334,798.2630999392543,2305.0,0.0,64.30051813471502,64.0,14.966032712339128,0.16666666666666666,11.94300518134715,11.0,9.970365740793131,0.08854166666666667
2024-01-01 01:09:54.000000,2024-01-01 01:10:00.000000,0,-19.430051813471504,-19.0,6.885713508281819,0.16666666666666666,1061.0918629862751,2446.0,0.0,65.01554404145078,63.0,15.879912850023844,0.14583333333333334,12.67357512953368,11.0,11.392714053553917,0.078125
2024-01-01 01:09:56.000000,2024-01-01 01:10:02.000000,0,-19.031088082901555,-18.0,11.687291324229463,0.171875,1221.0596063854937,2585.0,0.0,65.73056994818653,63.0,18.978604954728205,0.140625,13.393782383419689,13.0,15.88370373915447,0.13020833333333334
2024-01-01 01:09:58.000000,2024-01-01 01:10:04.000000,0,-18.0,-16.0,13.157301521715361,0.18229166666666666,1548.8757202373088,2351.0000000000005,0.0,66.32642487046633,62.0,21.30903994801372,0.11458333333333333,12.181347150259068,11.0,17.308273077512208,0.08854166666666667
2024-01-01 01:10:00.000000,2024-01-01 01:10:06.000000,0,-17.740932642487046,-16.0,13.515239591253312,0.1875,1286.4251702676804,2393.0,0.0,65.70466321243524,63.0,21.027779964240764,0.14583333333333334,12.398963730569948,11.0,16.90171955513855,0.09895833333333333
2024-01-01 01:10:02.000000,2024-01-01 01:10:08.000000,0,-17.82383419689119,-17.0,9.727541003376247,0.18229166666666666,1166.1905101072848,2364.0,0.0,65.74611398963731,64.0,17.246158930066294,0.16666666666666666,12.248704663212436,12.0,13.181438610189595,0.08854166666666667
2024-01-01 01:10:04.000000,2024-01-01 01:10:10.000000,0,-18.569948186528496,-18.0,7.76118336240044,0.18229166666666666,807.6386710681161,2672.9999999999995,0.0,64.93782383419689,64.0,14.584747649158603,0.15625,13.849740932642487,12.0,10.682111820860511,0.13020833333333334
2024-01-01 01:10:06.000000,2024-01-01 01:10:12.000000,0,-19.05181347150259,-18.0,7.824734375578463,0.17708333333333334,880.1864118269764,2633.0,0.0,64.61658031088083,64.0,15.553608059273104,0.14583333333333334,13.642487046632125,12.0,9.494058341003782,0.140625
2024-01-01 01:10:08.000000,2024-01-01 01:10:14.000000,0,-20.015544041450777,-18.0,11.127329664285392,0.15625,854.6174609368246,2304.9999999999995,0.0,63.98963730569948,64.0,17.739724031729875,0.13541666666666666,11.94300518134715,11.0,12.871231863028807,0.09895833333333333
2024-01-01 01:10:10.000000,2024-01-01 01:10:16.000000,0,-20.11917098445596,-18.0,10.88296142183522,0.16145833333333334,797.5415282185792,2243.0,0.0,62.601036269430054,62.0,17.82967443862112,0.16145833333333334,11.621761658031089,11.0,12.359921074332576,0.09895833333333333
2024-01-01 01:10:12.000000,2024-01-01 01:10:18.000000,0,-20.0,-19.0,10.036911045403029,0.140625,654.3469814997886,2226.0,0.0,62.637305699481864,63.0,17.592110477036833,0.13541666666666666,11.533678756476684,11.0,12.454925207206124,0.08854166666666667
2024-01-01 01:10:14.000000,2024-01-01 01:10:20.000000,0,-18.854922279792746,-18.0,6.050110976872225,0.140625,937.2500224455247,2697.0,0.0,63.44041450777202,63.0,16.98276773165341,0.14583333333333334,13.974093264248705,13.0,9.107251708323233,0.08333333333333333
2024-01-01 01:10:16.000000,2024-01-01 01:10:22.000000,0,-18.66321243523316,-18.0,6.12164398206705,0.125,935.5405811983641,2671.0,0.0,63.81347150259067,65.0,17.47070240641178,0.11458333333333333,13.839378238341968,14.0,9.735036788737144,0.06770833333333333
2024-01-01 01:10:18.000000,2024-01-01 01:10:24.000000,0,-18.6580310880829,-17.0,5.630751712977157,0.13541666666666666,813.4673548979348,2795.0,0.0,62.95336787564767,65.0,18.06651199833099,0.11458333333333333,14.481865284974093,16.0,9.399187278833779,0.078125
2024-01-01 01:10:20.000000,2024-01-01 01:10:26.000000,0,-19.05181347150259,-18.0,5.866341964832876,0.16666666666666666,732.2078270717568,2672.0,0.0,62.73056994818653,65.0,17.984656312932437,0.13020833333333334,13.844559585492227,15.0,9.08276091111984,0.078125
2024-01-01 01:10:22.000000,2024-01-01 01:10:28.000000,0,-19.191709844559586,-19.0,5.76804538661391,0.16666666666666666,712.3530410900263,2777.0,0.0,63.05181347150259,65.0,17.636592208106016,0.13020833333333334,14.38860103626943,15.0,8.933741902857612,0.11458333333333333
2024-01-01 01:10:24.000000,2024-01-01 01:10:30.000000,0,-17.865284974093264,-18.0,8.392238915027889,0.19791666666666666,770.1077476930668,2549.0,0.0,62.740932642487046,64.0,18.49057285598027,0.15104166666666666,13.207253886010363,14.0,9.502113209197965,0.13020833333333334
2024-01-01 01:10:26.000000,2024-01-01 01:10:32.000000,0,-18.430051813471504,-18.0,9.614254201521204,0.19791666666666666,535.5979895849338,2510.0,0.0,62.58549222797927,63.0,18.86338486137429,0.16666666666666666,13.005181347150259,13.0,8.435106085905716,0.171875
2024-01-01 01:10:28.000000,2024-01-01 01:10:34.000000,0,-18.632124352331605,-18.0,9.848561873921286,0.203125,557.7568562626541,2606.0,0.0,62.84455958549223,64.0,18.817010365674445,0.16666666666666666,13.50259067357513,12.0,8.896467201654875,0.15104166666666666
2024-01-01 01:10:30.000000,2024-01-01 01:10:36.000000,0,-19.60621761658031,-19.0,8.638598138966938,0.1875,646.4601436398038,2710.0,0.0,64.09844559585493,65.0,16.57104803529065,0.17708333333333334,14.041450777202073,14.0,9.183791313193217,0.15104166666666666
2024-01-01 01:10:32.000000,2024-01-01 01:10:38.000000,0,-19.11917098445596,-19.0,8.400849122310218,0.19791666666666666,894.5118124702778,3057.0,0.0,64.03626943005182,66.0,16.671261780192168,0.15625,15.839378238341968,15.0,11.014673150457027,0.14583333333333334
2024-01-01 01:10:34.000000,2024-01-01 01:10:40.000000,0,-18.487046632124354,-18.0,10.518391040760738,0.20833333333333334,914.1587134386937,3060.0,0.0,64.78238341968913,66.0,18.09161582169276,0.16145833333333334,15.854922279792746,15.0,11.73534942665974,0.15104166666666666
2024-01-01 01:10:36.000000,2024-01-01 01:10:42.000000,0,-18.40414507772021,-18.0,10.291196855995072,0.203125,749.0455329990049,3191.0,0.0,65.38860103626943,66.0,19.60838666795938,0.125,16.533678756476682,16.0,12.362163183834978,0.16666666666666666
2024-01-01 01:10:38.000000,2024-01-01 01:10:44.000000,0,-17.906735751295336,-17.0,11.224118665178898,0.19270833333333334,1095.3895221781781,2965.0,0.0,65.78238341968913,65.0,20.892440332324128,0.11979166666666667,15.362694300518134,16.0,12.73091124139468,0.140625
2024-01-01 01:10:40.000000,2024-01-01 01:10:46.000000,0,-18.295336787564768,-18.0,9.573772169728004,0.19270833333333334,1156.9657417079177,2697.0,0.0,66.20207253886011,64.0,21.19934147598797,0.125,13.974093264248705,14.0,13.227352985843007,0.109375
2024-01-01 01:10:42.000000,2024-01-01 01:10:48.000000,0,-17.367875647668395,-18.0,10.360401584130607,0.16145833333333334,1395.501421532679,2640.0,0.0,67.29533678756476,63.0,22.280663071174338,0.13020833333333334,13.678756476683938,11.0,15.477820640481957,0.078125
2024-01-01 01:10:44.000000,2024-01-01 01:10:50.000000,0,-16.865284974093264,-17.0,8.765016106102813,0.18229166666666666,1870.7648501652839,2854.0000000000005,0.0,68.49740932642487,63.0,22.175935801452006,0.125,14.787564766839377,11.0,17.453851377072017,0.08333333333333333
2024-01-01 01:10:46.000000,2024-01-01 01:10:52.000000,0,-16.860103626943005,-16.0,9.503075926905922,0.17708333333333334,1745.7222355659417,3049.0,0.0,68.38860103626943,63.0,22.23195135505518,0.11979166666666667,15.797927461139896,12.0,16.785273675125993,0.078125
2024-01-01 01:10:48.000000,2024-01-01 01:10:54.000000,0,-17.83937823834197,-18.0,8.46685348548871,0.1875,1274.9698560560423,2983.0,0.0,66.61658031088083,61.0,22.566294341963903,0.11458333333333333,15.455958549222798,14.0,13.825149872542898,0.08854166666666667
2024-01-01 01:10:50.000000,2024-01-01 01:10:56.000000,0,-18.844559585492227,-19.0,9.139354231485203,0.1875,971.3987664944416,2751.0,0.0,66.60621761658031,61.0,23.467183707038565,0.11979166666666667,14.253886010362693,13.0,10.683066718305751,0.109375
2024-01-01 01:10:52.000000,2024-01-01 01:10:58.000000,0,-18.746113989637305,-19.0,9.715901802771853,0.19791666666666666,1057.0097100350115,2661.0,0.0,67.77720207253886,65.0,21.46865686407732,0.13541666666666666,13.787564766839377,12.0,12.110233739538314,0.13541666666666666
2024-01-01 01:10:54.000000,2024-01-01 01:11:00.000000,0,-18.44559585492228,-18.0,10.026963325120725,0.203125,1218.566543372069,2642.0000000000005,0.0,67.78756476683938,65.0,19.81822211735752,0.140625,13.689119170984457,12.0,12.76089141639144,0.11979166666666667
2024-01-01 01:10:56.000000,2024-01-01 01:11:02.000000,0,-17.8860103626943,-17.0,9.134268189300043,0.18229166666666666,1355.9747262774013,2524.0,0.0,66.41450777202073,64.0,17.993754613615007,0.13541666666666666,13.077720207253886,12.0,13.003572064711362,0.09895833333333333
2024-01-01 01:10:58.000000,2024-01-01 01:11:04.000000,0,-17.875647668393782,-17.0,7.217244808458134,0.17708333333333334,1174.1654978796028,2495.0,0.0,64.87564766839378,60.0,18.99876853794869,0.13020833333333334,12.927461139896373,11.0,11.734694032715588,0.08854166666666667
2024-01-01 01:11:00.000000,2024-01-01 01:11:06.000000,0,-17.870466321243523,-17.0,6.586666478746684,0.18229166666666666,1157.8611724251,2393.0,0.0,65.39378238341969,65.0,19.36385062790705,0.11458333333333333,12.398963730569948,11.0,11.581297736173006,0.08333333333333333
2024-01-01 01:11:02.000000,2024-01-01 01:11:08.000000,0,-17.528497409326423,-17.0,6.117807539031337,0.203125,1183.2407130606794,2512.0,0.0,64.860103626943,63.0,19.313103118674096,0.125,13.015544041450777,12.0,11.350695960645718,0.08854166666666667
2024-01-01 01:11:04.000000,2024-01-01 01:11:10.000000,0,-17.72538860103627,-17.0,7.901228015003599,0.21354166666666666,1092.105297105891,2421.0,0.0,65.17098445595855,64.0,20.024640747005478,0.125,12.544041450777202,11.0,11.48320232622153,0.08854166666666667
2024-01-01 01:11:06.000000,2024-01-01 01:11:12.000000,0,-18.077720207253886,-18.0,8.226555766265424,0.19791666666666666,938.9349762452609,2504.0,0.0,65.74093264248705,64.0,18.891831159056935,0.15104166666666666,12.974093264248705,11.0,11.012982506058764,0.11979166666666667
2024-01-01 01:11:08.000000,2024-01-01 01:11:14.000000,0,-18.746113989637305,-18.0,8.633317120769512,0.17708333333333334,938.4863967926472,2504.9999999999995,0.0,66.70466321243524,64.0,19.19230610317214,0.13541666666666666,12.979274611398964,11.0,11.247202684270917,0.125
2024-01-01 01:11:10.000000,2024-01-01 01:11:16.000000,0,-18.77720207253886,-19.0,8.166694203541745,0.19270833333333334,987.8312967836303,2478.0,0.0,65.5958549222798,64.0,17.049021948355556,0.171875,12.839378238341968,11.0,11.276362797672494,0.109375
2024-01-01 01:11:12.000000,2024-01-01 01:11:18.000000,0,-18.735751295336787,-19.0,8.111695297808623,0.1875,835.7929569937553,2373.0,0.0,64.65284974093264,63.0,18.124819098614836,0.14583333333333334,12.295336787564766,11.0,10.814767537547525,0.09895833333333333
2024-01-01 01:11:14.000000,2024-01-01 01:11:20.000000,0,-18.704663212435232,-19.0,8.312316978908973,0.19270833333333334,779.8960715014341,2292.0,0.0,64.860103626943,64.0,17.58509412559035,0.14583333333333334,11.875647668393782,9.0,10.593584817798112,0.08333333333333333
2024-01-01 01:11:16.000000,2024-01-01 01:11:22.000000,0,-18.4559585492228,-18.0,8.220235337158716,0.17708333333333334,1142.291108216139,2444.0,0.0,65.96373056994818,63.0,18.872481359827315,0.11458333333333333,12.663212435233161,9.0,12.040104168009146,0.09895833333333333
2024-01-01 01:11:18.000000,2024-01-01 01:11:24.000000,0,-21.523316062176164,-21.0,23.30975129882612,0.22916666666666666,1954.8595656487528,1786.0,0.9948186528497409,64.20725388601036,61.0,20.844377469885764,0.125,9.253886010362693,9.0,25.22343482771076,0.08333333333333333
2024-01-01 01:11:20.000000,2024-01-01 01:11:26.000000,0,-22.844559585492227,-22.0,23.32998526435954,0.21354166666666666,1466.9211155113264,1804.0,0.0,63.70984455958549,63.0,20.389150415434496,0.16145833333333334,9.347150259067357,10.0,24.794755507785233,0.14583333333333334
2024-01-01 01:11:22.000000,2024-01-01 01:11:28.000000,0,-23.041450777202073,-22.0,23.037974582942024,0.17708333333333334,1519.880283780573,1804.0,0.0,61.9119170984456,62.0,18.746041608646117,0.15625,9.347150259067357,11.0,23.84211750993424,0.140625
2024-01-01 01:11:24.000000,2024-01-01 01:11:30.000000,0,-19.310880829015545,-19.0,10.319718975870062,0.16666666666666666,980.0096655923211,1419.0,0.0,62.27979274611399,62.0,15.833260612504576,0.1875,7.352331606217617,9.0,15.688710353503605,0.16145833333333334
2024-01-01 01:11:26.000000,2024-01-01 01:11:32.000000,0,-21.155440414507773,-21.0,11.137244382486774,0.16145833333333334,1272.8447381460858,316.0,-0.16580310880829016,60.512953367875646,60.0,15.184664964573825,0.15104166666666666,1.6373056994818653,3.0,16.52564474898341,0.13020833333333334
2024-01-01 01:11:28.000000,2024-01-01 01:11:34.000000,0,-24.963730569948186,-24.0,12.253984495271846,0.16666666666666666,1050.359319932276,900.0000000000002,-0.3316062176165803,58.031088082901555,56.0,18.45684909450715,0.109375,-4.66321243523316,-2.0,16.775339789201823,0.10416666666666667
2024-01-01 01:11:30.000000,2024-01-01 01:11:36.000000,0,-25.55440414507772,-24.0,10.01084795892183,0.17708333333333334,947.2676798030813,150.0,0.3316062176165803,58.27461139896373,58.0,17.9618295507931,0.109375,0.7772020725388601,4.0,15.180754621586788,0.08854166666666667
2024-01-01 01:11:32.000000,2024-01-01 01:11:38.000000,0,-23.020725388601036,-23.0,9.402436823561802,0.1875,1011.2280723513961,852.0000000000001,0.16580310880829016,59.461139896373055,60.0,17.53002759392775,0.125,4.414507772020725,8.0,13.328939258682901,0.11458333333333333
2024-01-01 01:11:34.000000,2024-01-01 01:11:40.000000,0,-24.088082901554404,-22.0,14.911108588110576,0.125,710.2959326380634,1146.0,0.0,57.27461139896373,60.0,19.45138780340393,0.13020833333333334,5.937823834196891,8.0,10.860683556893214,0.16666666666666666
2024-01-01 01:11:36.000000,2024-01-01 01:11:42.000000,0,-23.761658031088082,-21.0,16.126943724812875,0.10416666666666667,1116.8921945696036,1541.0,0.0,57.67875647668394,58.0,19.72203754971232,0.11979166666666667,7.984455958549223,7.0,14.439340317030384,0.140625
2024-01-01 01:11:38.000000,2024-01-01 01:11:44.000000,0,-22.435233160621763,-17.0,16.146697355565582,0.0625,1100.7243294858315,1775.0,0.0,58.41450777202073,61.0,18.84515291602391,0.09895833333333333,9.196891191709845,10.0,14.903599630681203,0.07291666666666667
2024-01-01 01:11:40.000000,2024-01-01 01:11:46.000000,0,-17.88082901554404,-16.0,8.721459127299381,0.13541666666666666,791.5175471082341,2510.0,0.0,63.932642487046635,63.0,11.33489366227405,0.11979166666666667,13.005181347150259,13.0,11.713372614828618,0.052083333333333336
2024-01-01 01:11:42.000000,2024-01-01 01:11:48.000000,0,-17.984455958549223,-17.0,6.18084801013197,0.140625,575.4209886437985,1969.9999999999998,0.0,62.880829015544045,63.0,10.563858164002093,0.14583333333333334,10.207253886010363,10.0,8.314053690814601,0.078125
2024-01-01 01:11:44.000000,2024-01-01 01:11:50.000000,0,-19.300518134715027,-19.0,6.298383534432055,0.13020833333333334,639.7883448100462,2010.9999999999998,0.0,62.7979274611399,63.0,12.8211087280135,0.14583333333333334,10.419689119170984,10.0,7.386292618956398,0.07291666666666667
2024-01-01 01:11:46.000000,2024-01-01 01:11:52.000000,0,-18.901554404145077,-20.0,6.740398083291782,0.13020833333333334,617.5442822746722,1818.0,0.0,61.63212435233161,60.0,14.724710104145434,0.109375,9.419689119170984,9.0,7.0144958469004095,0.09895833333333333
2024-01-01 01:11:48.000000,2024-01-01 01:11:54.000000,0,-19.647668393782382,-19.0,7.3357150905323865,0.1875,579.6249073011556,2037.0,0.0,61.803108808290155,61.0,15.97891158011002,0.13541666666666666,10.55440414507772,8.0,9.11662822484183,0.09895833333333333
2024-01-01 01:11:50.000000,2024-01-01 01:11:56.000000,0,-20.243523316062177,-20.0,7.278519482348198,0.16145833333333334,587.0059941344279,1990.9999999999998,0.0,60.637305699481864,59.0,15.989353782113989,0.140625,10.316062176165802,9.0,8.8369843694619,0.11458333333333333
2024-01-01 01:11:52.000000,2024-01-01 01:11:58.000000,0,-20.968911917098445,-21.0,5.832654784122124,0.15104166666666666,600.9728710744362,2382.0,0.0,61.1139896373057,61.0,15.701229421738246,0.171875,12.341968911917098,11.0,8.337737394113299,0.16666666666666666
2024-01-01 01:11:54.000000,2024-01-01 01:12:00.000000,0,-20.29015544041451,-21.0,5.2508686262254844,0.140625,522.6826173710435,2328.0,0.0,60.67875647668394,60.0,13.867318237938528,0.15104166666666666,12.062176165803109,12.0,6.371017500339904,0.16666666666666666
2024-01-01 01:11:56.000000,2024-01-01 01:12:02.000000,0,-18.476683937823836,-19.0,6.116978198407508,0.13020833333333334,585.4170804554878,2235.0,0.0,62.07253886010363,61.0,14.2757414532994,0.15104166666666666,11.580310880829016,11.0,7.123539755827137,0.11458333333333333
2024-01-01 01:11:58.000000,2024-01-01 01:12:04.000000,0,-17.8860103626943,-18.0,6.308679631063225,0.14583333333333334,623.3716986500365,1986.0,0.0,62.26943005181347,61.0,14.322183703179968,0.13020833333333334,10.290155440414507,10.0,6.9812812575161125,0.07291666666666667
2024-01-01 01:12:00.000000,2024-01-01 01:12:06.000000,0,-17.466321243523318,-17.0,7.354148166200607,0.16145833333333334,532.6470410609836,1931.0,0.0,62.932642487046635,63.0,15.341617613593657,0.11979166666666667,10.005181347150259,9.0,7.603793878528683,0.09895833333333333
2024-01-01 01:12:02.000000,2024-01-01 01:12:08.000000,0,-18.39896373056995,-18.0,6.987444019135516,0.20833333333333334,510.34511748986415,2016.0000000000002,0.0,62.398963730569946,63.0,15.341643998842475,0.13020833333333334,10.44559585492228,9.0,7.808808713454059,0.10416666666666667
2024-01-01 01:12:04.000000,2024-01-01 01:12:10.000000,0,-18.352331606217618,-18.0,7.313672075147884,0.19791666666666666,580.3458878510016,2054.0,0.0,61.979274611398964,63.0,15.347692059537945,0.125,10.642487046632125,11.0,7.645236672751433,0.08854166666666667
2024-01-01 01:12:06.000000,2024-01-01 01:12:12.000000,0,-18.067357512953368,-18.0,6.141611976378335,0.20833333333333334,498.22105766378536,1974.0000000000002,0.0,61.22279792746114,62.0,15.06365308330494,0.15625,10.2279792746114,11.0,7.368276918626786,0.09895833333333333
2024-01-01 01:12:08.000000,2024-01-01 01:12:14.000000,0,-26.321243523316063,-21.0,22.388157549150748,0.078125,567.4012505731173,2465.0,0.0,41.27979274611399,56.0,40.667406789182195,0.046875,12.7720207253886,14.0,9.9399155638383,0.109375
2024-01-01 01:12:10.000000,2024-01-01 01:12:16.000000,0,-32.07772020725388,-25.0,23.931089676586154,0.09375,556.7721608338104,2254.0,0.0,30.124352331606218,53.0,48.19648454633612,0.020833333333333332,11.678756476683938,12.0,10.263731376986103,0.13020833333333334
2024-01-01 01:12:12.000000,2024-01-01 01:12:18.000000,0,-32.72020725388601,-27.0,23.57599538280739,0.09375,498.70653546837855,2468.0,0.0,30.621761658031087,52.0,48.609272767278995,0.010416666666666666,12.787564766839377,13.0,10.273927903172451,0.11979166666666667
2024-01-01 01:12:14.000000,2024-01-01 01:12:20.000000,0,-31.870466321243523,-24.0,22.65039569857987,0.078125,546.7231017113855,1693.0,0.0,44.284974093264246,57.0,40.78943174152099,0.057291666666666664,8.7720207253886,10.0,11.130843248210573,0.11979166666666667
2024-01-01 01:12:16.000000,2024-01-01 01:12:22.000000,0,-29.10880829015544,-24.0,21.058044165906388,0.09375,563.7218853590409,1818.0,0.0,56.5699481865285,59.0,29.42162131015445,0.10416666666666667,9.419689119170984,10.0,11.044654905708146,0.109375
2024-01-01 01:12:18.000000,2024-01-01 01:12:24.000000,0,-29.22279792746114,-24.0,21.117900642523473,0.11458333333333333,647.7983537190462,1779.0000000000002,0.0,57.33160621761658,59.0,29.455720405281674,0.10416666666666667,9.217616580310882,9.0,11.291788153626975,0.109375
2024-01-01 01:12:20.000000,2024-01-01 01:12:26.000000,0,-23.088082901554404,-22.0,10.207611179560649,0.17708333333333334,604.6073000151323,2115.0,0.0,63.170984455958546,60.0,21.46234074792322,0.11458333333333333,10.958549222797927,9.0,7.588254490830979,0.09895833333333333
2024-01-01 01:12:22.000000,2024-01-01 01:12:28.000000,0,-20.8860103626943,-21.0,6.892588194628006,0.16145833333333334,622.665798208297,2902.0,0.0,61.637305699481864,60.0,17.251903789715577,0.11979166666666667,15.036269430051814,15.0,9.006579225416056,0.13020833333333334
2024-01-01 01:12:24.000000,2024-01-01 01:12:30.000000,0,-25.212435233160623,-23.0,14.782853622567336,0.16145833333333334,773.361666323455,2783.0000000000005,0.0,58.461139896373055,60.0,25.195688138592327,0.11979166666666667,14.419689119170984,14.0,13.93455783246038,0.13020833333333334
2024-01-01 01:12:26.000000,2024-01-01 01:12:32.000000,0,-24.678756476683937,-22.0,15.237030499595257,0.171875,1078.7424847434502,2651.0,0.0,58.476683937823836,59.0,24.63928784711779,0.125,13.735751295336788,14.0,14.952271865433147,0.125
2024-01-01 01:12:28.000000,2024-01-01 01:12:34.000000,0,-23.28497409326425,-19.0,15.980672966520126,0.16666666666666666,1092.2760027156964,1797.0,0.0,60.7979274611399,62.0,24.842118046083435,0.125,9.310880829015543,7.0,14.753415415001347,0.09375
2024-01-01 01:12:30.000000,2024-01-01 01:12:36.000000,0,-18.875647668393782,-17.0,8.515615418661723,0.19791666666666666,796.1578162950055,1719.0000000000002,0.0,63.44041450777202,64.0,16.529261422115084,0.11458333333333333,8.906735751295336,6.0,10.631204375642676,0.08854166666666667
2024-01-01 01:12:32.000000,2024-01-01 01:12:38.000000,0,-19.326424870466322,-19.0,9.643228202874374,0.17708333333333334,763.5542516092429,1942.0,0.0,62.94818652849741,65.0,16.936382476246,0.109375,10.062176165803109,9.0,10.606418527930964,0.08854166666666667
2024-01-01 01:12:34.000000,2024-01-01 01:12:40.000000,0,-19.585492227979273,-20.0,8.645458639944525,0.16666666666666666,652.4981985774143,2092.0,0.0,62.461139896373055,65.0,16.723853745788833,0.109375,10.839378238341968,11.0,9.085250387930923,0.078125
2024-01-01 01:12:36.000000,2024-01-01 01:12:42.000000,0,-18.11917098445596,-19.0,9.116793989253406,0.15625,682.9201910688403,1936.0,0.0,61.73575129533679,63.0,16.265301019998283,0.11458333333333333,10.031088082901555,11.0,9.061081346289523,0.08333333333333333
2024-01-01 01:12:38.000000,2024-01-01 01:12:44.000000,0,-17.673575129533678,-18.0,7.236494328935227,0.14583333333333334,679.4967365164415,1673.0,0.0,63.0,64.0,15.226758245492265,0.11979166666666667,8.66839378238342,9.0,8.330659113227142,0.078125
2024-01-01 01:12:40.000000,2024-01-01 01:12:46.000000,0,-18.564766839378237,-18.0,10.13950617595492,0.140625,769.4249565411205,1535.0,0.0,63.119170984455955,63.0,15.400260256756065,0.125,7.953367875647668,8.0,11.873153433376674,0.09895833333333333
2024-01-01 01:12:42.000000,2024-01-01 01:12:48.000000,0,-20.196891191709845,-19.0,8.81774906755162,0.16666666666666666,755.6205790115517,1940.0,0.0,64.3160621761658,64.0,16.1480326793322,0.11979166666666667,10.05181347150259,10.0,11.573020408765057,0.06770833333333333
2024-01-01 01:12:44.000000,2024-01-01 01:12:50.000000,0,-24.11917098445596,-20.0,13.722749334923872,0.09895833333333333,1981.1808294941156,191.0000000000001,0.16580310880829016,54.601036269430054,55.0,28.679286205446015,0.10416666666666667,0.9896373056994818,8.0,27.36805270241079,0.046875
2024-01-01 01:12:46.000000,2024-01-01 01:12:52.000000,0,-33.35233160621762,-26.0,20.668771916979768,0.052083333333333336,2932.4815840967026,1781.0000000000002,0.16580310880829016,42.95336787564767,48.0,32.32618426475928,0.057291666666666664,-9.2279792746114,1.0,29.14850347358451,0.026041666666666668
2024-01-01 01:12:48.000000,2024-01-01 01:12:54.000000,0,-43.60621761658031,-39.0,27.287061240446842,0.13541666666666666,2982.092158522337,1675.0,0.16580310880829016,36.64766839378238,39.0,33.16703633463197,0.07291666666666667,-8.678756476683938,-4.0,32.6777258252814,0.052083333333333336
2024-01-01 01:12:50.000000,2024-01-01 01:12:56.000000,0,-44.89637305699482,-40.0,26.647772681034784,0.11979166666666667,2091.4944435092366,262.0,-0.16580310880829016,46.347150259067355,50.0,30.692505611156065,0.07291666666666667,-1.3575129533678756,2.0,25.710966735015035,0.0625
2024-01-01 01:12:52.000000,2024-01-01 01:12:58.000000,0,-36.20725388601036,-30.0,26.211450845773772,0.13541666666666666,917.3392375510691,1784.0,0.0,57.27461139896373,58.0,26.91967658569491,0.13541666666666666,9.243523316062177,9.0,19.08554677903995,0.13541666666666666
2024-01-01 01:12:54.000000,2024-01-01 01:13:00.000000,0,-25.71502590673575,-22.0,15.791500618883582,0.18229166666666666,619.091560181099,1706.0,0.0,63.24352331606217,60.0,19.190866209082966,0.125,8.839378238341968,10.0,12.733244857906364,0.125
2024-01-01 01:12:56.000000,2024-01-01 01:13:02.000000,0,-21.264248704663213,-20.0,13.972354273272055,0.18229166666666666,914.7827639406163,2408.0,0.0,61.398963730569946,60.0,19.349617754722857,0.14583333333333334,12.476683937823834,10.0,15.87354735442352,0.13541666666666666
2024-01-01 01:12:58.000000,2024-01-01 01:13:04.000000,0,-19.740932642487046,-19.0,13.355914465471132,0.203125,1002.5752579071813,2729.0000000000005,0.0,60.362694300518136,62.0,20.816486279780015,0.11458333333333333,14.139896373056995,12.0,17.422629979594713,0.13020833333333334
2024-01-01 01:13:00.000000,2024-01-01 01:13:06.000000,0,-20.38860103626943,-19.0,12.25974419472962,0.203125,946.8090259628245,2554.0,0.0,60.38860103626943,62.0,19.98174361061133,0.11979166666666667,13.233160621761659,12.0,17.834380971761853,0.11979166666666667
2024-01-01 01:13:02.000000,2024-01-01 01:13:08.000000,0,-18.683937823834196,-18.0,10.720337031989589,0.16666666666666666,867.7261880573601,1899.0000000000002,0.0,60.94818652849741,62.0,19.801289134339015,0.140625,9.839378238341968,11.0,14.506467796977049,0.07291666666666667
2024-01-01 01:13:04.000000,2024-01-01 01:13:10.000000,0,-14.155440414507773,-17.0,18.295226037646174,0.10416666666666667,1007.471718610095,2746.0,0.0,58.60621761658031,57.0,16.940163157613416,0.14583333333333334,14.2279792746114,14.0,16.424062776393104,0.109375
2024-01-01 01:13:06.000000,2024-01-01 01:13:12.000000,0,-27.683937823834196,-23.0,30.24601559565789,0.0625,1379.1912553197437,3244.0,0.0,39.58031088082902,46.0,29.624121398833925,0.036458333333333336,16.808290155440414,16.0,18.479423626889396,0.140625
2024-01-01 01:13:08.000000,2024-01-01 01:13:14.000000,0,-42.015544041450774,-54.0,31.879244273628654,0.078125,2221.324561503238,2299.0000000000005,0.0,23.70984455958549,19.0,24.305751130062735,0.046875,11.911917098445596,16.0,24.14382928741334,0.09375
2024-01-01 01:13:10.000000,2024-01-01 01:13:16.000000,0,-57.715025906735754,-57.0,12.050528693638318,0.22916666666666666,2857.2214560214315,1329.0000000000002,-0.16580310880829016,2.8186528497409324,5.0,17.012044270429918,0.09895833333333333,-6.8860103626943,-9.0,26.70591111884019,0.13020833333333334
2024-01-01 01:13:12.000000,2024-01-01 01:13:18.000000,0,-48.373056994818654,-48.0,15.11813547675803,0.125,2031.945520304082,5688.0,0.0,-3.2124352331606216,-7.0,16.962011807553523,0.057291666666666664,-29.471502590673577,-30.0,24.057017044609434,0.046875
2024-01-01 01:13:14.000000,2024-01-01 01:13:20.000000,0,-41.129533678756474,-39.0,12.30086414182267,0.16145833333333334,1234.4563010322288,8612.0,0.0,-10.67357512953368,-11.0,9.655103150115927,0.11458333333333333,-44.62176165803109,-46.0,16.08625652424238,0.13020833333333334
2024-01-01 01:13:16.000000,2024-01-01 01:13:22.000000,0,-39.12435233160622,-38.0,9.463475715888741,0.13541666666666666,925.8255771527456,9166.0,0.0,-11.658031088082902,-12.0,7.770614402126032,0.140625,-47.49222797927461,-46.0,12.261949601555541,0.15625
2024-01-01 01:13:18.000000,2024-01-01 01:13:24.000000,0,-45.83937823834197,-45.0,11.642688318342357,0.140625,1010.8981237850562,7785.0,0.0,-12.844559585492227,-13.0,8.0082434050941,0.14583333333333334,-40.33678756476684,-41.0,15.515635394976409,0.16145833333333334
2024-01-01 01:13:20.000000,2024-01-01 01:13:26.000000,0,-51.994818652849744,-52.0,10.13733683044107,0.15104166666666666,1129.2979411732417,5766.0,0.0,-18.580310880829014,-18.0,8.346345626651008,0.11979166666666667,-29.875647668393782,-30.0,12.812553972252472,0.09895833333333333
2024-01-01 01:13:22.000000,2024-01-01 01:13:28.000000,0,-54.75647668393783,-55.0,9.058707368507696,0.16145833333333334,783.2340104053591,4844.000000000001,0.0,-21.70984455958549,-22.0,6.733680617850271,0.13020833333333334,-25.098445595854923,-24.0,10.424113055215303,0.09375
2024-01-01 01:13:24.000000,2024-01-01 01:13:30.000000,0,-55.24352331606217,-55.0,6.009347928152353,0.21354166666666666,494.3897353922193,4772.0,0.0,-22.440414507772022,-22.0,5.507364750400601,0.09375,-24.72538860103627,-26.0,5.955759465571492,0.109375
2024-01-01 01:13:26.000000,2024-01-01 01:13:32.000000,0,-55.95336787564767,-56.0,6.157050629360153,0.203125,639.8809080097396,4503.0,0.0,-21.409326424870468,-22.0,4.615792192545808,0.16666666666666666,-23.33160621761658,-25.0,6.8163319506017634,0.08333333333333333
2024-01-01 01:13:28.000000,2024-01-01 01:13:34.000000,0,-55.347150259067355,-55.0,5.463773179544784,0.21875,681.031744099364,4499.0,0.0,-19.269430051813472,-21.0,8.518359350698576,0.08333333333333333,-23.310880829015545,-23.0,7.359569716199403,0.07291666666666667
2024-01-01 01:13:30.000000,2024-01-01 01:13:36.000000,0,-54.1139896373057,-54.0,6.825004665741413,0.265625,916.0609063420635,3982.0,0.0,-2.9689119170984455,-18.0,25.415486325547178,0.005208333333333333,-20.632124352331605,-20.0,12.378341474168604,0.15625
2024-01-01 01:13:32.000000,2024-01-01 01:13:38.000000,0,-53.79274611398964,-54.0,6.1108296305614545,0.3072916666666667,1837.952242213189,2389.0,0.0,12.284974093264248,22.0,23.6091576539599,0.015625,-12.378238341968911,-19.0,20.88477672764855,0.026041666666666668
2024-01-01 01:13:34.000000,2024-01-01 01:13:40.000000,0,-56.24352331606217,-58.0,6.393989040882252,0.11979166666666667,1939.808296102633,409.0000000000001,0.16580310880829016,25.740932642487046,23.0,7.140351383205698,0.041666666666666664,-2.1191709844559585,3.0,19.96249857380468,0.026041666666666668
2024-01-01 01:13:36.000000,2024-01-01 01:13:42.000000,0,-59.2020725388601,-60.0,3.2732495091082434,0.19270833333333334,814.7516208862627,1188.0,0.0,23.65284974093264,23.0,3.920924723945391,0.06770833333333333,6.155440414507772,5.0,10.641246595296051,0.020833333333333332
2024-01-01 01:13:38.000000,2024-01-01 01:13:44.000000,0,-57.02590673575129,-60.0,6.576025928483693,0.041666666666666664,877.3979397870863,675.0,-0.3316062176165803,28.487046632124354,24.0,11.428267589024845,0.026041666666666668,3.4974093264248705,5.0,11.425084040688175,0.10416666666666667
2024-01-01 01:13:40.000000,2024-01-01 01:13:46.000000,0,-48.020725388601036,-54.0,16.99998730061499,0.11979166666666667,1034.5309997418187,1182.0,0.0,7.5025906735751295,24.0,38.87508364840032,0.005208333333333333,6.124352331606218,6.0,15.234796988863446,0.11979166666666667
2024-01-01 01:13:42.000000,2024-01-01 01:13:48.000000,0,-35.129533678756474,-39.0,20.50962193627448,0.046875,2137.043791493343,3133.0,0.0,0.8393782383419689,-1.0,47.31697307814676,0.03125,16.23316062176166,15.0,22.18441971247557,0.10416666666666667
2024-01-01 01:13:44.000000,2024-01-01 01:13:50.000000,0,-25.259067357512954,-22.0,17.61584375523866,0.036458333333333336,1654.6901390753203,3754.0,0.0,8.316062176165802,-1.0,53.400985097774914,0.010416666666666666,19.45077720207254,13.0,17.199470435073795,0.07291666666666667
2024-01-01 01:13:46.000000,2024-01-01 01:13:52.000000,0,-20.76683937823834,-21.0,11.039820861134533,0.13541666666666666,1454.6526104648403,3637.0,0.0,40.98963730569948,60.0,40.33621584534105,0.005208333333333333,18.844559585492227,13.0,15.088167409217267,0.036458333333333336
2024-01-01 01:13:48.000000,2024-01-01 01:13:54.000000,0,-20.93782383419689,-22.0,3.4302984305990982,0.171875,287.6320880434108,2211.0,0.0,60.056994818652846,60.0,2.2573641720336908,0.171875,11.455958549222798,12.0,3.648541123737845,0.109375
2024-01-01 01:13:50.000000,2024-01-01 01:13:56.000000,0,-21.61139896373057,-22.0,2.6475764490455425,0.18229166666666666,172.25157465205933,2333.0,0.0,59.63212435233161,60.0,1.8326904588034738,0.234375,12.088082901554404,12.0,2.9346196788950687,0.125
2024-01-01 01:13:52.000000,2024-01-01 01:13:58.000000,0,-19.362694300518136,-22.0,6.173958835539488,0.07291666666666667,401.08604660470104,2589.0,0.0,59.766839378238345,60.0,2.8890127458945702,0.19270833333333334,13.414507772020725,12.0,4.442244751060514,0.0625
2024-01-01 01:13:54.000000,2024-01-01 01:14:00.000000,0,-17.870466321243523,-21.0,7.281455346900915,0.046875,516.1379945373113,2919.0,0.0,60.310880829015545,60.0,5.29905020492031,0.13541666666666666,15.124352331606218,13.0,6.086621062506623,0.036458333333333336
2024-01-01 01:13:56.000000,2024-01-01 01:14:02.000000,0,-16.979274611398964,-19.0,6.906336575040171,0.0625,631.047003359595,2833.0,0.0,60.49222797927461,61.0,5.806891712820329,0.13020833333333334,14.678756476683938,14.0,6.979166505555124,0.07291666666666667
2024-01-01 01:13:58.000000,2024-01-01 01:14:04.000000,0,-19.150259067357513,-19.0,7.5700349814274,0.16145833333333334,613.7724152819576,2001.9999999999998,0.0,60.90155440414508,61.0,5.88125975631442,0.15625,10.373056994818652,10.0,10.022147322818416,0.08854166666666667
2024-01-01 01:14:00.000000,2024-01-01 01:14:06.000000,0,-25.616580310880828,-20.0,17.262921932902472,0.08854166666666667,769.2609505015866,1555.0,0.0,38.40414507772021,59.0,41.33819338975571,0.010416666666666666,8.05699481865285,9.0,14.505094840728018,0.15104166666666666
2024-01-01 01:14:02.000000,2024-01-01 01:14:08.000000,0,-25.378238341968913,-20.0,18.074698677905086,0.10416666666666667,773.3317362157786,1747.0,0.0,39.32124352331606,59.0,42.16720702685438,0.010416666666666666,9.05181347150259,11.0,15.065738217835834,0.13020833333333334
2024-01-01 01:14:04.000000,2024-01-01 01:14:10.000000,0,-29.53886010362694,-23.0,19.567984927184884,0.08854166666666667,786.3605635902886,1825.0000000000002,0.0,37.233160621761655,56.0,45.17734197558853,0.020833333333333332,9.455958549222798,13.0,16.10607346101483,0.109375
2024-01-01 01:14:06.000000,2024-01-01 01:14:12.000000,0,-22.844559585492227,-19.0,14.607956020672422,0.078125,551.7350604019246,2048.0,0.0,60.637305699481864,62.0,20.354234228687396,0.14583333333333334,10.61139896373057,12.0,10.831535489188042,0.11979166666666667
2024-01-01 01:14:08.000000,2024-01-01 01:14:14.000000,0,-19.730569948186528,-17.0,15.587787293079817,0.10416666666666667,755.9465082994816,2126.0,0.0,59.89119170984456,62.0,19.36420600213867,0.13541666666666666,11.015544041450777,12.0,11.331867253797391,0.15104166666666666
2024-01-01 01:14:10.000000,2024-01-01 01:14:16.000000,0,-15.082901554404145,-16.0,9.751248204057418,0.11979166666666667,658.4868268940421,2190.0,0.0,61.6839378238342,61.0,4.171905169837155,0.20833333333333334,11.347150259067357,12.0,10.382713230373831,0.15625
2024-01-01 01:14:12.000000,2024-01-01 01:14:18.000000,0,-16.860103626943005,-18.0,9.176289304826449,0.13020833333333334,716.2153371708589,2262.0,0.0,60.61139896373057,61.0,4.144433341267206,0.19791666666666666,11.720207253886011,14.0,10.124972014289986,0.125
2024-01-01 01:14:14.000000,2024-01-01 01:14:20.000000,0,-19.984455958549223,-20.0,6.559405368706754,0.13020833333333334,629.9894474050188,2243.0,0.0,60.943005181347154,61.0,6.245987485726178,0.171875,11.621761658031089,14.0,9.796201591963966,0.08333333333333333
2024-01-01 01:14:16.000000,2024-01-01 01:14:22.000000,0,-20.23316062176166,-19.0,5.032450825652243,0.10416666666666667,349.493974757665,2841.0,0.0,60.72020725388601,61.0,6.542684843152854,0.15625,14.720207253886011,15.0,6.480295128836503,0.13541666666666666
2024-01-01 01:14:18.000000,2024-01-01 01:14:24.000000,0,-21.730569948186528,-20.0,9.351913139083749,0.11458333333333333,513.5910873879026,2686.0,0.0,59.93782383419689,60.0,7.348204814077874,0.140625,13.917098445595855,14.0,8.975856962084439,0.13020833333333334
2024-01-01 01:14:20.000000,2024-01-01 01:14:26.000000,0,-25.253886010362695,-23.0,10.396453618475164,0.08854166666666667,502.3969614875553,2500.0,0.0,57.97409326424871,58.0,6.293544338877988,0.125,12.953367875647668,14.0,8.626080944003728,0.09375
2024-01-01 01:14:22.000000,2024-01-01 01:14:28.000000,0,-28.16580310880829,-24.0,15.264797175698027,0.06770833333333333,571.7870712084205,2692.0,0.0,57.52849740932643,58.0,9.116175317421336,0.11458333333333333,13.94818652849741,15.0,10.801591767652852,0.125
2024-01-01 01:14:24.000000,2024-01-01 01:14:30.000000,0,-25.678756476683937,-23.0,18.36097578504283,0.109375,887.3966535214381,2734.0,0.0,29.3419689119171,57.0,51.280957624182435,0.010416666666666666,14.16580310880829,15.0,15.665895531861514,0.18229166666666666
2024-01-01 01:14:26.000000,2024-01-01 01:14:32.000000,0,-24.10880829015544,-22.0,18.012541207723327,0.109375,818.1516456281852,2606.0,0.0,30.870466321243523,58.0,52.19204130231204,0.010416666666666666,13.50259067357513,14.0,15.858463944219858,0.15625
2024-01-01 01:14:28.000000,2024-01-01 01:14:34.000000,0,-21.321243523316063,-21.0,13.189737744888223,0.11979166666666667,640.7650137551788,2215.0000000000005,0.0,31.373056994818654,60.0,52.01437801506052,0.005208333333333333,11.476683937823834,12.0,13.704117590945419,0.18229166666666666
2024-01-01 01:14:30.000000,2024-01-01 01:14:36.000000,0,-23.502590673575128,-22.0,16.67243369567825,0.08333333333333333,1391.3130297041112,3677.0,0.0,51.54922279792746,60.0,25.645193505092607,0.03125,19.05181347150259,13.0,17.549258333284605,0.020833333333333332
2024-01-01 01:14:32.000000,2024-01-01 01:14:38.000000,0,-27.155440414507773,-23.0,22.07696489787261,0.046875,1816.4874530000538,3375.0,0.0,39.06217616580311,59.0,38.36524400186933,0.015625,17.487046632124354,12.0,18.771406893278467,0.03125
2024-01-01 01:14:34.000000,2024-01-01 01:14:40.000000,0,-27.66839378238342,-23.0,27.05133788301041,0.0625,1839.3940516476414,3406.0,0.0,36.4559585492228,55.0,38.95616364152069,0.020833333333333332,17.647668393782382,13.0,19.5650679159601,0.07291666666666667
2024-01-01 01:14:36.000000,2024-01-01 01:14:42.000000,0,-21.1139896373057,-11.0,25.302903759991498,0.046875,622.2359658871919,1994.0,0.0,46.63212435233161,61.0,34.6055812596435,0.020833333333333332,10.33160621761658,12.0,9.60760798850549,0.13541666666666666
2024-01-01 01:14:38.000000,2024-01-01 01:14:44.000000,0,-11.50259067357513,-7.0,18.137818556911817,0.026041666666666668,263.95276130670356,2834.0,0.0,58.50777202072539,62.0,14.457955988466061,0.057291666666666664,14.683937823834198,16.0,6.907770461307615,0.13020833333333334
2024-01-01 01:14:40.000000,2024-01-01 01:14:46.000000,0,-5.160621761658031,-6.0,4.215559426465916,0.09375,170.2157755557856,3124.0,0.0,61.979274611398964,62.0,2.6278923534024106,0.21354166666666666,16.186528497409327,17.0,3.418153874057709,0.11979166666666667
2024-01-01 01:14:42.000000,2024-01-01 01:14:48.000000,0,-4.668393782383419,-3.0,2.7733640091883194,0.046875,108.04145842064754,3360.9999999999995,0.0,61.715025906735754,62.0,0.5068613842728736,0.24479166666666666,17.414507772020727,18.0,1.0227602007922938,0.10416666666666667
2024-01-01 01:14:44.000000,2024-01-01 01:14:50.000000,0,-4.191709844559585,-3.0,2.302519833147586,0.0625,95.83490182466362,3478.0,0.0,61.55440414507772,62.0,0.528750278155384,0.140625,18.020725388601036,18.0,1.18127116040482,0.08854166666666667
2024-01-01 01:14:46.000000,2024-01-01 01:14:52.000000,0,-6.036269430051814,-6.0,3.5390280224513666,0.078125,46.0406325599387,3618.0,0.0,61.248704663212436,61.0,0.7502158584013613,0.17708333333333334,18.746113989637305,19.0,0.9589479518924309,0.15104166666666666
2024-01-01 01:14:48.000000,2024-01-01 01:14:54.000000,0,-15.062176165803109,-8.0,13.227822218955929,0.06770833333333333,595.3239968938664,4342.0,0.0,56.512953367875646,61.0,9.755398509869076,0.026041666666666668,22.497409326424872,19.0,7.849578247913763,0.057291666666666664
2024-01-01 01:14:50.000000,2024-01-01 01:14:56.000000,0,-24.310880829015545,-24.0,14.960946931069099,0.078125,908.6223222016248,5267.0,0.0,50.41450777202073,56.0,12.909710367070906,0.057291666666666664,27.29015544041451,24.0,10.15754832607484,0.11979166666666667
2024-01-01 01:14:52.000000,2024-01-01 01:14:58.000000,0,-32.476683937823836,-32.0,11.337195667938614,0.15104166666666666,567.4596226686448,6348.0,0.0,43.07772020725388,43.0,14.776782569585585,0.10416666666666667,32.89119170984456,33.0,10.917473338335396,0.18229166666666666
2024-01-01 01:14:54.000000,2024-01-01 01:15:00.000000,0,-34.854922279792746,-34.0,10.397800704915268,0.1875,572.244794983029,6535.0,0.0,42.04663212435233,43.0,14.153286630761922,0.13541666666666666,33.86010362694301,33.0,11.685376990318806,0.171875
2024-01-01 01:14:56.000000,2024-01-01 01:15:02.000000,0,-31.036269430051814,-28.0,10.46490815425675,0.13020833333333334,1080.4861773753048,5361.0,0.0,47.512953367875646,50.0,14.866457213685973,0.078125,27.77720207253886,26.0,13.694094623139417,0.08854166666666667
2024-01-01 01:14:58.000000,2024-01-01 01:15:04.000000,0,-27.11917098445596,-24.0,9.890088437883339,0.06770833333333333,1093.035708633795,3810.9999999999995,0.0,54.62176165803109,59.0,10.012333176158153,0.057291666666666664,19.746113989637305,15.0,11.9996874059746,0.078125
2024-01-01 01:15:00.000000,2024-01-01 01:15:06.000000,0,-27.191709844559586,-22.0,15.305892577110228,0.057291666666666664,651.8126664146777,1907.0,0.0,51.865284974093264,60.0,23.450801493202214,0.020833333333333332,9.880829015544041,12.0,15.929574674458625,0.057291666666666664
2024-01-01 01:15:02.000000,2024-01-01 01:15:08.000000,0,-39.44041450777202,-26.0,21.748032090910858,0.052083333333333336,1353.883599390697,292.99999999999994,-0.16580310880829016,33.25388601036269,58.0,32.874489823789496,0.020833333333333332,1.5181347150259068,10.0,18.37800238063404,0.041666666666666664
2024-01-01 01:15:04.000000,2024-01-01 01:15:10.000000,0,-39.704663212435236,-30.0,21.9072578587826,0.0625,1254.3272469743808,215.9999999999999,0.16580310880829016,34.37823834196891,53.0,34.40168574789707,0.020833333333333332,1.1191709844559585,5.0,18.836779607348507,0.07291666666666667
2024-01-01 01:15:06.000000,2024-01-01 01:15:12.000000,0,-39.538860103626945,-35.0,20.529698831462074,0.0625,1256.6476183891436,1316.0,0.0,37.82383419689119,48.0,30.456424674809835,0.03125,6.818652849740933,10.0,15.982844456658336,0.046875
2024-01-01 01:15:08.000000,2024-01-01 01:15:14.000000,0,-33.689119170984455,-28.0,18.068063899440528,0.078125,1177.818478490966,2119.0,0.0,50.27979274611399,55.0,21.583762607343413,0.07291666666666667,10.979274611398964,14.0,23.742533595941357,0.0625
2024-01-01 01:15:10.000000,2024-01-01 01:15:16.000000,0,-32.53367875647668,-29.0,27.30861729534773,0.08333333333333333,1197.2297559519084,2245.0,0.0,40.803108808290155,51.0,33.4820006165249,0.046875,11.632124352331607,14.0,24.642747499371687,0.11458333333333333
2024-01-01 01:15:12.000000,2024-01-01 01:15:18.000000,0,-30.528497409326423,-25.0,27.55071963521029,0.09895833333333333,1097.8611641767498,1965.0000000000002,0.0,45.310880829015545,57.0,34.70375723761909,0.026041666666666668,10.181347150259068,13.0,24.024147232712913,0.10416666666666667
2024-01-01 01:15:14.000000,2024-01-01 01:15:20.000000,0,-24.963730569948186,-23.0,28.241033432643647,0.11458333333333333,481.23856485754027,2967.0,0.0,40.41968911917098,58.0,44.32062426590488,0.020833333333333332,15.373056994818652,16.0,11.27107745338822,0.13541666666666666
2024-01-01 01:15:16.000000,2024-01-01 01:15:22.000000,0,-26.730569948186528,-23.0,20.212670020582816,0.10416666666666667,299.30637242323985,3261.0,0.0,49.16580310880829,59.0,36.39816661337763,0.046875,16.89637305699482,16.0,7.582850532183596,0.15625
2024-01-01 01:15:18.000000,2024-01-01 01:15:24.000000,0,-24.88082901554404,-21.0,20.804428999033366,0.11458333333333333,680.914350723431,3044.0,0.0,47.73575129533679,59.0,35.10783412959501,0.03125,15.7720207253886,17.0,15.307604474559962,0.140625
2024-01-01 01:15:20.000000,2024-01-01 01:15:26.000000,0,-24.8860103626943,-22.0,15.427162906836074,0.13541666666666666,740.9950731656814,2398.0,0.0,59.347150259067355,60.0,12.162044127428297,0.11979166666666667,12.424870466321243,14.0,15.091243429165864,0.13541666666666666
2024-01-01 01:15:22.000000,2024-01-01 01:15:28.000000,0,-25.865284974093264,-24.0,14.38287780685453,0.11979166666666667,692.6300189092613,1529.0,0.0,57.92746113989637,59.0,9.590844281993675,0.13541666666666666,7.922279792746114,7.0,15.275905966875044,0.08854166666666667
2024-01-01 01:15:24.000000,2024-01-01 01:15:30.000000,0,-25.88082901554404,-25.0,7.1771697747664005,0.13541666666666666,438.76434317702945,1192.0,0.0,58.84455958549223,60.0,6.901591297319277,0.13020833333333334,6.176165803108808,5.0,6.532774089596207,0.11979166666666667
2024-01-01 01:15:26.000000,2024-01-01 01:15:32.000000,0,-25.23316062176166,-24.0,3.859854657791481,0.078125,206.828893043713,947.0,0.0,59.40414507772021,60.0,2.644251512654597,0.13020833333333334,4.9067357512953365,6.0,3.277385616109883,0.07291666666666667
2024-01-01 01:15:28.000000,2024-01-01 01:15:34.000000,0,-23.60621761658031,-23.0,1.732159867495785,0.16145833333333334,62.48933307515466,1146.0,0.0,59.9119170984456,60.0,1.3910101819989882,0.08333333333333333,5.937823834196891,6.0,1.3015493291857894,0.13020833333333334
2024-01-01 01:15:30.000000,2024-01-01 01:15:36.000000,0,-23.689119170984455,-23.0,1.872702968331954,0.14583333333333334,23.044342158911405,1151.0,0.0,59.89637305699482,60.0,0.6611521711655799,0.07291666666666667,5.963730569948186,6.0,0.5141037609562501,0.078125
2024-01-01 01:15:32.000000,2024-01-01 01:15:38.000000,0,-25.10880829015544,-24.0,2.771426965770084,0.0625,50.607060127258826,1099.0,0.0,59.373056994818654,60.0,1.0683415310391182,0.09375,5.694300518134715,6.0,0.862903681406648,0.09895833333333333
2024-01-01 01:15:34.000000,2024-01-01 01:15:40.000000,0,-24.637305699481864,-24.0,3.4855441042878925,0.07291666666666667,118.32973971374999,1088.0,0.0,59.49222797927461,60.0,1.4293033376747155,0.14583333333333334,5.637305699481865,6.0,1.7978740323697402,0.140625
2024-01-01 01:15:36.000000,2024-01-01 01:15:42.000000,0,-23.699481865284973,-24.0,5.405711653440106,0.10416666666666667,312.9427919312902,1215.0,0.0,59.80829015544042,59.0,5.483833596615722,0.140625,6.295336787564767,6.0,4.119419080144478,0.09895833333333333
2024-01-01 01:15:38.000000,2024-01-01 01:15:44.000000,0,-19.476683937823836,-21.0,10.308305984971183,0.125,518.139670871185,1829.0,0.0,60.61658031088083,60.0,6.536606433118437,0.16145833333333334,9.476683937823834,7.0,7.734576412434797,0.08854166666666667
2024-01-01 01:15:40.000000,2024-01-01 01:15:46.000000,0,-18.471502590673577,-20.0,10.489601315173772,0.11979166666666667,616.2164373804201,2364.0,0.0,60.943005181347154,61.0,7.6513795927171175,0.13541666666666666,12.248704663212436,11.0,8.125340433946766,0.078125
2024-01-01 01:15:42.000000,2024-01-01 01:15:48.000000,0,-17.502590673575128,-18.0,9.423554460505915,0.109375,418.02297808019483,2681.0,0.0,60.89637305699482,61.0,5.571470978126304,0.15625,13.89119170984456,13.0,6.732506276263761,0.09375
2024-01-01 01:15:44.000000,2024-01-01 01:15:50.000000,0,-19.0,-19.0,3.2451887464367926,0.109375,210.9169178511094,2579.0000000000005,0.0,60.66839378238342,60.0,4.165068778238992,0.171875,13.362694300518134,13.0,3.8639704583415337,0.09375
2024-01-01 01:15:46.000000,2024-01-01 01:15:52.000000,0,-19.072538860103627,-19.0,1.2268363276265133,0.09375,59.54563809109301,2502.0000000000005,0.0,60.32642487046632,60.0,0.8552388590592125,0.19270833333333334,12.963730569948186,13.0,1.1786868443438923,0.19791666666666666
2024-01-01 01:15:48.000000,2024-01-01 01:15:54.000000,0,-19.207253886010363,-19.0,0.7763088563287852,0.109375,48.94451980827531,2491.0,0.0,60.21243523316062,60.0,0.5218664192928031,0.23958333333333334,12.906735751295336,13.0,0.7981790588691676,0.20833333333333334
2024-01-01 01:15:50.000000,2024-01-01 01:15:56.000000,0,-19.04663212435233,-19.0,2.2668125461032247,0.11458333333333333,143.2300458041318,2436.0,0.0,60.25388601036269,60.0,2.3077762401148623,0.25,12.621761658031089,13.0,2.7626495067351384,0.171875
2024-01-01 01:15:52.000000,2024-01-01 01:15:58.000000,0,-13.901554404145077,-19.0,8.432059830664755,0.026041666666666668,205.60450630345704,2479.0,0.0,61.16580310880829,61.0,3.5624592837718074,0.078125,12.844559585492227,13.0,4.141593385228262,0.13541666666666666
2024-01-01 01:15:54.000000,2024-01-01 01:16:00.000000,0,-8.7720207253886,-5.0,8.41686331615892,0.046875,352.86114595483787,2825.0000000000005,0.0,61.59585492227979,62.0,3.5033292825791,0.109375,14.637305699481866,17.0,4.89079247528143,0.057291666666666664
2024-01-01 01:15:56.000000,2024-01-01 01:16:02.000000,0,-4.119170984455959,-4.0,4.033879353982593,0.19791666666666666,282.507714852092,3221.0,0.0,61.994818652849744,62.0,2.5546065608002166,0.1875,16.689119170984455,18.0,3.974755725106392,0.057291666666666664
2024-01-01 01:15:58.000000,2024-01-01 01:16:04.000000,0,-4.233160621761658,-4.0,1.2385050044070387,0.17708333333333334,46.83913829257643,3520.0000000000005,0.0,61.56476683937824,62.0,0.5275751057697663,0.203125,18.238341968911918,18.0,0.7672878012507363,0.13541666666666666
2024-01-01 01:16:00.000000,2024-01-01 01:16:06.000000,0,-4.2642487046632125,-4.0,1.1445598591411335,0.13541666666666666,31.444429919204058,3503.0,0.0,61.67875647668394,62.0,0.4791643200363048,0.23958333333333334,18.150259067357513,18.0,0.5802410016833893,0.109375
2024-01-01 01:16:02.000000,2024-01-01 01:16:08.000000,0,-3.7875647668393784,-4.0,0.7227340863592169,0.2916666666666667,12.748273069496287,3476.0,0.0,61.81347150259067,62.0,0.39054565256286017,0.16145833333333334,18.010362694300518,18.0,0.3060098940683169,0.057291666666666664
2024-01-01 01:16:04.000000,2024-01-01 01:16:10.000000,0,-3.518134715025907,-3.0,0.5505041652194894,0.4270833333333333,3.9004479099010814,3469.9999999999995,0.0,61.92227979274612,62.0,0.2684271014787628,0.109375,17.979274611398964,18.0,0.14283400997012285,0.041666666666666664
2024-01-01 01:16:06.000000,2024-01-01 01:16:12.000000,0,-3.284974093264249,-3.0,0.674407243091056,0.4739583333333333,59.91000230868453,3403.0000000000005,0.0,61.97409326424871,62.0,0.1592702486022105,0.041666666666666664,17.632124352331605,18.0,0.6327882619454619,0.057291666666666664
2024-01-01 01:16:08.000000,2024-01-01 01:16:14.000000,0,-3.051813471502591,-3.0,0.7051959881427114,0.3541666666666667,91.26945258165529,3318.0,0.0,61.994818652849744,62.0,0.07198157507486924,0.010416666666666666,17.191709844559586,17.0,0.7496760958605145,0.036458333333333336
2024-01-01 01:16:10.000000,2024-01-01 01:16:16.000000,0,-6.186528497409326,-3.0,8.303263971078024,0.015625,177.54165307966628,3162.0,0.0,61.61658031088083,62.0,3.364665460559983,0.026041666666666668,16.383419689119172,17.0,4.163098645018154,0.09375
2024-01-01 01:16:12.000000,2024-01-01 01:16:18.000000,0,-9.906735751295336,-4.0,9.445656310884418,0.057291666666666664,482.9046354221083,3369.0,0.0,60.95854922279793,62.0,4.816242264561648,0.06770833333333333,17.4559585492228,17.0,6.526339121713352,0.036458333333333336
2024-01-01 01:16:14.000000,2024-01-01 01:16:20.000000,0,-11.103626943005182,-9.0,9.018478559422887,0.08333333333333333,773.4212113396871,3284.0,0.0,61.10880829015544,62.0,5.659024423573166,0.140625,17.015544041450777,16.0,8.28809178627298,0.052083333333333336
2024-01-01 01:16:16.000000,2024-01-01 01:16:22.000000,0,-18.564766839378237,-12.0,18.864296139150312,0.057291666666666664,1263.6869148708895,2542.0,0.0,57.78238341968912,61.0,12.848244875198207,0.09375,13.17098445595855,14.0,15.052920105856494,0.09895833333333333
2024-01-01 01:16:18.000000,2024-01-01 01:16:24.000000,0,-29.917098445595855,-28.0,24.897150269400978,0.07291666666666667,1431.9079022242963,1224.0,-0.6632124352331606,49.181347150259064,57.0,20.879696683438695,0.10416666666666667,6.341968911917099,10.0,23.439575469417715,0.078125
2024-01-01 01:16:20.000000,2024-01-01 01:16:26.000000,0,-45.26943005181347,-47.0,23.166965260063026,0.203125,1641.5511825014007,254.00000000000003,-0.6632124352331606,41.23834196891192,44.0,21.744855266705006,0.13020833333333334,1.3160621761658031,3.0,26.93991387166597,0.14583333333333334
2024-01-01 01:16:22.000000,2024-01-01 01:16:28.000000,0,-48.751295336787564,-51.0,19.69957462740918,0.1875,1506.0356577951572,602.0000000000001,-0.6632124352331606,12.911917098445596,24.0,38.78140545836915,0.06770833333333333,3.1191709844559585,5.0,26.571665974162908,0.16666666666666666
2024-01-01 01:16:24.000000,2024-01-01 01:16:30.000000,0,-53.04145077720207,-56.0,18.407662070026248,0.16145833333333334,1081.5712795797672,1596.0,0.0,-0.10880829015544041,-1.0,34.0650966155477,0.0625,8.26943005181347,10.0,20.940390302657526,0.16145833333333334
2024-01-01 01:16:26.000000,2024-01-01 01:16:32.000000,0,-56.90673575129534,-63.0,13.99298954750857,0.07291666666666667,685.3589335899832,2225.0,0.0,-12.321243523316062,-1.0,19.30728528592931,0.052083333333333336,11.528497409326425,10.0,12.62068681773284,0.11458333333333333
2024-01-01 01:16:28.000000,2024-01-01 01:16:34.000000,0,-51.50777202072539,-62.0,18.523104708203977,0.0625,557.4984541311198,2647.0,0.0,16.357512953367877,2.0,29.122257704072048,0.005208333333333333,13.715025906735752,10.0,9.407257400337253,0.06770833333333333
2024-01-01 01:16:30.000000,2024-01-01 01:16:36.000000,0,-36.78238341968912,-29.0,21.736928555794698,0.036458333333333336,706.9990448250039,2788.0,0.0,38.129533678756474,52.0,29.051118887842836,0.005208333333333333,14.44559585492228,11.0,8.902152933793566,0.052083333333333336
2024-01-01 01:16:32.000000,2024-01-01 01:16:38.000000,0,-23.989637305699482,-21.0,14.457549079584728,0.07291666666666667,1056.8302730518078,2842.0,0.0,56.72020725388601,58.0,15.496453087405373,0.13541666666666666,14.72538860103627,15.0,12.259019977622371,0.08333333333333333
2024-01-01 01:16:34.000000,2024-01-01 01:16:40.000000,0,-24.637305699481864,-23.0,14.91060364426167,0.109375,994.9661056473265,2969.0,0.0,57.310880829015545,56.0,9.016578235354364,0.11458333333333333,15.38341968911917,18.0,14.255047889367196,0.06770833333333333
2024-01-01 01:16:36.000000,2024-01-01 01:16:42.000000,0,-27.569948186528496,-27.0,16.947422631523295,0.14583333333333334,1051.2479920154833,3266.0,0.0,54.61658031088083,54.0,9.67643910028298,0.140625,16.922279792746114,19.0,14.789818111642717,0.09375
2024-01-01 01:16:38.000000,2024-01-01 01:16:44.000000,0,-20.181347150259068,-21.0,18.335225212481042,0.06770833333333333,681.0378484137469,4041.0000000000005,0.0,55.09326424870466,56.0,8.133752095026662,0.109375,20.93782383419689,23.0,11.54773920108624,0.09895833333333333
2024-01-01 01:16:40.000000,2024-01-01 01:16:46.000000,0,-11.186528497409327,-5.0,15.125737753028865,0.046875,312.7737958193823,4552.0,0.0,56.968911917098445,59.0,7.846115503700486,0.046875,23.585492227979273,24.0,7.396803708020881,0.15625
2024-01-01 01:16:42.000000,2024-01-01 01:16:48.000000,0,-3.6632124352331608,-4.0,2.5363080208269837,0.125,143.25688187082926,4565.000000000001,0.0,59.637305699481864,60.0,2.63254016169481,0.203125,23.65284974093264,24.0,2.9045052402855496,0.09375
2024-01-01 01:16:44.000000,2024-01-01 01:16:50.000000,0,-3.5492227979274613,-4.0,1.1765556710064975,0.057291666666666664,136.62765626542821,4544.0,0.0,59.75647668393783,60.0,0.5281374709823297,0.11979166666666667,23.5440414507772,24.0,1.1678765623727336,0.026041666666666668
2024-01-01 01:16:46.000000,2024-01-01 01:16:52.000000,0,-2.2797927461139897,-2.0,1.5891743003277228,0.140625,236.93764670126336,4171.0,0.0,60.512953367875646,60.0,0.9580188340297828,0.057291666666666664,21.61139896373057,22.0,2.367152520126363,0.026041666666666668
2024-01-01 01:16:48.000000,2024-01-01 01:16:54.000000,0,-1.4922279792746114,-2.0,1.132471352583108,0.171875,203.52265319783956,3854.0000000000005,0.0,61.05181347150259,61.0,0.8704700157726522,0.15625,19.968911917098445,19.0,1.9173189173276979,0.015625
2024-01-01 01:16:50.000000,2024-01-01 01:16:56.000000,0,-1.8601036269430051,-2.0,1.763671002730439,0.19791666666666666,72.11608356608144,3690.0,0.0,61.373056994818654,61.0,0.6338535269363668,0.20833333333333334,19.11917098445596,19.0,1.1731791462320267,0.057291666666666664
2024-01-01 01:16:52.000000,2024-01-01 01:16:58.000000,0,-2.4974093264248705,-2.0,1.4617496377472528,0.17708333333333334,71.62672974596745,3671.0,0.0,61.33160621761658,61.0,0.5626259214266074,0.21354166666666666,19.020725388601036,19.0,0.8836391916788265,0.0625
2024-01-01 01:16:54.000000,2024-01-01 01:17:00.000000,0,-4.274611398963731,-3.0,6.310724005881659,0.078125,343.22593754377004,3292.0,0.0,62.181347150259064,62.0,2.5027618595731442,0.052083333333333336,17.05699481865285,19.0,4.621267106741183,0.109375
2024-01-01 01:16:56.000000,2024-01-01 01:17:02.000000,0,-18.150259067357513,-3.0,22.031303780909134,0.03125,902.4447777832615,3809.0,0.0,38.373056994818654,61.0,38.34323739105688,0.005208333333333333,19.735751295336787,18.0,10.647163970019927,0.036458333333333336
2024-01-01 01:16:58.000000,2024-01-01 01:17:04.000000,0,-23.844559585492227,-18.0,20.37632112122384,0.052083333333333336,1702.1336993887296,4663.0,0.0,2.062176165803109,-16.0,50.2102482632411,0.015625,24.16062176165803,19.0,16.352245756411122,0.07291666666666667
2024-01-01 01:17:00.000000,2024-01-01 01:17:06.000000,0,-35.20725388601036,-33.0,20.46996145836824,0.07291666666666667,1834.02374514726,4495.000000000001,0.0,-32.04145077720207,-38.0,28.081324272268272,0.052083333333333336,23.29015544041451,22.0,17.53712599021133,0.10416666666666667
2024-01-01 01:17:02.000000,2024-01-01 01:17:08.000000,0,-39.0,-41.0,22.105099336276837,0.06770833333333333,1267.8941716459233,4126.0,0.0,-33.0880829015544,-33.0,22.041804811004578,0.03125,21.378238341968913,23.0,16.382693580841046,0.06770833333333333
2024-01-01 01:17:04.000000,2024-01-01 01:17:10.000000,0,-45.43523316062176,-54.0,23.374157785017513,0.09895833333333333,1313.9106789826287,3023.0,0.0,-20.259067357512954,-17.0,32.76153157605702,0.036458333333333336,15.663212435233161,18.0,20.44238713335222,0.109375
2024-01-01 01:17:06.000000,2024-01-01 01:17:12.000000,0,-43.461139896373055,-53.0,22.42672774712952,0.09375,1019.9365468930547,3627.0,0.0,7.072538860103627,-11.0,41.876615917575265,0.026041666666666668,18.792746113989637,22.0,21.14751140852625,0.17708333333333334
2024-01-01 01:17:08.000000,2024-01-01 01:17:14.000000,0,-42.36787564766839,-47.0,21.81705191628303,0.14583333333333334,1072.2251911082672,2838.0000000000005,0.0,23.04663212435233,32.0,40.27862467594736,0.03125,14.704663212435234,16.0,21.8339097176355,0.14583333333333334
2024-01-01 01:17:10.000000,2024-01-01 01:17:16.000000,0,-45.766839378238345,-50.0,16.02090232516908,0.15625,1592.185207547381,933.9999999999999,0.16580310880829016,37.07253886010363,35.0,21.90521537689409,0.08333333333333333,4.839378238341969,7.0,20.155905452531748,0.171875
2024-01-01 01:17:12.000000,2024-01-01 01:17:18.000000,0,-44.067357512953365,-50.0,18.823207688074685,0.15104166666666666,2308.2094767087083,1179.0,0.16580310880829016,38.09326424870466,36.0,13.762555109548176,0.11458333333333333,6.108808290155441,5.0,23.542815055976856,0.11458333333333333
2024-01-01 01:17:14.000000,2024-01-01 01:17:20.000000,0,-41.64248704663213,-47.0,18.574502517762976,0.15625,2520.116546694405,716.0,-0.16580310880829016,39.715025906735754,39.0,15.238952013273979,0.14583333333333334,3.709844559585492,0.0,25.37877140439516,0.09375
2024-01-01 01:17:16.000000,2024-01-01 01:17:22.000000,0,-42.26424870466321,-47.0,18.04905400857593,0.09895833333333333,2998.783140641922,123.99999999999997,0.16580310880829016,37.07253886010363,37.0,16.791457472222326,0.10416666666666667,0.6424870466321243,-4.0,27.522749265211807,0.052083333333333336
2024-01-01 01:17:18.000000,2024-01-01 01:17:24.000000,0,-48.49740932642487,-49.0,10.226662635978602,0.234375,1983.2721951429457,3745.0000000000005,0.0,29.689119170984455,29.0,14.013265134897463,0.078125,-19.40414507772021,-28.0,22.689534652099915,0.078125
2024-01-01 01:17:20.000000,2024-01-01 01:17:26.000000,0,-49.80829015544042,-50.0,7.666182073368596,0.20833333333333334,887.5752975590658,6361.0,0.0,18.22279792746114,19.0,13.119129577865635,0.09895833333333333,-32.95854922279793,-34.0,11.91324289258039,0.1875
2024-01-01 01:17:22.000000,2024-01-01 01:17:28.000000,0,-49.751295336787564,-50.0,8.277121510577429,0.16666666666666666,700.011678719889,7405.0,0.0,12.176165803108809,12.0,10.549489117442265,0.11979166666666667,-38.36787564766839,-38.0,8.214215583433553,0.1875
2024-01-01 01:17:24.000000,2024-01-01 01:17:30.000000,0,-50.119170984455955,-50.0,8.526386454754464,0.14583333333333334,973.1794308275165,7588.0,0.0,5.233160621761658,4.0,7.5768657534590975,0.125,-39.3160621761658,-38.0,9.561674857442462,0.14583333333333334
2024-01-01 01:17:26.000000,2024-01-01 01:17:32.000000,0,-49.66839378238342,-49.0,8.945080468845868,0.14583333333333334,1048.24390039764,7721.999999999999,0.0,5.772020725388601,5.0,7.697391641517376,0.140625,-40.01036269430052,-39.0,9.63337819192214,0.16145833333333334
2024-01-01 01:17:28.000000,2024-01-01 01:17:34.000000,0,-46.59585492227979,-46.0,8.235617730049727,0.13541666666666666,1070.8681567840144,8102.0,0.0,8.466321243523316,7.0,9.427914858746085,0.11458333333333333,-41.979274611398964,-42.0,10.25962888645284,0.15104166666666666
2024-01-01 01:17:30.000000,2024-01-01 01:17:36.000000,0,-45.36787564766839,-45.0,8.739541615618212,0.15625,1002.6397863190892,8291.0,0.0,10.854922279792746,11.0,8.938428804836812,0.09375,-42.95854922279793,-43.0,10.590303247985075,0.1875
2024-01-01 01:17:32.000000,2024-01-01 01:17:38.000000,0,-46.07253886010363,-45.0,9.754001437433296,0.13020833333333334,1248.7346086913014,7254.0,0.0,10.321243523316062,9.0,17.103862091515936,0.057291666666666664,-37.58549222797927,-41.0,17.059460867653215,0.13020833333333334
2024-01-01 01:17:34.000000,2024-01-01 01:17:40.000000,0,-38.6580310880829,-42.0,17.812014620844977,0.10416666666666667,2849.9419267675817,3780.0,0.0,26.984455958549223,14.0,33.10801084517691,0.015625,-19.585492227979273,-22.0,25.447130586669132,0.046875
2024-01-01 01:17:36.000000,2024-01-01 01:17:42.000000,0,-27.699481865284973,-21.0,20.298369437308793,0.026041666666666668,1779.4189783431186,651.0,0.16580310880829016,44.818652849740936,58.0,33.9704722309302,0.036458333333333336,-3.373056994818653,2.0,19.670877889923368,0.057291666666666664
2024-01-01 01:17:38.000000,2024-01-01 01:17:44.000000,0,-17.430051813471504,-17.0,11.285893134859462,0.13020833333333334,678.0047478047408,1565.0000000000002,0.0,64.30051813471502,63.0,14.490400908192228,0.15625,8.10880829015544,8.0,9.845344454441276,0.10416666666666667
2024-01-01 01:17:40.000000,2024-01-01 01:17:46.000000,0,-18.264248704663213,-18.0,11.407582300287112,0.1875,779.3394961428827,1492.0,0.0,64.27979274611398,63.0,13.800832400867058,0.18229166666666666,7.730569948186528,7.0,12.285660178746355,0.16145833333333334
2024-01-01 01:17:42.000000,2024-01-01 01:17:48.000000,0,-21.16062176165803,-21.0,10.10415053058555,0.21354166666666666,883.3623981401205,1950.0,0.0,65.40932642487047,64.0,12.494303537936801,0.171875,10.103626943005182,11.0,13.494969637860258,0.16145833333333334
2024-01-01 01:17:44.000000,2024-01-01 01:17:50.000000,0,-18.854922279792746,-19.0,14.461143667283137,0.19270833333333334,899.2121391550456,2133.0,0.0,65.74611398963731,64.0,14.050978536781885,0.171875,11.05181347150259,12.0,13.341172538987195,0.17708333333333334
2024-01-01 01:17:46.000000,2024-01-01 01:17:52.000000,0,-17.849740932642487,-18.0,12.44375732191452,0.21354166666666666,995.3821949357189,2498.0,0.0,63.6580310880829,62.0,15.630737288641523,0.13020833333333334,12.94300518134715,13.0,11.373940668849764,0.171875
2024-01-01 01:17:48.000000,2024-01-01 01:17:54.000000,0,-22.82901554404145,-19.0,21.49265348237157,0.16145833333333334,641.1811206965042,1887.0000000000002,0.0,57.96373056994819,56.0,19.7764519739267,0.14583333333333334,9.77720207253886,12.0,15.280267042196254,0.1875
2024-01-01 01:17:50.000000,2024-01-01 01:17:56.000000,0,-29.383419689119172,-24.0,20.30671416867219,0.15625,983.3853411159138,1009.9999999999999,0.0,55.512953367875646,55.0,19.712281706752158,0.13541666666666666,5.233160621761658,7.0,14.788528030625898,0.125
2024-01-01 01:17:52.000000,2024-01-01 01:17:58.000000,0,-29.16580310880829,-23.0,20.223065201609096,0.140625,647.6532852713901,680.0000000000001,0.0,56.2279792746114,58.0,19.78398564705559,0.125,3.523316062176166,3.0,13.484587088467318,0.09895833333333333
2024-01-01 01:17:54.000000,2024-01-01 01:18:00.000000,0,-23.015544041450777,-21.0,14.165126148079976,0.203125,750.5766721281828,1493.0,0.0,59.92227979274612,60.0,16.862160886893328,0.125,7.7357512953367875,9.0,10.182584017387592,0.08333333333333333
2024-01-01 01:17:56.000000,2024-01-01 01:18:02.000000,0,-18.647668393782382,-19.0,8.813472597268227,0.22395833333333334,603.552070263735,2504.0,0.0,62.04145077720207,62.0,15.743991643934622,0.11458333333333333,12.974093264248705,12.0,8.215480327533493,0.125
2024-01-01 01:17:58.000000,2024-01-01 01:18:04.000000,0,-19.134715025906736,-19.0,12.33442367280457,0.19270833333333334,668.4333034630744,3047.0,0.0,63.73056994818653,63.0,17.15614407030225,0.125,15.787564766839377,15.0,8.729825001658707,0.19270833333333334
2024-01-01 01:18:00.000000,2024-01-01 01:18:06.000000,0,-26.139896373056995,-23.0,20.32845178739736,0.15625,729.521586588035,2499.0,0.0,57.704663212435236,59.0,26.45181997943667,0.11458333333333333,12.94818652849741,14.0,14.457819731262823,0.140625
2024-01-01 01:18:02.000000,2024-01-01 01:18:08.000000,0,-27.253886010362695,-24.0,19.9484439119389,0.16666666666666666,883.0225647077755,2221.0,0.0,57.48186528497409,59.0,25.625730327854544,0.11979166666666667,11.507772020725389,12.0,15.410399346904944,0.13020833333333334
2024-01-01 01:18:04.000000,2024-01-01 01:18:10.000000,0,-26.16580310880829,-22.0,18.76259220226598,0.15625,1060.50984879111,2120.0,0.0,57.30569948186528,60.0,24.525599267501146,0.109375,10.984455958549223,12.0,15.354992634026857,0.11458333333333333
2024-01-01 01:18:06.000000,2024-01-01 01:18:12.000000,0,-16.22279792746114,-16.0,13.019100489184941,0.15104166666666666,1008.90238370583,1454.0,0.0,64.84455958549223,63.0,14.000248656192978,0.13541666666666666,7.533678756476684,6.0,13.608750074263439,0.10416666666666667
2024-01-01 01:18:08.000000,2024-01-01 01:18:14.000000,0,-14.316062176165802,-15.0,11.831217579470874,0.18229166666666666,977.9156953356347,1548.0,0.0,65.15025906735751,63.0,14.058405420010043,0.140625,8.020725388601036,8.0,12.946990701358777,0.09895833333333333
2024-01-01 01:18:10.000000,2024-01-01 01:18:16.000000,0,-14.569948186528498,-15.0,13.889689240037061,0.19270833333333334,851.152888056933,1424.0,0.0,65.32642487046633,63.0,14.961136326252475,0.15625,7.3782383419689115,7.0,13.416677394089188,0.109375
2024-01-01 01:18:12.000000,2024-01-01 01:18:18.000000,0,-17.689119170984455,-17.0,10.557221844513172,0.17708333333333334,896.5700864208424,2378.0,0.0,65.22279792746114,62.0,15.981014075484351,0.125,12.321243523316062,12.0,10.984383541142819,0.15625
2024-01-01 01:18:14.000000,2024-01-01 01:18:20.000000,0,-18.10362694300518,-17.0,10.354630471119524,0.171875,767.0753401177654,2378.0,0.0,64.65803108808291,62.0,15.645058799927705,0.140625,12.321243523316062,13.0,11.333046006212504,0.15104166666666666
2024-01-01 01:18:16.000000,2024-01-01 01:18:22.000000,0,-18.300518134715027,-17.0,7.031391646049747,0.16145833333333334,823.8989678971503,2455.9999999999995,0.0,62.98963730569948,61.0,14.524759621255962,0.140625,12.72538860103627,13.0,9.552608063337699,0.11979166666666667
2024-01-01 01:18:18.000000,2024-01-01 01:18:24.000000,0,-18.38860103626943,-18.0,6.4549137138726,0.19270833333333334,900.7929856478887,2549.0,0.0,62.917098445595855,61.0,13.827560336894798,0.15104166666666666,13.207253886010363,13.0,9.5043054510617,0.09895833333333333
2024-01-01 01:18:20.000000,2024-01-01 01:18:26.000000,0,-18.7720207253886,-19.0,7.280098768760047,0.24479166666666666,931.171399575585,2611.0,0.0,63.45077720207254,62.0,14.27734627234034,0.15625,13.528497409326425,14.0,11.289766121786077,0.11458333333333333
2024-01-01 01:18:22.000000,2024-01-01 01:18:28.000000,0,-18.414507772020727,-19.0,7.630407706122793,0.25,731.5750048737553,2381.0,0.0,63.005181347150256,62.0,14.921146002027363,0.15104166666666666,12.336787564766839,12.0,11.091266461042423,0.11979166666666667
2024-01-01 01:18:24.000000,2024-01-01 01:18:30.000000,0,-18.559585492227978,-19.0,7.78606018218597,0.234375,631.0375650189042,2248.0,0.0,62.49222797927461,63.0,15.510453185870748,0.125,11.647668393782384,12.0,10.555912998068802,0.11979166666666667
2024-01-01 01:18:26.000000,2024-01-01 01:18:32.000000,0,-19.683937823834196,-20.0,7.52624581577345,0.17708333333333334,762.9068693910871,1723.0,0.0,62.295336787564764,62.0,15.6787684536932,0.125,8.927461139896373,10.0,10.09356861445862,0.078125
2024-01-01 01:18:28.000000,2024-01-01 01:18:34.000000,7,-20.150259067357513,-20.0,8.303062464338158,0.171875,742.939473345424,1434.0,0.0,62.12435233160622,62.0,16.131138292917086,0.125,7.430051813471502,7.0,10.36804628902997,0.09895833333333333
2024-01-01 01:18:30.000000,2024-01-01 01:18:36.000000,7,-20.689119170984455,-21.0,12.161959809487914,0.16145833333333334,629.8357173271199,1284.0,0.0,61.18652849740933,61.0,16.052207301180392,0.125,6.652849740932642,6.0,10.923917979561171,0.140625
2024-01-01 01:18:32.000000,2024-01-01 01:18:38.000000,7,-20.264248704663213,-20.0,14.564426431245318,0.16145833333333334,462.6791815750255,1764.0,0.0,60.92227979274612,61.0,17.547826639657544,0.11979166666666667,9.139896373056995,8.0,10.279232400291646,0.13541666666666666
2024-01-01 01:18:34.000000,2024-01-01 01:18:40.000000,7,-23.54922279792746,-22.0,14.962067033456446,0.15104166666666666,583.8117523114918,1506.0,0.0,60.5699481865285,61.0,17.258950832871275,0.125,7.803108808290156,8.0,10.64300389700393,0.125
2024-01-01 01:18:36.000000,2024-01-01 01:18:42.000000,7,-23.33678756476684,-23.0,11.991557101137644,0.16145833333333334,646.3920743346561,1698.0000000000002,0.0,61.196891191709845,60.0,16.495662014147054,0.125,8.797927461139896,8.0,10.23502950731184,0.09895833333333333
2024-01-01 01:18:38.000000,2024-01-01 01:18:44.000000,7,-22.34715025906736,-22.0,9.112074444979376,0.13020833333333334,654.294242967798,1906.0,0.0,61.979274611398964,60.0,15.619151755278011,0.125,9.875647668393782,9.0,10.866858912547633,0.052083333333333336
2024-01-01 01:18:40.000000,2024-01-01 01:18:46.000000,7,-18.569948186528496,-19.0,6.55636844486347,0.16145833333333334,902.3372844276848,2681.0,0.0,64.10880829015544,64.0,15.661576360419922,0.11979166666666667,13.89119170984456,15.0,9.628710060366219,0.109375
2024-01-01 01:18:42.000000,2024-01-01 01:18:48.000000,7,-18.38860103626943,-18.0,6.547047252021881,0.18229166666666666,816.0467516397042,2603.0,0.0,64.17098445595855,62.0,15.207481285427649,0.13020833333333334,13.487046632124352,14.0,9.86635106914857,0.09895833333333333
2024-01-01 01:18:44.000000,2024-01-01 01:18:50.000000,7,-18.191709844559586,-18.0,6.168597699804876,0.17708333333333334,725.1951407839589,2558.0,0.0,64.00518134715026,61.0,14.40431699227065,0.125,13.253886010362693,14.0,9.555364872212122,0.08854166666666667
2024-01-01 01:18:46.000000,2024-01-01 01:18:52.000000,7,-17.968911917098445,-18.0,6.745296768668473,0.19791666666666666,1042.9153975003762,2505.0,0.0,64.21243523316062,62.0,13.856460992123933,0.13020833333333334,12.979274611398964,12.0,10.071597103789989,0.078125
2024-01-01 01:18:48.000000,2024-01-01 01:18:54.000000,7,-18.295336787564768,-18.0,6.922248928240377,0.171875,909.3134843480289,2732.0,0.0,64.15025906735751,62.0,13.949059572364288,0.125,14.155440414507773,14.0,9.60016731287706,0.07291666666666667
2024-01-01 01:18:50.000000,2024-01-01 01:18:56.000000,7,-18.310880829015545,-18.0,7.125857824917126,0.16666666666666666,655.9009835136927,2665.0,0.0,63.39378238341969,62.0,13.88083070784657,0.11458333333333333,13.808290155440414,13.0,9.115550682690797,0.109375
2024-01-01 01:18:52.000000,2024-01-01 01:18:58.000000,7,-18.435233160621763,-18.0,6.769816749777008,0.17708333333333334,827.119909033719,2604.0,0.0,63.067357512953365,60.0,15.419164947181601,0.11458333333333333,13.492227979274611,14.0,8.853035714624752,0.109375
2024-01-01 01:18:54.000000,2024-01-01 01:19:00.000000,7,-20.186528497409327,-19.0,8.959191327350315,0.15625,772.286928916581,2298.0,0.0,63.03626943005181,62.0,16.41530442433816,0.140625,11.906735751295336,12.0,8.823005335108363,0.109375
2024-01-01 01:18:56.000000,2024-01-01 01:19:02.000000,7,-20.865284974093264,-21.0,8.686824736744057,0.16145833333333334,615.705645127798,2265.0,0.0,63.41968911917098,62.0,16.17144557503079,0.140625,11.735751295336788,12.0,8.940638527038047,0.10416666666666667
2024-01-01 01:18:58.000000,2024-01-01 01:19:04.000000,7,-20.93782383419689,-21.0,8.223839167706528,0.16666666666666666,721.4832410643785,2293.0,0.0,62.43523316062176,61.0,14.315900326521366,0.140625,11.880829015544041,12.0,8.702926671096742,0.13020833333333334
2024-01-01 01:19:00.000000,2024-01-01 01:19:06.000000,7,-19.036269430051814,-19.0,5.608190677663284,0.171875,796.6642387839764,2495.0,0.0,62.72538860103627,60.0,13.698472693883716,0.125,12.927461139896373,13.0,8.52171993837614,0.09895833333333333
2024-01-01 01:19:02.000000,2024-01-01 01:19:08.000000,7,-18.818652849740932,-18.0,5.4993621077722,0.234375,744.0577549934303,2449.0,0.0,63.09326424870466,61.0,14.257366744132103,0.13020833333333334,12.689119170984457,13.0,8.401186408732165,0.078125
2024-01-01 01:19:04.000000,2024-01-01 01:19:10.000000,7,-19.295336787564768,-19.0,5.32103030980452,0.18229166666666666,729.6435226455176,2356.0,0.0,63.30569948186528,63.0,15.50990337698417,0.125,12.207253886010363,12.0,7.8068178818526635,0.08333333333333333
2024-01-01 01:19:06.000000,2024-01-01 01:19:12.000000,7,-20.031088082901555,-20.0,5.590083049240801,0.18229166666666666,741.7492999427708,2218.0,0.0,62.23834196891192,63.0,15.836573616261875,0.11458333333333333,11.492227979274611,12.0,7.692067864435939,0.078125
2024-01-01 01:19:08.000000,2024-01-01 01:19:14.000000,7,-20.23316062176166,-20.0,5.006510226289495,0.17708333333333334,551.7239173862622,2285.0,0.0,61.7720207253886,63.0,16.067236479335875,0.11458333333333333,11.839378238341968,12.0,7.18578629040685,0.08854166666666667
2024-01-01 01:19:10.000000,2024-01-01 01:19:16.000000,7,-20.05181347150259,-19.0,4.7835884070809485,0.171875,520.785390089642,2365.0000000000005,0.0,61.38860103626943,62.0,14.671019995903725,0.125,12.253886010362693,13.0,7.083784146987068,0.10416666666666667
2024-01-01 01:19:12.000000,2024-01-01 01:19:18.000000,7,-18.818652849740932,-19.0,4.342530014373422,0.17708333333333334,634.0486098660817,2110.0,0.0,62.09844559585492,62.0,13.842704443902697,0.15104166666666666,10.932642487046632,12.0,7.542285087097972,0.052083333333333336
2024-01-01 01:19:14.000000,2024-01-01 01:19:20.000000,7,-17.60621761658031,-17.0,4.888375102208951,0.16666666666666666,734.9285844885393,1724.9999999999998,0.0,61.704663212435236,61.0,13.139509004951126,0.14583333333333334,8.937823834196891,9.0,7.36519612703133,0.08333333333333333
2024-01-01 01:19:16.000000,2024-01-01 01:19:22.000000,7,-17.55440414507772,-18.0,4.6478482681038615,0.140625,656.2591776659078,1729.0000000000002,0.0,62.4300518134715,63.0,14.138692791466543,0.14583333333333334,8.958549222797927,10.0,6.7660566716724455,0.08333333333333333
2024-01-01 01:19:18.000000,2024-01-01 01:19:24.000000,7,-16.870466321243523,-17.0,4.6299307376653696,0.13541666666666666,556.709855033676,1803.0000000000002,0.0,61.637305699481864,62.0,14.968823747028445,0.13020833333333334,9.341968911917098,9.0,6.099620058101585,0.078125
2024-01-01 01:19:20.000000,2024-01-01 01:19:26.000000,7,-16.82901554404145,-17.0,4.0086868647931935,0.171875,561.7382624184213,1699.0,0.0,62.30051813471503,62.0,14.635959203737611,0.140625,8.803108808290155,8.0,6.015829005075478,0.078125
2024-01-01 01:19:22.000000,2024-01-01 01:19:28.000000,7,-17.83937823834197,-17.0,6.39743630511986,0.15625,635.249772395252,1741.0,0.0,62.487046632124354,62.0,14.449664358951587,0.140625,9.020725388601036,8.0,6.946190914527964,0.08854166666666667
2024-01-01 01:19:24.000000,2024-01-01 01:19:30.000000,7,-31.33160621761658,-22.0,19.559042186691926,0.005208333333333333,1762.7183801667363,58.99999999999995,0.16580310880829016,43.72020725388601,52.0,30.845962322863087,0.041666666666666664,0.30569948186528495,5.0,18.727064267971063,0.06770833333333333
2024-01-01 01:19:26.000000,2024-01-01 01:19:32.000000,7,-42.32124352331606,-47.0,17.947272730016557,0.078125,2938.7433122781663,2588.0,-0.16580310880829016,27.70984455958549,18.0,28.528471824884218,0.026041666666666668,-13.409326424870466,-16.0,24.771945574878988,0.057291666666666664
2024-01-01 01:19:28.000000,2024-01-01 01:19:34.000000,7,-50.78756476683938,-50.0,10.80275094098345,0.17708333333333334,1291.654370744582,5475.0,0.0,16.730569948186528,17.0,15.280023321130786,0.078125,-28.367875647668395,-32.0,16.861395878884288,0.11458333333333333
2024-01-01 01:19:30.000000,2024-01-01 01:19:36.000000,7,-48.74611398963731,-49.0,9.040579692389123,0.16145833333333334,886.073932933803,6810.0,0.0,20.248704663212436,19.0,11.346360965857304,0.09895833333333333,-35.284974093264246,-35.0,9.4061500340398,0.15625
2024-01-01 01:19:32.000000,2024-01-01 01:19:38.000000,7,-49.082901554404145,-49.0,8.423885180671265,0.15104166666666666,754.7110010085871,6885.0,0.0,18.40414507772021,17.0,11.718147580946521,0.109375,-35.67357512953368,-35.0,8.79702696972364,0.15625
2024-01-01 01:19:34.000000,2024-01-01 01:19:40.000000,7,-50.56476683937824,-51.0,9.162718964672079,0.15625,771.7603065384798,7214.0,0.0,13.678756476683938,13.0,7.469410849966403,0.125,-37.37823834196891,-37.0,8.502875923105698,0.19270833333333334
2024-01-01 01:19:36.000000,2024-01-01 01:19:42.000000,7,-48.854922279792746,-48.0,9.555740482338514,0.15104166666666666,854.0802105307353,7348.999999999999,0.0,14.766839378238341,14.0,8.310544184705433,0.11979166666666667,-38.07772020725388,-37.0,9.102378980728515,0.15104166666666666
2024-01-01 01:19:38.000000,2024-01-01 01:19:44.000000,7,-48.53367875647668,-48.0,9.115014824476795,0.16666666666666666,777.3215078795735,7400.000000000001,0.0,18.082901554404145,18.0,8.011929118745348,0.140625,-38.3419689119171,-37.0,8.654066376750018,0.15625
2024-01-01 01:19:40.000000,2024-01-01 01:19:46.000000,7,-46.92746113989637,-47.0,8.656339336469975,0.15104166666666666,598.2530562692677,7356.0,0.0,19.99481865284974,20.0,8.602626421457012,0.125,-38.1139896373057,-38.0,8.416715829470466,0.16666666666666666
2024-01-01 01:19:42.000000,2024-01-01 01:19:48.000000,7,-48.32642487046632,-48.0,8.208365661895089,0.15104166666666666,500.19891902215744,7030.0,0.0,21.585492227979273,21.0,8.721035207760105,0.140625,-36.424870466321245,-36.0,7.849217258534468,0.1875
2024-01-01 01:19:44.000000,2024-01-01 01:19:50.000000,7,-47.626943005181346,-47.0,7.959906006162574,0.15625,515.5956877776006,6739.999999999999,0.0,23.2279792746114,24.0,7.954286354930585,0.09375,-34.92227979274612,-34.0,7.6810895348343395,0.15625
2024-01-01 01:19:46.000000,2024-01-01 01:19:52.000000,7,-49.15025906735751,-48.0,9.743224805988755,0.16145833333333334,440.9729643482562,6615.0,0.0,21.23316062176166,22.0,9.79862548078086,0.10416666666666667,-34.27461139896373,-33.0,9.618354198011792,0.15104166666666666
2024-01-01 01:19:48.000000,2024-01-01 01:19:54.000000,7,-48.38341968911917,-47.0,12.28176725861627,0.14583333333333334,944.0126195761301,7220.0,0.0,17.300518134715027,16.0,10.22725371153655,0.08854166666666667,-37.409326424870464,-35.0,13.221010585356183,0.16666666666666666
2024-01-01 01:19:50.000000,2024-01-01 01:19:56.000000,7,-49.07253886010363,-47.0,13.287091255856222,0.14583333333333334,854.4555496654324,7396.999999999999,0.0,15.849740932642487,13.0,11.085520418697891,0.09895833333333333,-38.32642487046632,-36.0,13.489277229440843,0.15625
2024-01-01 01:19:52.000000,2024-01-01 01:19:58.000000,7,-47.751295336787564,-48.0,10.944000967083761,0.15104166666666666,699.2255246948146,7533.999999999999,0.0,19.10880829015544,16.0,11.861772243637578,0.13020833333333334,-39.03626943005181,-37.0,12.398073210934674,0.14583333333333334
2024-01-01 01:19:54.000000,2024-01-01 01:20:00.000000,7,-46.818652849740936,-46.0,9.333701494712624,0.14583333333333334,516.963432717322,7022.0,0.0,23.569948186528496,21.0,12.017198114291642,0.11979166666666667,-36.38341968911917,-36.0,10.209683654656102,0.16666666666666666
2024-01-01 01:19:56.000000,2024-01-01 01:20:02.000000,7,-45.35233160621762,-45.0,8.966965255283672,0.14583333333333334,658.1133171875671,7267.0,0.0,23.911917098445596,22.0,11.586518429900536,0.13541666666666666,-37.652849740932645,-36.0,11.224448049867739,0.19791666666666666
2024-01-01 01:19:58.000000,2024-01-01 01:20:04.000000,7,-45.259067357512954,-43.0,9.809393518917522,0.16145833333333334,724.2625313065129,7395.999999999999,0.0,22.326424870466322,19.0,12.664014641470457,0.13020833333333334,-38.32124352331606,-37.0,12.05328510319611,0.1875
2024-01-01 01:20:00.000000,2024-01-01 01:20:06.000000,7,-46.4300518134715,-46.0,9.132504248642213,0.14583333333333334,583.1370851489909,7374.0,0.0,24.041450777202073,22.0,12.960209214525955,0.125,-38.20725388601036,-36.0,11.223048699309881,0.171875
2024-01-01 01:20:02.000000,2024-01-01 01:20:08.000000,7,-45.917098445595855,-46.0,9.058454147211487,0.15104166666666666,620.0180853023638,6894.000000000001,0.0,26.139896373056995,24.0,12.46896622576248,0.109375,-35.72020725388601,-34.0,10.157840565633135,0.15625
2024-01-01 01:20:04.000000,2024-01-01 01:20:10.000000,7,-45.66839378238342,-46.0,9.470562175893317,0.13541666666666666,554.0610277322655,6460.0,0.0,29.502590673575128,30.0,9.988078494057518,0.15104166666666666,-33.47150259067357,-33.0,8.79041063231,0.16666666666666666
2024-01-01 01:20:06.000000,2024-01-01 01:20:12.000000,7,-45.21761658031088,-44.0,9.779565244583072,0.16666666666666666,494.2035353455497,6433.000000000001,0.0,29.94300518134715,30.0,10.169494071577407,0.1875,-33.33160621761658,-33.0,8.870825662105027,0.171875
2024-01-01 01:20:08.000000,2024-01-01 01:20:14.000000,7,-45.751295336787564,-44.0,9.288226804268415,0.171875,628.1818303536495,6722.0,0.0,30.373056994818654,30.0,11.325473660158458,0.1875,-34.829015544041454,-35.0,9.006177715692278,0.16145833333333334
2024-01-01 01:20:10.000000,2024-01-01 01:20:16.000000,7,-45.36787564766839,-45.0,8.376206638516187,0.16145833333333334,456.12901696983806,6846.0,0.0,29.440414507772022,29.0,11.404395343928664,0.171875,-35.47150259067357,-35.0,8.117013146346508,0.15104166666666666
2024-01-01 01:20:12.000000,2024-01-01 01:20:18.000000,7,-44.80829015544042,-44.0,8.255019538561855,0.140625,620.6833166145258,7123.000000000001,0.0,28.497409326424872,29.0,10.366273615437752,0.140625,-36.90673575129534,-36.0,8.64048164996319,0.171875
2024-01-01 01:20:14.000000,2024-01-01 01:20:20.000000,7,-45.4559585492228,-45.0,9.010952724228048,0.140625,1066.526923912526,7214.0,0.0,25.373056994818654,25.0,9.898216352468578,0.125,-37.37823834196891,-36.0,10.86503101531379,0.16145833333333334
2024-01-01 01:20:16.000000,2024-01-01 01:20:22.000000,7,-45.50259067357513,-45.0,9.513764344540713,0.14583333333333334,1184.6682938482368,7525.0,0.0,22.45077720207254,23.0,9.719445281512261,0.13020833333333334,-38.98963730569948,-38.0,11.66145254196925,0.16145833333333334
2024-01-01 01:20:18.000000,2024-01-01 01:20:24.000000,7,-46.05181347150259,-46.0,9.950262210030406,0.14583333333333334,1187.1603846537773,7721.0,0.0,20.238341968911918,20.0,8.813175585637762,0.11458333333333333,-40.005181347150256,-39.0,11.514708623342742,0.17708333333333334
2024-01-01 01:20:20.000000,2024-01-01 01:20:26.000000,7,-46.3160621761658,-46.0,9.69474734479694,0.13541666666666666,940.8755894008443,7472.0,0.0,19.533678756476682,18.0,8.339798873499994,0.14583333333333334,-38.715025906735754,-39.0,9.525001756580783,0.16145833333333334
2024-01-01 01:20:22.000000,2024-01-01 01:20:28.000000,7,-46.24352331606217,-46.0,9.432753884996805,0.16145833333333334,644.1991953815249,7365.000000000001,0.0,22.295336787564768,22.0,9.168607503752051,0.171875,-38.16062176165803,-37.0,8.741668868780087,0.171875
2024-01-01 01:20:24.000000,2024-01-01 01:20:30.000000,7,-46.10362694300518,-46.0,7.890503080292386,0.15625,354.3252349518715,7092.0,0.0,23.761658031088082,24.0,8.35571045672448,0.171875,-36.74611398963731,-37.0,7.117525167343771,0.18229166666666666
2024-01-01 01:20:26.000000,2024-01-01 01:20:32.000000,7,-45.20725388601036,-45.0,5.475185425208405,0.19791666666666666,243.12078925381678,7385.000000000001,0.0,25.23316062176166,24.0,6.613790742023413,0.13020833333333334,-38.26424870466321,-38.0,5.909703935434541,0.19791666666666666
2024-01-01 01:20:28.000000,2024-01-01 01:20:34.000000,7,-44.751295336787564,-45.0,4.903263250210369,0.22916666666666666,409.4626341337322,7773.0,0.0,22.435233160621763,23.0,5.643691359287347,0.13541666666666666,-40.27461139896373,-39.0,7.177237454509294,0.15104166666666666
2024-01-01 01:20:30.000000,2024-01-01 01:20:36.000000,7,-43.409326424870464,-44.0,6.7718255218294106,0.14583333333333334,601.2366828991289,7899.999999999999,0.0,22.27461139896373,23.0,7.194632546448155,0.140625,-40.932642487046635,-39.0,8.455189589933932,0.16666666666666666
2024-01-01 01:20:32.000000,2024-01-01 01:20:38.000000,7,-42.0880829015544,-42.0,7.589570211355284,0.13020833333333334,876.4281194951749,8069.0,0.0,24.05699481865285,24.0,8.191196066825734,0.13541666666666666,-41.80829015544042,-41.0,9.701778921862973,0.171875
2024-01-01 01:20:34.000000,2024-01-01 01:20:40.000000,7,-40.05181347150259,-40.0,6.898626775068537,0.13020833333333334,1513.0315601110517,6242.0,0.0,33.84974093264249,32.0,14.151826017162401,0.11979166666666667,-32.3419689119171,-35.0,15.807341064197415,0.078125
2024-01-01 01:20:36.000000,2024-01-01 01:20:42.000000,7,-40.04145077720207,-40.0,5.3695070739888795,0.140625,1672.2973633821332,5977.0,0.0,35.590673575129536,33.0,13.747852713476151,0.078125,-30.968911917098445,-35.0,15.279652433789504,0.0625
2024-01-01 01:20:38.000000,2024-01-01 01:20:44.000000,7,-39.59585492227979,-40.0,3.849023607207786,0.1875,1657.3225394288029,6055.0,0.0,34.33160621761658,28.0,14.315415860560766,0.0625,-31.373056994818654,-39.0,14.801664443352633,0.026041666666666668
2024-01-01 01:20:40.000000,2024-01-01 01:20:46.000000,7,-39.87564766839378,-40.0,3.411847880335411,0.20833333333333334,906.5946575346111,7351.0,0.0,29.23316062176166,25.0,12.01182311915811,0.052083333333333336,-38.0880829015544,-42.0,9.952884472675487,0.052083333333333336
2024-01-01 01:20:42.000000,2024-01-01 01:20:48.000000,7,-39.41968911917098,-39.0,4.657546061985475,0.21354166666666666,1261.43833305159,7132.000000000001,0.0,30.0,26.0,14.51077186093145,0.046875,-36.95336787564767,-43.0,12.58897093169934,0.036458333333333336
2024-01-01 01:20:44.000000,2024-01-01 01:20:50.000000,7,-42.03626943005181,-40.0,9.553235194269497,0.14583333333333334,1557.5148213570058,5942.000000000001,0.0,31.300518134715027,28.0,15.207688904415146,0.10416666666666667,-30.787564766839377,-38.0,18.605035462465143,0.0625
2024-01-01 01:20:46.000000,2024-01-01 01:20:52.000000,7,-44.295336787564764,-43.0,9.183365226930253,0.19791666666666666,1451.492693392549,6325.000000000001,0.0,25.922279792746114,23.0,14.31924589874789,0.06770833333333333,-32.7720207253886,-40.0,18.207709120486168,0.057291666666666664
2024-01-01 01:20:48.000000,2024-01-01 01:20:54.000000,7,-46.6580310880829,-46.0,8.001767399760002,0.17708333333333334,1062.332493521123,7024.0,0.0,18.756476683937823,16.0,9.389032388284512,0.041666666666666664,-36.39378238341969,-42.0,16.42883525410621,0.10416666666666667
2024-01-01 01:20:50.000000,2024-01-01 01:20:56.000000,7,-45.170984455958546,-45.0,3.480120263242653,0.1875,176.9238325362019,8274.0,0.0,14.44559585492228,14.0,3.848483708767572,0.09895833333333333,-42.870466321243526,-43.0,3.3725003536810165,0.16145833333333334
2024-01-01 01:20:52.000000,2024-01-01 01:20:58.000000,7,-45.50259067357513,-46.0,4.500143924008161,0.1875,203.20232682021535,8298.0,0.0,12.663212435233161,13.0,4.049889921530122,0.14583333333333334,-42.994818652849744,-43.0,3.8520792671599535,0.15104166666666666
2024-01-01 01:20:54.000000,2024-01-01 01:21:00.000000,7,-45.51813471502591,-45.0,8.2273003775595,0.22395833333333334,815.3492676485555,7556.0,0.0,18.010362694300518,14.0,11.860732497978402,0.078125,-39.15025906735751,-43.0,14.08542436776523,0.13020833333333334
2024-01-01 01:20:56.000000,2024-01-01 01:21:02.000000,7,-44.09326424870466,-45.0,11.788571717699757,0.22395833333333334,2836.6954197262644,4198.0,0.0,29.958549222797927,24.0,20.08363611378552,0.06770833333333333,-21.751295336787564,-34.0,25.753444568980093,0.057291666666666664
2024-01-01 01:20:58.000000,2024-01-01 01:21:04.000000,7,-32.40414507772021,-39.0,23.259012218826264,0.08333333333333333,3055.1180169855265,75.00000000000009,-0.16580310880829016,43.295336787564764,45.0,16.2657240916144,0.08854166666666667,-0.38860103626943004,1.0,28.850716242759155,0.07291666666666667
2024-01-01 01:21:00.000000,2024-01-01 01:21:06.000000,7,-31.689119170984455,-39.0,22.04462178720544,0.041666666666666664,1326.870287184352,1976.9999999999995,0.0,49.73575129533679,48.0,9.920392327817673,0.140625,10.243523316062177,5.0,16.74650996043421,0.13020833333333334
2024-01-01 01:21:02.000000,2024-01-01 01:21:08.000000,7,-37.15544041450777,-43.0,24.387853105632317,0.078125,1423.0181482228531,1130.0,0.16580310880829016,42.61658031088083,45.0,11.319605720230953,0.026041666666666668,5.8549222797927465,1.0,18.041609578022783,0.109375
2024-01-01 01:21:04.000000,2024-01-01 01:21:10.000000,7,-53.067357512953365,-52.0,10.507468661309145,0.13541666666666666,600.8955321165084,1104.0,0.0,33.84455958549223,32.0,11.776419055407564,0.078125,-5.72020725388601,-6.0,9.155170212698877,0.13020833333333334
2024-01-01 01:21:06.000000,2024-01-01 01:21:12.000000,7,-57.25388601036269,-57.0,10.20277729384367,0.19791666666666666,449.0064938661839,1959.0,0.0,27.860103626943005,27.0,7.964512042337488,0.11458333333333333,-10.150259067357513,-10.0,7.493275626856024,0.18229166666666666
2024-01-01 01:21:08.000000,2024-01-01 01:21:14.000000,7,-56.04145077720207,-55.0,11.55369448348089,0.11979166666666667,343.398713514768,2533.0,0.0,29.10880829015544,27.0,9.382140343578198,0.11458333333333333,-13.124352331606218,-13.0,5.6092443898635675,0.19270833333333334
2024-01-01 01:21:10.000000,2024-01-01 01:21:16.000000,7,-51.20725388601036,-50.0,11.620229721212397,0.16666666666666666,631.8321790268961,2061.0,0.0,35.829015544041454,37.0,11.371418280641109,0.13020833333333334,-10.678756476683938,-12.0,9.150957059907041,0.16145833333333334
2024-01-01 01:21:12.000000,2024-01-01 01:21:18.000000,7,-47.0880829015544,-47.0,9.826490183500152,0.23958333333333334,867.7791537695431,1614.0000000000002,0.0,41.409326424870464,43.0,10.341729589295023,0.15104166666666666,-8.362694300518134,-11.0,11.889379758266179,0.078125
2024-01-01 01:21:14.000000,2024-01-01 01:21:20.000000,7,-36.295336787564764,-42.0,20.48756810583412,0.125,2057.3893134651767,1061.0,0.16580310880829016,44.94818652849741,46.0,12.239255888943003,0.14583333333333334,5.4974093264248705,3.0,21.31097241649915,0.07291666666666667
2024-01-01 01:21:16.000000,2024-01-01 01:21:22.000000,7,-39.01036269430052,-46.0,22.064297527648616,0.11979166666666667,2109.3275479910785,1300.0,0.16580310880829016,43.30569948186528,44.0,12.227224518673555,0.140625,6.7357512953367875,2.0,20.044939526087145,0.07291666666666667
2024-01-01 01:21:18.000000,2024-01-01 01:21:24.000000,7,-41.5440414507772,-48.0,22.65615668344787,0.07291666666666667,1892.0484085504106,1037.0,0.16580310880829016,40.58031088082902,40.0,11.890342102711612,0.14583333333333334,5.373056994818653,-3.0,19.43326453001682,0.046875
2024-01-01 01:21:20.000000,2024-01-01 01:21:26.000000,7,-51.72020725388601,-51.0,7.829861107122024,0.1875,714.534372586711,1268.0,0.0,37.92227979274612,39.0,7.584192097743497,0.125,-6.569948186528498,-9.0,10.800102646956713,0.08333333333333333
2024-01-01 01:21:22.000000,2024-01-01 01:21:28.000000,7,-42.16580310880829,-49.0,15.55345190459442,0.036458333333333336,1259.54698092966,572.0000000000001,0.16580310880829016,44.50777202072539,41.0,12.428595711681247,0.046875,-2.9637305699481864,-8.0,13.051330175261679,0.026041666666666668
2024-01-01 01:21:24.000000,2024-01-01 01:21:30.000000,7,-31.78238341968912,-21.0,16.32943088535923,0.026041666666666668,1172.8962700999296,763.0000000000001,0.16580310880829016,51.7720207253886,60.0,13.025609573051383,0.015625,3.9533678756476682,10.0,12.85953365351316,0.015625
2024-01-01 01:21:26.000000,2024-01-01 01:21:32.000000,7,-21.616580310880828,-20.0,7.320642526091468,0.041666666666666664,176.7058024347406,1951.0,0.0,59.92227979274612,60.0,4.334835995606779,0.057291666666666664,10.10880829015544,11.0,3.8855468203670247,0.109375
2024-01-01 01:21:28.000000,2024-01-01 01:21:34.000000,7,-20.523316062176164,-20.0,1.2335270351554573,0.13020833333333334,29.9309598133805,2042.0,0.0,60.373056994818654,60.0,0.9819726542066594,0.21354166666666666,10.580310880829016,11.0,0.6414712148774929,0.14583333333333334
2024-01-01 01:21:30.000000,2024-01-01 01:21:36.000000,7,-20.60103626943005,-21.0,1.16877738993332,0.125,93.78745957597184,2082.0,0.0,60.259067357512954,60.0,1.0874440410036432,0.1875,10.787564766839377,11.0,1.1325904936260764,0.11458333333333333
2024-01-01 01:21:32.000000,2024-01-01 01:21:38.000000,7,-20.932642487046632,-21.0,1.2709173858780576,0.08333333333333333,100.13997461829285,2040.0000000000002,0.0,60.22279792746114,60.0,1.0343569085003237,0.14583333333333334,10.569948186528498,10.0,1.252717253866457,0.09895833333333333
2024-01-01 01:21:34.000000,2024-01-01 01:21:40.000000,7,-21.036269430051814,-21.0,1.4155868077806801,0.140625,112.56225355731063,1991.0,0.0,60.23834196891192,60.0,0.8570670354654422,0.16666666666666666,10.316062176165802,10.0,1.3876692975804141,0.06770833333333333
2024-01-01 01:21:36.000000,2024-01-01 01:21:42.000000,7,-21.414507772020727,-22.0,1.1700235446312004,0.19791666666666666,43.027811010907335,1926.0000000000002,0.0,60.196891191709845,60.0,0.6145718984036179,0.1875,9.979274611398964,10.0,0.8162321285868841,0.09375
2024-01-01 01:21:38.000000,2024-01-01 01:21:44.000000,7,-21.072538860103627,-21.0,1.401235422089181,0.19270833333333334,45.00862025675048,1977.0,0.0,60.30569948186528,60.0,0.8689185405156311,0.20833333333333334,10.243523316062177,10.0,1.0447148837149836,0.16666666666666666
2024-01-01 01:21:40.000000,2024-01-01 01:21:46.000000,7,-20.46113989637306,-21.0,1.4999280351188204,0.11979166666666667,64.82004468201364,2068.0,0.0,60.424870466321245,60.0,1.3329959633629684,0.171875,10.715025906735752,10.0,1.4018708200830576,0.17708333333333334
2024-01-01 01:21:42.000000,2024-01-01 01:21:48.000000,7,-20.378238341968913,-21.0,1.543448184120189,0.08333333333333333,86.67634985917827,2040.0,0.0,60.44559585492228,60.0,1.3456696684734297,0.16145833333333334,10.569948186528498,10.0,1.5160696503793565,0.171875
2024-01-01 01:21:44.000000,2024-01-01 01:21:50.000000,7,-21.419689119170986,-21.0,3.6536263245598066,0.109375,126.35947995678299,1919.0000000000002,0.0,60.233160621761655,60.0,1.6242109815562578,0.16666666666666666,9.94300518134715,10.0,2.417786798950923,0.109375
2024-01-01 01:21:46.000000,2024-01-01 01:21:52.000000,7,-25.66321243523316,-22.0,6.159811283081471,0.015625,943.3291798415653,2960.0,0.0,56.284974093264246,60.0,5.647329026144456,0.005208333333333333,15.336787564766839,10.0,9.03093895320477,0.015625
2024-01-01 01:21:48.000000,2024-01-01 01:21:54.000000,7,-26.259067357512954,-24.0,6.063486445573015,0.0625,1193.682923185448,3876.0,0.0,54.39378238341969,54.0,5.296457414149233,0.020833333333333332,20.082901554404145,23.0,9.907560658598042,0.03125
2024-01-01 01:21:50.000000,2024-01-01 01:21:56.000000,7,-27.22279792746114,-27.0,5.32946784843437,0.14583333333333334,893.1807698422185,4295.0,0.0,53.38860103626943,54.0,4.4039843006313335,0.026041666666666668,22.253886010362695,24.0,8.02293573706691,0.0625
2024-01-01 01:21:52.000000,2024-01-01 01:21:58.000000,7,-25.098445595854923,-25.0,3.842694322292218,0.21354166666666666,842.8587943683934,3988.0000000000005,0.0,55.40414507772021,56.0,2.872713478375945,0.14583333333333334,20.66321243523316,20.0,7.640731315991806,0.07291666666666667
2024-01-01 01:21:54.000000,2024-01-01 01:22:00.000000,7,-24.010362694300518,-25.0,5.601329489975363,0.16145833333333334,620.486952644743,3426.0000000000005,0.0,57.0880829015544,57.0,3.9748575647132562,0.14583333333333334,17.751295336787564,17.0,6.946995069874712,0.07291666666666667
2024-01-01 01:21:56.000000,2024-01-01 01:22:02.000000,7,-22.015544041450777,-22.0,5.1946253112570435,0.078125,894.753527417162,3027.0,0.0,58.284974093264246,59.0,4.218835755221297,0.057291666666666664,15.683937823834198,12.0,7.690538087770404,0.036458333333333336
2024-01-01 01:21:58.000000,2024-01-01 01:22:04.000000,7,-20.05181347150259,-20.0,3.8900794398520024,0.17708333333333334,403.0874015768368,2134.0,0.0,60.284974093264246,61.0,3.244648177568767,0.16145833333333334,11.05699481865285,9.0,5.522856417215755,0.046875
2024-01-01 01:22:00.000000,2024-01-01 01:22:06.000000,7,-23.704663212435232,-21.0,6.9109536407448875,0.06770833333333333,554.585424043852,2261.0,0.0,58.23834196891192,61.0,5.206684540403952,0.036458333333333336,11.715025906735752,9.0,6.714151110120601,0.046875
2024-01-01 01:22:02.000000,2024-01-01 01:22:08.000000,7,-26.316062176165804,-23.0,7.799479218476537,0.08854166666666667,1350.4824997684188,3661.0,0.0,54.27461139896373,52.0,6.455958809121826,0.026041666666666668,18.968911917098445,19.0,11.409931134647982,0.041666666666666664
2024-01-01 01:22:04.000000,2024-01-01 01:22:10.000000,7,-31.647668393782382,-33.0,7.639685806549767,0.078125,749.6416165285068,4487.0,0.0,50.424870466321245,50.0,4.71652713745421,0.16145833333333334,23.248704663212436,23.0,9.234238310089808,0.125
2024-01-01 01:22:06.000000,2024-01-01 01:22:12.000000,7,-30.95336787564767,-32.0,6.90281506241024,0.08854166666666667,556.2131263517825,5091.000000000001,0.0,49.704663212435236,50.0,2.40243561645088,0.13020833333333334,26.378238341968913,26.0,7.423705204527625,0.08854166666666667
2024-01-01 01:22:08.000000,2024-01-01 01:22:14.000000,7,-28.673575129533678,-31.0,15.17578169890143,0.036458333333333336,972.6484905172921,5807.0,0.0,45.1139896373057,50.0,13.404657972289288,0.005208333333333333,30.088082901554404,28.0,13.07261422439132,0.046875
2024-01-01 01:22:10.000000,2024-01-01 01:22:16.000000,7,-16.031088082901555,-15.0,18.916457433429297,0.036458333333333336,1850.3938401569767,8367.0,0.0,35.12435233160622,39.0,17.319758638384137,0.015625,43.35233160621762,36.0,16.903839777482453,0.015625
2024-01-01 01:22:12.000000,2024-01-01 01:22:18.000000,7,-6.585492227979275,0.0,17.077769324328933,0.005208333333333333,1139.4783299192636,10586.0,0.0,24.38860103626943,19.0,13.5730766981381,0.036458333333333336,54.84974093264249,61.0,12.592293130589889,0.036458333333333336
2024-01-01 01:22:14.000000,2024-01-01 01:22:20.000000,7,3.0362694300518136,1.0,4.671916381639268,0.052083333333333336,107.86579376775893,11734.0,0.0,19.590673575129532,19.0,1.7687436873197622,0.109375,60.7979274611399,61.0,2.1398003837299195,0.2916666666666667
2024-01-01 01:22:16.000000,2024-01-01 01:22:22.000000,7,4.269430051813472,5.0,4.515015248512516,0.07291666666666667,106.04499633438289,11674.0,0.0,20.419689119170986,21.0,1.783905449526329,0.020833333333333332,60.487046632124354,60.0,1.6428785975706734,0.3020833333333333
2024-01-01 01:22:18.000000,2024-01-01 01:22:24.000000,7,-8.093264248704664,5.0,24.785362074082165,0.005208333333333333,1795.3840567210743,9556.0,0.0,25.55440414507772,22.0,11.30027625871669,0.015625,49.512953367875646,60.0,18.67404303892676,0.015625
2024-01-01 01:22:20.000000,2024-01-01 01:22:26.000000,7,-21.518134715025905,-29.0,23.844132153828905,0.026041666666666668,2453.459679311158,7016.999999999999,0.0,35.61139896373057,39.0,15.329005546790707,0.015625,36.35751295336787,28.0,21.129601521303,0.015625
2024-01-01 01:22:22.000000,2024-01-01 01:22:28.000000,7,-32.740932642487046,-32.0,15.141527924078462,0.041666666666666664,1025.0713992667313,4568.0,0.0,46.145077720207254,51.0,12.881660458411524,0.005208333333333333,23.66839378238342,22.0,13.108675801193435,0.09375
2024-01-01 01:22:24.000000,2024-01-01 01:22:30.000000,7,-23.523316062176164,-27.0,12.863899963844275,0.06770833333333333,838.4775248614499,3839.0,0.0,55.015544041450774,53.0,5.235572123243617,0.057291666666666664,19.89119170984456,22.0,8.926994124186724,0.052083333333333336
2024-01-01 01:22:26.000000,2024-01-01 01:22:32.000000,7,-17.39378238341969,-15.0,10.517364743123457,0.026041666666666668,1145.3351562500836,2994.0,0.0,58.715025906735754,62.0,5.0463097205978436,0.026041666666666668,15.512953367875648,11.0,9.862127056895769,0.010416666666666666
2024-01-01 01:22:28.000000,2024-01-01 01:22:34.000000,7,-16.476683937823836,-15.0,11.960469846392291,0.036458333333333336,713.4141512442072,2143.0,0.0,59.63212435233161,62.0,7.323222490893106,0.03125,11.103626943005182,7.0,9.027714117839393,0.046875
2024-01-01 01:22:30.000000,2024-01-01 01:22:36.000000,7,-30.875647668393782,-18.0,17.909642355219788,0.005208333333333333,699.1981854766661,644.0000000000001,0.16580310880829016,52.015544041450774,61.0,12.728935493238195,0.005208333333333333,3.3367875647668392,6.0,7.234577276974181,0.046875
2024-01-01 01:22:32.000000,2024-01-01 01:22:38.000000,7,-44.36787564766839,-52.0,15.953199918860243,0.026041666666666668,1013.0357832359665,503.0,-0.16580310880829016,41.76165803108808,38.0,12.896833483583542,0.078125,-2.606217616580311,-6.0,9.080104320613815,0.015625
2024-01-01 01:22:34.000000,2024-01-01 01:22:40.000000,7,-51.590673575129536,-53.0,4.9846970049776855,0.11979166666666667,558.2513213991402,1244.0,0.0,37.590673575129536,38.0,6.969675092721334,0.010416666666666666,-6.44559585492228,-7.0,4.937989826165712,0.10416666666666667
2024-01-01 01:22:36.000000,2024-01-01 01:22:42.000000,7,-52.67357512953368,-54.0,6.615336991117297,0.15625,1099.9900711196783,2413.0000000000005,0.0,31.476683937823836,32.0,12.359659068105106,0.052083333333333336,-12.50259067357513,-11.0,12.391665693929967,0.11979166666666667
2024-01-01 01:22:38.000000,2024-01-01 01:22:44.000000,7,-42.19170984455958,-48.0,19.118041590306905,0.078125,1014.0221639891911,2599.0,0.0,39.09326424870466,41.0,21.118505072014074,0.046875,-13.466321243523316,-10.0,13.927272235333758,0.11458333333333333
2024-01-01 01:22:40.000000,2024-01-01 01:22:46.000000,7,-34.35751295336787,-27.0,20.79166645034455,0.057291666666666664,1680.9252974824362,1817.0,0.0,44.637305699481864,52.0,23.766508670177085,0.046875,-9.414507772020725,-8.0,17.6063493782307,0.125
2024-01-01 01:22:42.000000,2024-01-01 01:22:48.000000,7,-30.917098445595855,-27.0,17.338642051896674,0.052083333333333336,1191.167247487621,729.0,0.16580310880829016,52.984455958549226,53.0,15.941781021088964,0.0625,-3.77720207253886,-5.0,12.497378827077934,0.07291666666666667
2024-01-01 01:22:44.000000,2024-01-01 01:22:50.000000,7,-38.652849740932645,-44.0,12.723776327182929,0.046875,1363.997352182537,1017.0,-0.16580310880829016,47.90155440414508,46.0,11.135325155613717,0.052083333333333336,-5.269430051813472,-9.0,12.575188376096026,0.03125
2024-01-01 01:22:46.000000,2024-01-01 01:22:52.000000,7,-48.67357512953368,-49.0,5.552043183013333,0.09895833333333333,952.9158425014845,2962.0,0.0,37.03626943005181,36.0,8.844945035274632,0.015625,-15.347150259067357,-15.0,8.798597465364177,0.07291666666666667
2024-01-01 01:22:48.000000,2024-01-01 01:22:54.000000,7,-52.968911917098445,-54.0,5.0217306277228095,0.06770833333333333,383.1848308333916,3710.0,0.0,30.0,28.0,7.828234155925588,0.041666666666666664,-19.22279792746114,-20.0,5.077226363625685,0.0625
2024-01-01 01:22:50.000000,2024-01-01 01:22:56.000000,7,-56.2020725388601,-57.0,3.189435009874115,0.140625,255.6428145695849,3713.0,0.0,24.580310880829014,24.0,3.39960566137453,0.09895833333333333,-19.238341968911918,-19.0,4.056268470316224,0.109375
2024-01-01 01:22:52.000000,2024-01-01 01:22:58.000000,7,-57.715025906735754,-58.0,1.5365790345874408,0.22916666666666666,192.3393451669908,3476.0,0.0,22.564766839378237,22.0,1.804855162857855,0.14583333333333334,-18.010362694300518,-18.0,2.5980554372968565,0.2708333333333333
2024-01-01 01:22:54.000000,2024-01-01 01:23:00.000000,7,-57.81347150259067,-58.0,0.7681314384503141,0.24479166666666666,33.959603400649634,3518.0,0.0,22.05699481865285,22.0,0.8908477265212126,0.171875,-18.2279792746114,-18.0,0.7970287005925341,0.3125
2024-01-01 01:22:56.000000,2024-01-01 01:23:02.000000,7,-57.4559585492228,-58.0,1.3766574246847145,0.24479166666666666,100.34480920494491,3551.0,0.0,22.59585492227979,22.0,2.330142927413717,0.18229166666666666,-18.39896373056995,-18.0,1.6960121620690136,0.28125
2024-01-01 01:22:58.000000,2024-01-01 01:23:04.000000,7,-55.145077720207254,-57.0,3.4820505691048065,0.06770833333333333,406.8129295856511,3130.0,0.0,28.259067357512954,23.0,7.908673585099316,0.005208333333333333,-16.21761658031088,-18.0,4.3222173753437785,0.109375
2024-01-01 01:23:00.000000,2024-01-01 01:23:06.000000,7,-54.6839378238342,-54.0,6.326910205314599,0.16145833333333334,940.9487528192385,1894.0,0.0,29.264248704663213,32.0,13.249120119382418,0.026041666666666668,-9.813471502590673,-13.0,11.530594487712635,0.078125
2024-01-01 01:23:02.000000,2024-01-01 01:23:08.000000,7,-45.67875647668394,-50.0,15.673771034616905,0.046875,1364.41704114986,136.0,-0.16580310880829016,40.181347150259064,39.0,18.041135411213286,0.08854166666666667,0.7046632124352331,2.0,13.607244892257155,0.046875
2024-01-01 01:23:04.000000,2024-01-01 01:23:10.000000,7,-35.03626943005181,-31.0,19.049653610421096,0.046875,733.9187979010227,1853.0000000000002,0.0,47.373056994818654,59.0,20.198641133178803,0.026041666666666668,9.601036269430052,13.0,10.674219280766435,0.08854166666666667
2024-01-01 01:23:06.000000,2024-01-01 01:23:12.000000,7,-27.699481865284973,-23.0,12.700182484783632,0.020833333333333332,524.6656640676888,2854.0000000000005,0.0,56.0880829015544,59.0,8.206800594207916,0.052083333333333336,14.787564766839377,15.0,6.920790746698347,0.11979166666666667
2024-01-01 01:23:08.000000,2024-01-01 01:23:14.000000,7,-35.854922279792746,-37.0,16.022110020191988,0.036458333333333336,415.60458010491254,2629.0,0.0,48.75647668393783,53.0,11.999903299121025,0.026041666666666668,13.621761658031089,14.0,6.453918625950999,0.109375
2024-01-01 01:23:10.000000,2024-01-01 01:23:16.000000,7,-49.7979274611399,-55.0,13.226220637388346,0.046875,771.9983260156451,1749.0,0.0,35.984455958549226,34.0,13.210032757631064,0.015625,9.062176165803109,8.0,8.54194731835999,0.06770833333333333
2024-01-01 01:23:12.000000,2024-01-01 01:23:18.000000,7,-59.4559585492228,-60.0,4.682567208801124,0.16145833333333334,510.6840343380235,591.0,0.0,24.16580310880829,22.0,8.10821802135742,0.026041666666666668,3.062176165803109,1.0,5.630670237455799,0.078125
2024-01-01 01:23:14.000000,2024-01-01 01:23:20.000000,7,-62.46632124352332,-62.0,3.06018712670186,0.265625,175.03313880035188,129.0,0.16580310880829016,16.761658031088082,16.0,4.555809174736674,0.036458333333333336,-0.6683937823834197,-1.0,2.385696528785913,0.28125
2024-01-01 01:23:16.000000,2024-01-01 01:23:22.000000,7,-63.704663212435236,-63.0,3.582484737049373,0.2604166666666667,155.79978676071417,362.0,0.0,12.191709844559586,12.0,3.9659401048643335,0.09895833333333333,-1.8756476683937824,-2.0,2.27876924937181,0.328125
2024-01-01 01:23:18.000000,2024-01-01 01:23:24.000000,7,-63.917098445595855,-63.0,3.806979319241563,0.265625,195.09418306526487,506.0,0.0,10.699481865284975,11.0,2.683446505299637,0.19270833333333334,-2.621761658031088,-2.0,2.637261641121443,0.23958333333333334
2024-01-01 01:23:20.000000,2024-01-01 01:23:26.000000,7,-63.96373056994819,-64.0,3.83293438638893,0.23958333333333334,219.98464148425,696.0,0.0,10.647668393782384,11.0,2.5413675890744174,0.234375,-3.606217616580311,-4.0,2.669340331722998,0.234375
2024-01-01 01:23:22.000000,2024-01-01 01:23:28.000000,7,-63.55958549222798,-63.0,3.949924028040086,0.2604166666666667,177.6573843065051,802.0,0.0,12.33160621761658,12.0,1.8967862102675515,0.2552083333333333,-4.155440414507772,-4.0,2.554955140225853,0.3177083333333333
2024-01-01 01:23:24.000000,2024-01-01 01:23:30.000000,7,-63.409326424870464,-63.0,3.870739063551065,0.2552083333333333,134.88605604334967,790.0,0.0,12.906735751295336,13.0,1.8934113331983464,0.234375,-4.0932642487046635,-4.0,2.367665476797192,0.3229166666666667
2024-01-01 01:23:26.000000,2024-01-01 01:23:32.000000,7,-61.803108808290155,-62.0,5.286834145778937,0.18229166666666666,262.6324138186561,888.0000000000001,0.0,16.71502590673575,15.0,6.142121658097225,0.078125,-4.601036269430052,-4.0,3.6516832539555435,0.2708333333333333
2024-01-01 01:23:28.000000,2024-01-01 01:23:34.000000,7,-54.69430051813472,-58.0,13.677643660247856,0.109375,933.9343396130427,81.0,-0.3316062176165803,27.83937823834197,21.0,16.02407380406324,0.005208333333333333,-0.41968911917098445,-3.0,11.578312426811161,0.09895833333333333
2024-01-01 01:23:30.000000,2024-01-01 01:23:36.000000,7,-39.7979274611399,-48.0,22.647332345088184,0.057291666666666664,1252.3838676244711,185.00000000000009,0.16580310880829016,43.80829015544042,42.0,20.08029542234637,0.078125,0.9585492227979274,-2.0,15.039473823385025,0.10416666666666667
2024-01-01 01:23:32.000000,2024-01-01 01:23:38.000000,7,-25.093264248704664,-19.0,19.95128458211861,0.09895833333333333,1452.9119239230345,192.00000000000003,-0.16580310880829016,56.29015544041451,58.0,15.312330151326162,0.06770833333333333,0.9948186528497409,2.0,17.278809700916426,0.125
2024-01-01 01:23:34.000000,2024-01-01 01:23:40.000000,7,-21.414507772020727,-18.0,16.309640454702173,0.15625,1417.4863772167148,937.0000000000001,-0.3316062176165803,58.6839378238342,61.0,14.783105540203001,0.13020833333333334,-4.8549222797927465,-3.0,15.689025129023678,0.16666666666666666
2024-01-01 01:23:36.000000,2024-01-01 01:23:42.000000,7,-24.932642487046632,-20.0,14.387879077023847,0.11458333333333333,1033.3432925433315,1500.9999999999998,0.0,55.94818652849741,60.0,15.194825370775384,0.0625,-7.77720207253886,-6.0,15.056736395408835,0.13020833333333334
2024-01-01 01:23:38.000000,2024-01-01 01:23:44.000000,7,-24.818652849740932,-26.0,18.129834534795606,0.16145833333333334,1290.502978106827,662.0,0.49740932642487046,55.66321243523316,59.0,15.638012716130035,0.07291666666666667,-3.430051813471503,-3.0,16.13118513474655,0.15625
2024-01-01 01:23:40.000000,2024-01-01 01:23:46.000000,7,-34.09326424870466,-35.0,24.429140859705868,0.078125,1091.8641337332235,531.9999999999999,0.49740932642487046,40.93782383419689,50.0,29.142899889846877,0.057291666666666664,2.756476683937824,3.0,15.976798673542906,0.14583333333333334
2024-01-01 01:23:42.000000,2024-01-01 01:23:48.000000,7,-44.04145077720207,-58.0,25.336040328965186,0.036458333333333336,1221.7957563013756,2812.0,0.0,25.036269430051814,6.0,29.622164607103972,0.015625,14.569948186528498,16.0,13.826549359287059,0.08333333333333333
2024-01-01 01:23:44.000000,2024-01-01 01:23:50.000000,7,-59.47150259067357,-59.0,6.161072884216567,0.19270833333333334,906.4518623813448,3959.0,0.0,5.730569948186528,3.0,14.252556356468133,0.10416666666666667,20.512953367875646,26.0,10.771832871878798,0.057291666666666664
2024-01-01 01:23:46.000000,2024-01-01 01:23:52.000000,7,-58.33160621761658,-59.0,3.697392945593936,0.17708333333333334,354.7068067255747,5454.000000000001,0.0,0.5284974093264249,1.0,5.232158804097534,0.052083333333333336,28.259067357512954,28.0,5.444342740464424,0.14583333333333334
2024-01-01 01:23:48.000000,2024-01-01 01:23:54.000000,7,-57.95336787564767,-58.0,3.387000509669923,0.17708333333333334,413.59159650355764,5550.0,0.0,-3.1865284974093266,-5.0,4.709965595069218,0.09895833333333333,28.756476683937823,28.0,5.461777414138088,0.13020833333333334
2024-01-01 01:23:50.000000,2024-01-01 01:23:56.000000,7,-56.58549222797927,-57.0,7.052939464860831,0.2604166666666667,476.5036075436755,5865.0,0.0,-6.295336787564767,-6.0,3.842041153413774,0.21875,30.38860103626943,30.0,8.689629511868764,0.19791666666666666
2024-01-01 01:23:52.000000,2024-01-01 01:23:58.000000,7,-56.917098445595855,-57.0,7.088970884677097,0.21354166666666666,449.07025754308154,5462.0,0.0,-10.124352331606218,-9.0,6.211974132690504,0.09895833333333333,28.300518134715027,28.0,8.346833839654703,0.16145833333333334
2024-01-01 01:23:54.000000,2024-01-01 01:24:00.000000,7,-55.590673575129536,-55.0,6.908125956540861,0.1875,400.16207879788817,5487.000000000001,0.0,-15.072538860103627,-17.0,6.9555824612166095,0.0625,28.430051813471504,28.0,8.125097980012391,0.15104166666666666
2024-01-01 01:23:56.000000,2024-01-01 01:24:02.000000,7,-56.689119170984455,-55.0,4.796562978591994,0.140625,559.3931903434594,4849.0,0.0,-17.89119170984456,-18.0,4.393837437434114,0.078125,25.124352331606218,27.0,5.832298514183686,0.08854166666666667
2024-01-01 01:23:58.000000,2024-01-01 01:24:04.000000,7,-56.129533678756474,-55.0,4.563077393847847,0.18229166666666666,596.0309461949474,5155.0,0.0,-17.808290155440414,-18.0,4.141951743888944,0.08854166666666667,26.70984455958549,28.0,6.125319419960543,0.07291666666666667
2024-01-01 01:24:00.000000,2024-01-01 01:24:06.000000,7,-55.968911917098445,-55.0,5.066132170016496,0.23958333333333334,592.8568004931453,5182.0,0.0,-17.419689119170986,-17.0,4.35112843442362,0.09895833333333333,26.849740932642487,29.0,6.3108052539567305,0.08333333333333333
2024-01-01 01:24:02.000000,2024-01-01 01:24:08.000000,7,-55.461139896373055,-55.0,4.079904097386203,0.265625,308.6626688178124,5471.000000000001,0.0,-17.818652849740932,-17.0,3.634794848736406,0.11979166666666667,28.34715025906736,28.0,4.112823526181609,0.19270833333333334
2024-01-01 01:24:04.000000,2024-01-01 01:24:10.000000,7,-56.295336787564764,-56.0,4.620023112264525,0.19791666666666666,344.71132134565175,5008.0,0.0,-18.145077720207254,-18.0,3.212879212244022,0.10416666666666667,25.94818652849741,26.0,4.857062011308128,0.18229166666666666
2024-01-01 01:24:06.000000,2024-01-01 01:24:12.000000,7,-58.33678756476684,-58.0,4.330793812129362,0.2552083333333333,401.36084943755014,4255.0,0.0,-17.4559585492228,-17.0,2.079006733580457,0.17708333333333334,22.04663212435233,22.0,5.12885033763295,0.13020833333333334
2024-01-01 01:24:08.000000,2024-01-01 01:24:14.000000,7,-59.61658031088083,-60.0,4.283949540025572,0.22916666666666666,535.9215738226515,3351.0,0.0,-17.471502590673577,-17.0,2.2936657162633796,0.18229166666666666,17.362694300518136,19.0,7.138003995254517,0.11979166666666667
2024-01-01 01:24:10.000000,2024-01-01 01:24:16.000000,7,-60.69948186528497,-61.0,3.7503957764665543,0.2552083333333333,659.0283988365486,2118.0,0.0,-18.321243523316063,-18.0,2.436787183758401,0.14583333333333334,10.974093264248705,11.0,8.628583333631491,0.09895833333333333
2024-01-01 01:24:12.000000,2024-01-01 01:24:18.000000,7,-60.77720207253886,-61.0,3.3922550337736017,0.3072916666666667,1263.1087541589525,185.0,-0.16580310880829016,-18.580310880829014,-19.0,2.258093292916923,0.13020833333333334,0.9585492227979274,3.0,11.585656630115949,0.015625
2024-01-01 01:24:14.000000,2024-01-01 01:24:20.000000,7,-60.27461139896373,-60.0,3.397644401406813,0.3645833333333333,1113.0413474591446,1640.0000000000002,0.0,-18.378238341968913,-19.0,2.342306334306119,0.125,-8.49740932642487,-12.0,10.981577543176002,0.057291666666666664
2024-01-01 01:24:16.000000,2024-01-01 01:24:22.000000,7,-60.0,-60.0,4.229115352726462,0.3098958333333333,1262.705565821871,1714.0,0.0,-16.678756476683937,-17.0,4.922357001030691,0.109375,-8.880829015544041,-13.0,13.715536177725136,0.06770833333333333
2024-01-01 01:24:18.000000,2024-01-01 01:24:24.000000,7,-59.90673575129534,-60.0,4.901276004948501,0.2916666666666667,2448.2371134731784,618.0,0.16580310880829016,-9.818652849740932,-13.0,9.96050870148712,0.026041666666666668,3.2020725388601035,-2.0,20.270709468316042,0.015625
2024-01-01 01:24:20.000000,2024-01-01 01:24:26.000000,7,-56.63212435233161,-58.0,7.803872178890169,0.14583333333333334,1774.4449695756164,4335.0,0.0,-6.38860103626943,-6.0,8.786191498797463,0.0625,22.46113989637306,26.0,18.932164890573617,0.078125
2024-01-01 01:24:22.000000,2024-01-01 01:24:28.000000,7,-56.01036269430052,-58.0,7.456114407334947,0.08854166666666667,1049.3401659504777,5891.000000000001,0.0,-3.3471502590673574,-4.0,5.079442294600816,0.09375,30.523316062176164,28.0,9.580836199403095,0.046875
2024-01-01 01:24:24.000000,2024-01-01 01:24:30.000000,7,-54.704663212435236,-53.0,8.992521720362522,0.09375,910.9493780439522,6446.0,0.0,-4.963730569948186,-4.0,4.165049340687657,0.09895833333333333,33.398963730569946,37.0,10.450348826102378,0.046875
2024-01-01 01:24:26.000000,2024-01-01 01:24:32.000000,7,-57.031088082901555,-59.0,8.914470174800591,0.10416666666666667,1218.7413466948865,4611.000000000001,0.0,-8.50259067357513,-5.0,8.680152379813823,0.078125,23.89119170984456,25.0,17.061578886294907,0.06770833333333333
2024-01-01 01:24:28.000000,2024-01-01 01:24:34.000000,7,-56.22279792746114,-58.0,9.055218249578292,0.13541666666666666,2729.6090074674776,2241.0,0.16580310880829016,-15.637305699481866,-19.0,12.751758742866388,0.026041666666666668,11.61139896373057,8.0,22.579703150991016,0.057291666666666664
2024-01-01 01:24:30.000000,2024-01-01 01:24:36.000000,7,-58.082901554404145,-60.0,7.3380691059569285,0.19791666666666666,1219.6179032715625,611.0,0.16580310880829016,-20.155440414507773,-19.0,8.906147451913938,0.046875,-3.1658031088082903,-10.0,17.14258438747976,0.078125
2024-01-01 01:24:32.000000,2024-01-01 01:24:38.000000,7,-59.35233160621762,-61.0,5.108225317022011,0.19270833333333334,574.9790854876512,2287.0,0.0,-19.984455958549223,-18.0,7.424254089874543,0.057291666666666664,-11.849740932642487,-14.0,6.696019684860142,0.08333333333333333
2024-01-01 01:24:34.000000,2024-01-01 01:24:40.000000,7,-60.689119170984455,-61.0,3.1567942189716187,0.22916666666666666,466.0911137131485,2719.0000000000005,0.0,-16.357512953367877,-16.0,2.7522070747644376,0.09375,-14.088082901554404,-16.0,6.222231056978264,0.09895833333333333
2024-01-01 01:24:36.000000,2024-01-01 01:24:42.000000,7,-59.362694300518136,-60.0,3.560936351991719,0.16145833333333334,394.8967001179583,2862.0,0.0,-19.55440414507772,-19.0,5.445601606493943,0.057291666666666664,-14.82901554404145,-16.0,7.6449048640231885,0.057291666666666664
2024-01-01 01:24:38.000000,2024-01-01 01:24:44.000000,7,-58.66839378238342,-59.0,8.192596124598996,0.2760416666666667,582.2029551489246,2447.0,0.0,-21.098445595854923,-21.0,6.970596554186987,0.11458333333333333,-12.678756476683938,-15.0,12.65859451567442,0.13020833333333334
2024-01-01 01:24:40.000000,2024-01-01 01:24:46.000000,7,-59.74611398963731,-59.0,9.185178160553303,0.2916666666666667,658.7286063915418,1270.0,0.0,-17.145077720207254,-19.0,12.126919483768457,0.06770833333333333,-6.580310880829016,-7.0,15.610660950757863,0.19270833333333334
2024-01-01 01:24:42.000000,2024-01-01 01:24:48.000000,7,-50.95854922279793,-57.0,19.3565326496668,0.09895833333333333,3130.6654228219963,2661.0,0.16580310880829016,-11.647668393782384,-14.0,16.663652037377577,0.0625,13.787564766839377,6.0,29.257325485416217,0.08854166666666667
2024-01-01 01:24:44.000000,2024-01-01 01:24:50.000000,7,-45.865284974093264,-45.0,17.01661219730811,0.11979166666666667,2367.2088128455102,6303.0,0.0,-4.538860103626943,-1.0,14.72348580026262,0.046875,32.6580310880829,45.0,25.607354702373982,0.026041666666666668
2024-01-01 01:24:46.000000,2024-01-01 01:24:52.000000,7,-40.81347150259067,-44.0,13.228222074038111,0.08333333333333333,998.9574887335644,8823.0,0.0,-3.683937823834197,1.0,15.068890450619795,0.026041666666666668,45.715025906735754,48.0,13.616650045545974,0.18229166666666666
2024-01-01 01:24:48.000000,2024-01-01 01:24:54.000000,7,-48.27979274611399,-46.0,10.038180028777896,0.10416666666666667,1803.0598031799889,7196.0,0.0,-6.7357512953367875,-1.0,10.924819629532749,0.015625,37.284974093264246,46.0,18.650754903297265,0.052083333333333336
2024-01-01 01:24:50.000000,2024-01-01 01:24:56.000000,7,-44.84974093264249,-44.0,13.64746666186444,0.14583333333333334,2119.295776449075,7611.0,0.0,-6.295336787564767,-4.0,12.40425116204891,0.020833333333333332,39.43523316062176,47.0,20.941565577233273,0.07291666666666667
2024-01-01 01:24:52.000000,2024-01-01 01:24:58.000000,7,-45.66321243523316,-47.0,14.009503621108232,0.11458333333333333,1738.0405602096578,7603.0,0.0,-6.694300518134715,-4.0,10.916101384196264,0.026041666666666668,39.39378238341969,43.0,19.932970036430333,0.046875
2024-01-01 01:24:54.000000,2024-01-01 01:25:00.000000,7,-45.89119170984456,-52.0,12.063787717514938,0.06770833333333333,882.6526641552475,8438.0,0.0,-1.6683937823834196,-2.0,7.083864147539422,0.06770833333333333,43.72020725388601,40.0,12.512679234420135,0.036458333333333336
2024-01-01 01:24:56.000000,2024-01-01 01:25:02.000000,7,-51.715025906735754,-52.0,5.884888143615559,0.11458333333333333,384.96699842863586,7443.0,0.0,-3.0155440414507773,-3.0,4.596734216559153,0.09375,38.56476683937824,39.0,7.436341091259964,0.07291666666666667
2024-01-01 01:24:58.000000,2024-01-01 01:25:04.000000,7,-48.829015544041454,-52.0,11.693872485763594,0.036458333333333336,1730.4724938588927,5485.0,0.0,-13.507772020725389,-3.0,20.736722451513117,0.026041666666666668,28.419689119170986,36.0,18.456735048562887,0.015625
2024-01-01 01:25:00.000000,2024-01-01 01:25:06.000000,7,-48.7720207253886,-51.0,13.330722839225007,0.052083333333333336,2079.256831656332,5141.0,0.0,-14.896373056994818,-3.0,21.062398301082364,0.036458333333333336,26.637305699481864,37.0,19.981581544919557,0.020833333333333332
2024-01-01 01:25:02.000000,2024-01-01 01:25:08.000000,7,-49.284974093264246,-53.0,13.485201461708556,0.046875,1938.3000505429266,5026.0,0.0,-14.569948186528498,-3.0,21.123065209658083,0.020833333333333332,26.041450777202073,37.0,19.613673535341366,0.020833333333333332
2024-01-01 01:25:04.000000,2024-01-01 01:25:10.000000,7,-51.2020725388601,-53.0,7.645504933110112,0.041666666666666664,646.9344824859592,7242.0,0.0,-4.108808290155441,-3.0,7.648091750665489,0.046875,37.523316062176164,38.0,11.623464297695087,0.11979166666666667
2024-01-01 01:25:06.000000,2024-01-01 01:25:12.000000,7,-48.73575129533679,-48.0,3.530760154861436,0.06770833333333333,307.42739991037905,8241.0,0.0,-2.5854922279792745,-3.0,1.0176550307732117,0.18229166666666666,42.69948186528497,44.0,3.996463246439054,0.015625
2024-01-01 01:25:08.000000,2024-01-01 01:25:14.000000,7,-45.979274611398964,-47.0,2.0740423222307065,0.052083333333333336,201.6190125858056,8837.0,0.0,-2.922279792746114,-3.0,0.5943930591858301,0.171875,45.78756476683938,45.0,1.854457124403842,0.010416666666666666
2024-01-01 01:25:10.000000,2024-01-01 01:25:16.000000,7,-46.07772020725388,-46.0,2.023088342643897,0.041666666666666664,208.25756065844436,8819.0,0.0,-2.9740932642487046,-3.0,0.5442429103104094,0.14583333333333334,45.69430051813472,46.0,1.8299643248030315,0.020833333333333332
2024-01-01 01:25:12.000000,2024-01-01 01:25:18.000000,7,-46.943005181347154,-47.0,2.4815706730176648,0.026041666666666668,238.30818703064708,8630.0,0.0,-3.0207253886010363,-3.0,0.45596222914200424,0.09375,44.715025906735754,45.0,2.581309447328432,0.046875
2024-01-01 01:25:14.000000,2024-01-01 01:25:20.000000,7,-49.38341968911917,-50.0,2.2169176036752716,0.005208333333333333,293.5485474928501,8122.0,0.0,-3.005181347150259,-3.0,0.29751416854259694,0.041666666666666664,42.082901554404145,41.0,2.5725651667417457,0.005208333333333333
2024-01-01 01:25:16.000000,2024-01-01 01:25:22.000000,7,-50.80829015544042,-51.0,1.446811753029629,0.046875,169.0562860805695,7808.000000000001,0.0,-3.010362694300518,-3.0,0.17647111737534577,0.020833333333333332,40.4559585492228,40.0,1.689236217428718,0.036458333333333336
2024-01-01 01:25:18.000000,2024-01-01 01:25:24.000000,7,-51.51813471502591,-51.0,0.8483640153794086,0.21875,60.99840412628242,7648.000000000002,0.0,-2.989637305699482,-3.0,0.14396315014973898,0.03125,39.626943005181346,40.0,0.9605225801317768,0.21875
2024-01-01 01:25:20.000000,2024-01-01 01:25:26.000000,7,-51.79274611398964,-52.0,0.9674651279233996,0.125,107.96225776255709,7585.000000000001,0.0,-2.989637305699482,-3.0,0.14396315014973912,0.03125,39.30051813471503,39.0,1.1332336388133593,0.14583333333333334
2024-01-01 01:25:22.000000,2024-01-01 01:25:28.000000,7,-52.145077720207254,-52.0,0.9840864625647047,0.2708333333333333,87.75303721266103,7498.000000000002,0.0,-2.9740932642487046,-3.0,0.2589086301313201,0.041666666666666664,38.84974093264249,39.0,1.1148675347477555,0.1875
2024-01-01 01:25:24.000000,2024-01-01 01:25:30.000000,7,-47.984455958549226,-52.0,7.71394616637202,0.005208333333333333,732.8950350781474,8243.0,0.0,-3.0207253886010363,-3.0,0.47826236286945956,0.052083333333333336,42.70984455958549,39.0,6.802171564768547,0.005208333333333333
2024-01-01 01:25:26.000000,2024-01-01 01:25:32.000000,7,-44.61139896373057,-43.0,7.404902276209127,0.010416666666666666,796.5407162897967,8920.0,0.0,-2.994818652849741,-3.0,0.5051547754404162,0.0625,46.21761658031088,48.0,6.5728529858088995,0.010416666666666666
2024-01-01 01:25:28.000000,2024-01-01 01:25:34.000000,7,-43.55958549222798,-43.0,6.364601309374252,0.020833333333333332,593.5026487563666,9165.0,0.0,-3.010362694300518,-3.0,0.4563172017369474,0.041666666666666664,47.487046632124354,48.0,5.1822099616240775,0.010416666666666666
2024-01-01 01:25:30.000000,2024-01-01 01:25:36.000000,7,-47.18652849740933,-50.0,3.9747149885330155,0.015625,425.73706736386,8531.0,0.0,-2.9585492227979273,-3.0,0.1998488202364826,0.052083333333333336,44.2020725388601,42.0,3.865660230225105,0.015625
2024-01-01 01:25:32.000000,2024-01-01 01:25:38.000000,7,-49.7720207253886,-50.0,0.7358700629650752,0.057291666666666664,56.88835424178511,8037.0,0.0,-2.9274611398963732,-3.0,0.2974234491721254,0.11458333333333333,41.64248704663213,41.0,0.8965547663417349,0.171875
2024-01-01 01:25:34.000000,2024-01-01 01:25:40.000000,7,-50.134715025906736,-50.0,0.5327669974530411,0.15625,29.825028802598407,7962.0,0.0,-2.8756476683937824,-3.0,0.36095608026816206,0.19270833333333334,41.25388601036269,41.0,0.502906062572347,0.15625
2024-01-01 01:25:36.000000,2024-01-01 01:25:42.000000,7,-47.70984455958549,-50.0,6.133816484311578,0.015625,404.44163130504,8364.0,0.0,-2.917098445595855,-3.0,0.5237762281098558,0.2604166666666667,43.33678756476684,41.0,4.866503711753565,0.015625
2024-01-01 01:25:38.000000,2024-01-01 01:25:44.000000,7,-43.03626943005181,-49.0,8.677901206149798,0.010416666666666666,863.0047333716876,9113.0,0.0,-2.901554404145078,-3.0,0.5454811221085988,0.2604166666666667,47.21761658031088,43.0,6.948793399316917,0.010416666666666666
2024-01-01 01:25:40.000000,2024-01-01 01:25:46.000000,7,-39.45077720207254,-34.0,16.408487130556683,0.046875,2552.580691977865,7218.999999999999,0.0,-14.38860103626943,-3.0,21.423295211526344,0.005208333333333333,37.40414507772021,45.0,24.976496940033634,0.026041666666666668
2024-01-01 01:25:42.000000,2024-01-01 01:25:48.000000,7,-31.430051813471504,-30.0,18.117571135543194,0.140625,2567.579545288555,5528.0,0.0,-32.32124352331606,-47.0,26.545958859663166,0.015625,28.642487046632123,27.0,24.904016954078923,0.0625
2024-01-01 01:25:44.000000,2024-01-01 01:25:50.000000,7,-22.487046632124354,-16.0,20.18252875020925,0.13020833333333334,1304.3978489852907,4012.000000000001,0.0,-50.01036269430052,-56.0,16.973628331088644,0.046875,20.787564766839377,27.0,18.626019289144562,0.10416666666666667
2024-01-01 01:25:46.000000,2024-01-01 01:25:52.000000,7,-15.373056994818652,-16.0,6.944399683217859,0.08333333333333333,737.7325843860891,4514.0,0.0,-57.10362694300518,-56.0,2.1138524530905576,0.13020833333333334,23.38860103626943,25.0,8.115653252832292,0.07291666666666667
2024-01-01 01:25:48.000000,2024-01-01 01:25:54.000000,7,-17.440414507772022,-18.0,7.833410272285955,0.046875,661.618163189144,4339.0,0.0,-56.90155440414508,-57.0,1.4015050200564818,0.11458333333333333,22.481865284974095,21.0,6.661529216523092,0.036458333333333336
2024-01-01 01:25:50.000000,2024-01-01 01:25:56.000000,7,-21.88082901554404,-22.0,5.038528155703853,0.06770833333333333,509.60914054759616,4118.0,0.0,-56.310880829015545,-56.0,1.9676381122891093,0.078125,21.33678756476684,20.0,5.756838690622176,0.041666666666666664
2024-01-01 01:25:52.000000,2024-01-01 01:25:58.000000,7,-20.38860103626943,-22.0,6.33025758192671,0.026041666666666668,644.5623940268476,4653.0,0.0,-55.58549222797927,-56.0,1.4484894758533888,0.0625,24.10880829015544,26.0,5.457561185480589,0.020833333333333332
2024-01-01 01:25:54.000000,2024-01-01 01:26:00.000000,7,-19.626943005181346,-21.0,6.602217074105461,0.041666666666666664,370.6148277654392,5003.0,0.0,-55.12435233160622,-55.0,1.546190789828092,0.09895833333333333,25.922279792746114,27.0,4.549401401152496,0.057291666666666664
2024-01-01 01:25:56.000000,2024-01-01 01:26:02.000000,7,-19.958549222797927,-21.0,6.972292034734096,0.0625,327.05266784315387,5083.000000000001,0.0,-54.84455958549223,-55.0,1.7280419849933724,0.078125,26.33678756476684,27.0,4.333198400317172,0.09375
2024-01-01 01:25:58.000000,2024-01-01 01:26:04.000000,7,-22.2279792746114,-21.0,4.012979535154427,0.041666666666666664,241.54865142930507,5036.0,0.0,-54.41450777202073,-54.0,1.378479268974096,0.11979166666666667,26.093264248704664,27.0,3.634557260063998,0.09895833333333333
2024-01-01 01:26:00.000000,2024-01-01 01:26:06.000000,7,-22.55440414507772,-22.0,2.625673283175712,0.0625,133.04026694966151,5484.0,0.0,-53.248704663212436,-54.0,1.3229980476920176,0.03125,28.414507772020727,28.0,1.6814542599561524,0.078125
2024-01-01 01:26:02.000000,2024-01-01 01:26:08.000000,7,-22.694300518134714,-23.0,1.956511205364916,0.057291666666666664,178.9907263600249,5692.0,0.0,-52.56476683937824,-52.0,1.5024986385666548,0.036458333333333336,29.492227979274613,30.0,1.9151783287955424,0.08333333333333333
2024-01-01 01:26:04.000000,2024-01-01 01:26:10.000000,7,-23.424870466321245,-24.0,3.8332160003068747,0.19791666666666666,281.68543435192856,5525.0,0.0,-52.49740932642487,-52.0,1.53814130369121,0.052083333333333336,28.626943005181346,30.0,4.8235208745213285,0.057291666666666664
2024-01-01 01:26:06.000000,2024-01-01 01:26:12.000000,7,-24.409326424870468,-24.0,4.337736072127199,0.08854166666666667,299.3253226307974,5276.0,0.0,-52.715025906735754,-52.0,1.536579034587442,0.08333333333333333,27.33678756476684,29.0,5.066797974050715,0.057291666666666664
2024-01-01 01:26:08.000000,2024-01-01 01:26:14.000000,7,-25.756476683937823,-27.0,4.694608168412171,0.08333333333333333,259.3408140366775,4929.0,0.0,-53.005181347150256,-53.0,1.3050279743426698,0.0625,25.53886010362694,26.0,4.402862793365483,0.08854166666666667
2024-01-01 01:26:10.000000,2024-01-01 01:26:16.000000,7,-23.818652849740932,-26.0,6.384654800827845,0.03125,677.0000028161271,4117.000000000001,0.0,-54.994818652849744,-53.0,4.128782873174237,0.015625,21.33160621761658,25.0,7.564575198083578,0.015625
2024-01-01 01:26:12.000000,2024-01-01 01:26:18.000000,7,-21.637305699481864,-21.0,6.488215037250439,0.036458333333333336,850.0762556020625,3208.0000000000005,0.0,-57.4300518134715,-59.0,4.111281290725319,0.005208333333333333,16.621761658031087,14.0,7.610090820552932,0.036458333333333336
2024-01-01 01:26:14.000000,2024-01-01 01:26:20.000000,7,-18.05699481865285,-17.0,5.7065263519221014,0.09375,240.5294994924758,2456.0,0.0,-60.10362694300518,-61.0,1.9444465005335003,0.09375,12.72538860103627,12.0,4.809087315878597,0.140625
2024-01-01 01:26:16.000000,2024-01-01 01:26:22.000000,7,-19.077720207253886,-18.0,7.508964849352291,0.125,341.2782275398196,2873.0,0.0,-59.18652849740933,-60.0,1.8046308690151622,0.08854166666666667,14.8860103626943,14.0,5.70886200166537,0.109375
2024-01-01 01:26:18.000000,2024-01-01 01:26:24.000000,7,-17.129533678756477,-16.0,7.598574995939166,0.171875,723.1485203378888,3698.0,0.0,-58.41450777202073,-58.0,1.7982042231973239,0.09375,19.16062176165803,20.0,6.343476277094889,0.046875
2024-01-01 01:26:20.000000,2024-01-01 01:26:26.000000,7,-24.756476683937823,-18.0,15.088204969056312,0.078125,1365.0685097596543,5140.0,0.0,-43.72538860103627,-57.0,21.995317398901317,0.005208333333333333,26.632124352331605,25.0,17.90467828020904,0.08333333333333333
2024-01-01 01:26:22.000000,2024-01-01 01:26:28.000000,7,-33.119170984455955,-31.0,20.14818269660617,0.06770833333333333,2616.3756236288446,3879.0,0.0,-33.46632124352332,-36.0,23.067838258430246,0.026041666666666668,20.098445595854923,25.0,28.50942182836947,0.07291666666666667
2024-01-01 01:26:24.000000,2024-01-01 01:26:30.000000,7,-44.24352331606217,-47.0,14.965507982967205,0.13020833333333334,2899.298558687084,5131.0,0.0,-15.295336787564766,-5.0,17.940318565302135,0.026041666666666668,26.585492227979273,44.0,30.97099107920712,0.036458333333333336
2024-01-01 01:26:26.000000,2024-01-01 01:26:32.000000,7,-47.310880829015545,-48.0,12.126792640304053,0.125,2670.1851304846714,5542.0,0.0,-10.720207253886011,-3.0,15.606637742431488,0.036458333333333336,28.71502590673575,43.0,27.897816374456024,0.026041666666666668
2024-01-01 01:26:28.000000,2024-01-01 01:26:34.000000,7,-48.38341968911917,-48.0,1.2739925411157826,0.18229166666666666,88.85637737947755,8384.0,0.0,-2.6424870466321244,-3.0,0.5788440628097399,0.28125,43.44041450777202,43.0,1.3948655230123208,0.203125
2024-01-01 01:26:30.000000,2024-01-01 01:26:36.000000,7,-49.07772020725388,-49.0,0.8472817961821333,0.15104166666666666,55.05189108721294,8234.0,0.0,-2.5077720207253886,-3.0,0.560126204012467,0.3177083333333333,42.66321243523316,43.0,0.9604382904927089,0.140625
2024-01-01 01:26:32.000000,2024-01-01 01:26:38.000000,7,-49.48186528497409,-50.0,0.7077934038903383,0.19791666666666666,32.01773818457634,8144.000000000001,0.0,-2.383419689119171,-2.0,0.518546360658317,0.3697916666666667,42.196891191709845,42.0,0.7790155871188261,0.16666666666666666
2024-01-01 01:26:34.000000,2024-01-01 01:26:40.000000,7,-49.74611398963731,-50.0,0.4817480404098063,0.15104166666666666,48.047461970479866,8076.000000000002,0.0,-2.290155440414508,-2.0,0.4550142816942878,0.3489583333333333,41.84455958549223,42.0,0.600940181631938,0.11979166666666667
2024-01-01 01:26:36.000000,2024-01-01 01:26:42.000000,7,-49.932642487046635,-50.0,0.3961031032367483,0.10416666666666667,43.82376110156186,8023.0,0.0,-2.233160621761658,-2.0,0.42394336800404264,0.3177083333333333,41.5699481865285,42.0,0.5557732014662525,0.17708333333333334
2024-01-01 01:26:38.000000,2024-01-01 01:26:44.000000,7,-49.12435233160622,-50.0,15.89139827994637,0.052083333333333336,665.1187407344,7343.0,0.0,-4.0310880829015545,-2.0,9.26682407825946,0.005208333333333333,38.04663212435233,41.0,16.74946832347734,0.005208333333333333
2024-01-01 01:26:40.000000,2024-01-01 01:26:46.000000,7,-51.09326424870466,-50.0,23.419445406400015,0.0625,2353.7879880305727,5049.999999999999,0.0,-11.196891191709845,-2.0,13.676035559265973,0.010416666666666666,26.16580310880829,41.0,24.0464713173305,0.020833333333333332
2024-01-01 01:26:42.000000,2024-01-01 01:26:48.000000,7,-50.487046632124354,-50.0,23.49182233784817,0.09375,2467.3637225293533,5237.0,0.0,-11.378238341968911,-3.0,13.611688566463654,0.010416666666666666,27.134715025906736,41.0,24.70750744221091,0.020833333333333332
2024-01-01 01:26:44.000000,2024-01-01 01:26:50.000000,7,-50.01036269430052,-48.0,17.674425272747477,0.057291666666666664,2230.981411690479,6158.0,0.0,-9.67357512953368,-2.0,11.64770078195885,0.015625,31.906735751295336,44.0,21.381982441844595,0.015625
2024-01-01 01:26:46.000000,2024-01-01 01:26:52.000000,7,-46.36787564766839,-46.0,1.8776104453416171,0.046875,125.7862637857341,8821.0,0.0,-2.1761658031088085,-2.0,1.3463112464679734,0.125,45.704663212435236,46.0,1.544758953534509,0.046875
2024-01-01 01:26:48.000000,2024-01-01 01:26:54.000000,7,-45.362694300518136,-46.0,0.812055644400532,0.18229166666666666,37.65233430523356,8976.0,0.0,-1.9015544041450778,-2.0,0.40265740761867247,0.17708333333333334,46.50777202072539,46.0,0.6383505027971825,0.18229166666666666
2024-01-01 01:26:50.000000,2024-01-01 01:26:56.000000,7,-45.409326424870464,-46.0,0.7861536521360426,0.13020833333333334,42.53344382095967,8961.0,0.0,-1.9170984455958548,-2.0,0.3584804092271364,0.13541666666666666,46.4300518134715,46.0,0.6896017097823316,0.171875
2024-01-01 01:26:52.000000,2024-01-01 01:26:58.000000,7,-45.58031088082902,-46.0,0.7938736168411256,0.08333333333333333,65.67832831970625,8930.0,0.0,-1.9067357512953367,-2.0,0.41029234701279826,0.13541666666666666,46.26943005181347,46.0,0.7288319611775076,0.11458333333333333
2024-01-01 01:26:54.000000,2024-01-01 01:27:00.000000,7,-45.8860103626943,-46.0,0.6270475957948133,0.036458333333333336,41.93541325080817,8878.0,0.0,-1.854922279792746,-2.0,0.4326386087753939,0.16666666666666666,46.0,46.0,0.6454972243679028,0.1171875
2024-01-01 01:26:56.000000,2024-01-01 01:27:02.000000,7,-46.07772020725388,-46.0,0.4439066442488674,0.15625,14.94719675913743,8850.0,0.0,-1.8186528497409327,-2.0,0.4486835474296157,0.21875,45.854922279792746,46.0,0.4673608518084373,0.19791666666666666
2024-01-01 01:26:58.000000,2024-01-01 01:27:04.000000,7,-46.1139896373057,-46.0,0.54720991163543,0.1875,26.782927852275243,8841.0,0.0,-1.7409326424870466,-2.0,0.49500963860750746,0.25,45.80829015544042,46.0,0.5769294428593466,0.1875
2024-01-01 01:27:00.000000,2024-01-01 01:27:06.000000,7,-46.17616580310881,-46.0,0.5951643798420857,0.234375,25.365076797982425,8826.0,0.0,-1.7305699481865284,-2.0,0.5495719797871658,0.265625,45.73056994818653,46.0,0.6207758808946419,0.22395833333333334
2024-01-01 01:27:02.000000,2024-01-01 01:27:08.000000,7,-46.44041450777202,-46.0,0.6437389434300413,0.2552083333333333,32.31397453825802,8774.0,0.0,-1.6839378238341969,-2.0,0.5760868679698604,0.265625,45.461139896373055,45.0,0.6289812746566794,0.171875
2024-01-01 01:27:04.000000,2024-01-01 01:27:10.000000,7,-46.73056994818653,-47.0,0.5102574784366406,0.19270833333333334,27.95639866291333,8723.0,0.0,-1.6269430051813472,-2.0,0.5549957599925177,0.3333333333333333,45.196891191709845,45.0,0.4593821411861386,0.11979166666666667
2024-01-01 01:27:06.000000,2024-01-01 01:27:12.000000,7,-46.8860103626943,-47.0,0.7755785071321853,0.203125,15.81721432383261,8691.0,0.0,-1.4041450777202074,-1.0,1.1284130724943615,0.3125,45.031088082901555,45.0,0.5294133521260365,0.109375
2024-01-01 01:27:08.000000,2024-01-01 01:27:14.000000,7,-47.01036269430052,-47.0,1.0848849656074302,0.14583333333333334,50.088434049194916,8669.0,0.0,-1.3316062176165804,-1.0,1.124484145787661,0.34375,44.917098445595855,45.0,0.8858657933342127,0.125
2024-01-01 01:27:10.000000,2024-01-01 01:27:16.000000,7,-46.601036269430054,-46.0,1.263015143965428,0.171875,95.86249541985,8742.0,0.0,-1.3575129533678756,-1.0,1.1280782105200349,0.3125,45.295336787564764,45.0,1.0805231254004002,0.140625
2024-01-01 01:27:12.000000,2024-01-01 01:27:18.000000,7,-46.3419689119171,-46.0,1.0835658047369172,0.08333333333333333,81.19879260398628,8800.0,0.0,-1.5906735751295338,-2.0,0.513683655667739,0.28125,45.59585492227979,46.0,1.001240594883584,0.08333333333333333
2024-01-01 01:27:14.000000,2024-01-01 01:27:20.000000,7,-45.854922279792746,-46.0,0.549326404914638,0.10416666666666667,24.430192120481347,8893.0,0.0,-1.7098445595854923,-2.0,0.5291074212411266,0.2552083333333333,46.07772020725388,46.0,0.4778107458066332,0.08333333333333333
2024-01-01 01:27:16.000000,2024-01-01 01:27:22.000000,7,-45.766839378238345,-46.0,0.5885530103068699,0.109375,33.66016408039854,8907.0,0.0,-1.8445595854922279,-2.0,0.4639997506103781,0.16666666666666666,46.15025906735751,46.0,0.5334756664565024,0.078125
2024-01-01 01:27:18.000000,2024-01-01 01:27:24.000000,7,-44.398963730569946,-46.0,3.6459736587848073,0.09895833333333333,175.83711287274963,9119.0,0.0,-2.088082901554404,-2.0,0.846261972692186,0.09895833333333333,47.248704663212436,46.0,2.4088186248719965,0.046875
2024-01-01 01:27:20.000000,2024-01-01 01:27:26.000000,7,-41.93782383419689,-44.0,4.341690990421125,0.026041666666666668,321.5034165912803,9511.0,0.0,-2.4922279792746114,-2.0,0.9078314992817127,0.109375,49.27979274611399,47.0,3.1232421653609848,0.036458333333333336
2024-01-01 01:27:22.000000,2024-01-01 01:27:28.000000,7,-39.27461139896373,-39.0,3.9505047118578505,0.125,235.67050388383305,9927.0,0.0,-2.948186528497409,-3.0,0.8940831700831362,0.09895833333333333,51.43523316062176,52.0,2.635337200225934,0.11458333333333333
2024-01-01 01:27:24.000000,2024-01-01 01:27:30.000000,7,-39.170984455958546,-39.0,2.331127133662764,0.10416666666666667,220.4289926762027,9950.0,0.0,-3.1139896373056994,-3.0,0.47594329570379196,0.09375,51.55440414507772,51.0,1.7584302251296164,0.08333333333333333
2024-01-01 01:27:26.000000,2024-01-01 01:27:32.000000,7,-40.79274611398964,-42.0,2.868388997401591,0.036458333333333336,225.60984791525806,9688.0,0.0,-3.1036269430051813,-3.0,0.4325762284695726,0.10416666666666667,50.196891191709845,50.0,2.217964220850755,0.036458333333333336
2024-01-01 01:27:28.000000,2024-01-01 01:27:34.000000,7,-42.979274611398964,-44.0,1.2456530634186016,0.06770833333333333,102.19300116587803,9349.0,0.0,-3.0155440414507773,-3.0,0.25974113591355774,0.0625,48.44041450777202,48.0,1.083889521102174,0.057291666666666664
2024-01-01 01:27:30.000000,2024-01-01 01:27:36.000000,7,-41.12435233160622,-44.0,8.080008619542589,0.036458333333333336,376.3522831342243,9534.0,0.0,-4.787564766839378,-3.0,6.746252877925555,0.026041666666666668,49.398963730569946,48.0,7.521593841770018,0.041666666666666664
2024-01-01 01:27:32.000000,2024-01-01 01:27:38.000000,7,-35.2279792746114,-44.0,12.377728847257677,0.08854166666666667,969.0418030836089,8442.0,0.0,-19.787564766839377,-3.0,21.337600096845915,0.015625,43.740932642487046,47.0,13.310601709751808,0.03125
2024-01-01 01:27:34.000000,2024-01-01 01:27:40.000000,7,-33.48186528497409,-38.0,13.04283538330236,0.10416666666666667,1048.3426532073568,8445.0,0.0,-23.2279792746114,-13.0,21.027260197568204,0.020833333333333332,43.75647668393783,47.0,14.488780574002403,0.0625
2024-01-01 01:27:36.000000,2024-01-01 01:27:42.000000,7,-35.84974093264249,-42.0,12.140377381011174,0.06770833333333333,1033.9274233546132,8155.0,0.0,-21.694300518134714,-4.0,21.42245751767803,0.005208333333333333,42.25388601036269,47.0,11.697702673649436,0.07291666666666667
2024-01-01 01:27:38.000000,2024-01-01 01:27:44.000000,7,-42.18652849740933,-44.0,6.965422402128201,0.057291666666666664,255.94639639149196,9182.0,0.0,-6.730569948186528,-3.0,10.4756636716233,0.005208333333333333,47.575129533678755,48.0,5.755957340443786,0.11458333333333333
2024-01-01 01:27:40.000000,2024-01-01 01:27:46.000000,7,-44.020725388601036,-44.0,0.6843377974880592,0.1875,59.58722828588856,9172.0,0.0,-3.0207253886010363,-3.0,0.38131555751653456,0.09375,47.523316062176164,47.0,0.6698300379892993,0.19270833333333334
2024-01-01 01:27:42.000000,2024-01-01 01:27:48.000000,7,-44.15025906735751,-44.0,0.35825449990364117,0.140625,34.28556358995857,9149.0,0.0,-2.906735751295337,-3.0,0.2915587019520048,0.11979166666666667,47.40414507772021,47.0,0.49200209570302206,0.2604166666666667
2024-01-01 01:27:44.000000,2024-01-01 01:27:50.000000,7,-44.170984455958546,-44.0,0.5560159289973544,0.09895833333333333,33.35993245550497,9158.0,0.0,-2.8756476683937824,-3.0,0.3887449359360058,0.15625,47.45077720207254,47.0,0.6282514732527206,0.3020833333333333
2024-01-01 01:27:46.000000,2024-01-01 01:27:52.000000,7,-44.652849740932645,-44.0,0.8889979513547549,0.046875,70.99439425165008,9092.0,0.0,-2.8756476683937824,-3.0,0.3887449359360052,0.16145833333333334,47.10880829015544,47.0,0.8251105541668845,0.19791666666666666
2024-01-01 01:27:48.000000,2024-01-01 01:27:54.000000,7,-45.295336787564764,-46.0,0.9133437968211703,0.1875,70.08359806023624,8984.0,0.0,-2.844559585492228,-3.0,0.41668825505385604,0.171875,46.54922279792746,46.0,0.8471225296914747,0.140625
2024-01-01 01:27:50.000000,2024-01-01 01:27:56.000000,7,-45.78756476683938,-46.0,0.4580879387033583,0.21875,29.05297057284232,8897.0,0.0,-2.844559585492228,-3.0,0.3632663420042666,0.1875,46.09844559585492,46.0,0.4397533262070788,0.14583333333333334
2024-01-01 01:27:52.000000,2024-01-01 01:27:58.000000,7,-44.476683937823836,-46.0,2.892289568224352,0.015625,216.80541999329128,9100.0,0.0,-2.849740932642487,-3.0,0.3994950396453117,0.19270833333333334,47.15025906735751,46.0,2.4007838206235634,0.015625
2024-01-01 01:27:54.000000,2024-01-01 01:28:00.000000,7,-43.2020725388601,-44.0,2.9695671427910204,0.08854166666666667,294.14097331849473,9317.000000000002,0.0,-2.9274611398963732,-3.0,0.3305964934036323,0.125,48.27461139896373,48.0,2.490027605953606,0.010416666666666666
2024-01-01 01:27:56.000000,2024-01-01 01:28:02.000000,7,-42.44041450777202,-43.0,2.478621894108722,0.052083333333333336,184.8806584572994,9446.0,0.0,-2.911917098445596,-3.0,0.40506294954184213,0.125,48.943005181347154,48.0,2.051895791338996,0.041666666666666664
2024-01-01 01:27:58.000000,2024-01-01 01:28:04.000000,7,-44.25388601036269,-44.0,2.7008482323963867,0.046875,181.3183255646599,9136.0,0.0,-2.8963730569948187,-3.0,0.3813863222118662,0.11979166666666667,47.33678756476684,48.0,2.499071502880865,0.036458333333333336
2024-01-01 01:28:00.000000,2024-01-01 01:28:06.000000,7,-46.424870466321245,-46.0,2.515742747515195,0.046875,284.5579614868236,8742.0,0.0,-2.865284974093264,-3.0,0.41140896956896317,0.16666666666666666,45.295336787564764,46.0,2.3915713574673823,0.026041666666666668
2024-01-01 01:28:02.000000,2024-01-01 01:28:08.000000,7,-48.005181347150256,-48.0,1.4049666711884208,0.17708333333333334,96.25100143672239,8464.0,0.0,-2.901554404145078,-3.0,0.34708258562411765,0.15625,43.854922279792746,44.0,1.3653788848288364,0.15625
2024-01-01 01:28:04.000000,2024-01-01 01:28:10.000000,7,-48.44559585492228,-48.0,0.5086683824615627,0.3125,25.980483227802903,8377.0,0.0,-2.9533678756476682,-3.0,0.29386354969211625,0.09895833333333333,43.40414507772021,43.0,0.5127371602580592,0.2708333333333333
2024-01-01 01:28:06.000000,2024-01-01 01:28:12.000000,7,-46.15544041450777,-48.0,4.93147669924873,0.005208333333333333,347.96783645661225,8740.0,0.0,-3.0259067357512954,-3.0,0.5722327720632082,0.08854166666666667,45.284974093264246,44.0,3.955037942869028,0.005208333333333333
2024-01-01 01:28:08.000000,2024-01-01 01:28:14.000000,7,-41.69430051813472,-46.0,7.384867597327104,0.020833333333333332,721.1833709896254,9416.0,0.0,-3.160621761658031,-3.0,0.6535987133292341,0.15625,48.78756476683938,47.0,5.679041400293906,0.010416666666666666
2024-01-01 01:28:10.000000,2024-01-01 01:28:16.000000,7,-40.97409326424871,-44.0,6.7795919502643915,0.03125,617.6547032690185,9563.0,0.0,-3.150259067357513,-3.0,0.6717610835467276,0.16666666666666666,49.54922279792746,47.0,5.012371352993598,0.010416666666666666
2024-01-01 01:28:12.000000,2024-01-01 01:28:18.000000,7,-42.39378238341969,-46.0,6.2274896873911425,0.015625,485.4763987976569,9361.0,0.0,-3.1088082901554404,-3.0,0.4604969344062816,0.13020833333333334,48.50259067357513,46.0,4.509393381611417,0.005208333333333333
2024-01-01 01:28:14.000000,2024-01-01 01:28:20.000000,7,-46.03626943005181,-46.0,0.7594752642643208,0.20833333333333334,40.1395618747307,8835.0,0.0,-2.9792746113989637,-3.0,0.2491349455030587,0.0625,45.77720207253886,46.0,0.6975391607852666,0.125
2024-01-01 01:28:16.000000,2024-01-01 01:28:22.000000,7,-45.78756476683938,-46.0,0.7510068083926792,0.18229166666666666,48.57937025532346,8878.0,0.0,-2.9792746113989637,-3.0,0.33786321848367123,0.08333333333333333,46.0,46.0,0.7071067811865476,0.08854166666666667
2024-01-01 01:28:18.000000,2024-01-01 01:28:24.000000,7,-45.49222797927461,-46.0,0.6464580659935208,0.19791666666666666,41.864090507811305,8940.0,0.0,-2.989637305699482,-3.0,0.3060098940683174,0.07291666666666667,46.32124352331606,46.0,0.604164805547726,0.11458333333333333
2024-01-01 01:28:20.000000,2024-01-01 01:28:26.000000,7,-45.715025906735754,-46.0,0.7750215886457709,0.09375,84.96441951941308,8888.0,0.0,-3.0,-3.0,0.30618621784789724,0.06770833333333333,46.05181347150259,46.0,0.7888608126232254,0.0625
2024-01-01 01:28:22.000000,2024-01-01 01:28:28.000000,7,-44.259067357512954,-46.0,7.77383653946456,0.041666666666666664,1345.487246895112,7400.0,0.0,-11.367875647668393,-3.0,18.69894170760623,0.005208333333333333,38.3419689119171,45.0,16.763898160030138,0.005208333333333333
2024-01-01 01:28:24.000000,2024-01-01 01:28:30.000000,7,-38.72538860103627,-44.0,10.953606140372724,0.015625,2489.984553177327,5050.0,0.0,-28.974093264248705,-32.0,26.123591515692425,0.005208333333333333,26.16580310880829,26.0,20.325053082715403,0.005208333333333333
2024-01-01 01:28:26.000000,2024-01-01 01:28:32.000000,7,-27.487046632124354,-27.0,14.315677888933134,0.11979166666666667,1489.0160303617517,3729.0,0.0,-47.23834196891192,-56.0,20.129921275801074,0.015625,19.321243523316063,22.0,15.661471252054485,0.041666666666666664
2024-01-01 01:28:28.000000,2024-01-01 01:28:34.000000,7,-17.88082901554404,-15.0,9.910079850459685,0.057291666666666664,850.600455936236,4194.0,0.0,-56.2279792746114,-57.0,2.489529021636065,0.09375,21.730569948186528,24.0,11.826433501312524,0.046875
2024-01-01 01:28:30.000000,2024-01-01 01:28:36.000000,7,-17.761658031088082,-14.0,13.40418083671216,0.08854166666666667,509.25914752436046,5885.0,0.0,-49.67357512953368,-56.0,15.79926739354428,0.026041666666666668,30.492227979274613,26.0,9.739908864961453,0.06770833333333333
2024-01-01 01:28:32.000000,2024-01-01 01:28:38.000000,7,-30.352331606217618,-24.0,19.165947647397928,0.015625,641.575359391467,6921.0,0.0,-31.580310880829014,-49.0,24.643817385289893,0.005208333333333333,35.86010362694301,39.0,9.498690369688122,0.06770833333333333
2024-01-01 01:28:34.000000,2024-01-01 01:28:40.000000,7,-43.284974093264246,-51.0,14.62292122421279,0.015625,482.0492878470784,7494.0,0.0,-14.569948186528498,-4.0,20.040753491776076,0.015625,38.829015544041454,40.0,7.467763188976486,0.020833333333333332
2024-01-01 01:28:36.000000,2024-01-01 01:28:42.000000,7,-50.67357512953368,-51.0,1.1646602534837784,0.03125,145.71079114907343,7834.0,0.0,-3.284974093264249,-3.0,0.650826497258432,0.2708333333333333,40.590673575129536,40.0,1.415434290750901,0.0625
2024-01-01 01:28:38.000000,2024-01-01 01:28:44.000000,7,-50.7979274611399,-51.0,0.893026137473428,0.08333333333333333,105.36958700851186,7797.0,0.0,-3.139896373056995,-3.0,0.40326013837909563,0.15625,40.398963730569946,40.0,1.0465215018746654,0.0625
2024-01-01 01:28:40.000000,2024-01-01 01:28:46.000000,7,-50.62176165803109,-51.0,0.7478740738902742,0.11458333333333333,66.29565296036259,7844.999999999999,0.0,-3.0362694300518136,-3.0,0.27713295911775143,0.08333333333333333,40.64766839378238,40.0,0.8957115734419893,0.125
2024-01-01 01:28:42.000000,2024-01-01 01:28:48.000000,7,-50.81347150259067,-51.0,0.45233752891959356,0.16666666666666666,36.50873268709439,7802.999999999999,0.0,-3.0207253886010363,-3.0,0.20306375288927947,0.052083333333333336,40.4300518134715,40.0,0.4963706795007617,0.13541666666666666
2024-01-01 01:28:44.000000,2024-01-01 01:28:50.000000,7,-50.77720207253886,-51.0,0.4644647968314531,0.25,34.029503220614004,7827.0,0.0,-2.994818652849741,-3.0,0.21644402005351324,0.052083333333333336,40.55440414507772,41.0,0.4983240478337323,0.203125
2024-01-01 01:28:46.000000,2024-01-01 01:28:52.000000,7,-50.15544041450777,-51.0,1.09766985104804,0.24479166666666666,99.26473766174333,7974.0,0.0,-2.9689119170984455,-3.0,0.286987509732845,0.09375,41.3160621761658,41.0,1.2577265519369953,0.015625
2024-01-01 01:28:48.000000,2024-01-01 01:28:54.000000,7,-49.67357512953368,-50.0,1.238352469767084,0.020833333333333332,165.01341687626126,8093.0,0.0,-2.9637305699481864,-3.0,0.2576548279436939,0.08333333333333333,41.932642487046635,42.0,1.4217879594816927,0.020833333333333332
2024-01-01 01:28:50.000000,2024-01-01 01:28:56.000000,7,-50.07253886010363,-50.0,1.7335303212762445,0.036458333333333336,257.3614854685481,7994.0,0.0,-2.989637305699482,-3.0,0.28848810824891274,0.06770833333333333,41.41968911917098,42.0,2.097872411003521,0.041666666666666664
2024-01-01 01:28:52.000000,2024-01-01 01:28:58.000000,7,-50.41450777202073,-50.0,1.5014565467099021,0.07291666666666667,175.0909175010433,7908.0,0.0,-3.010362694300518,-3.0,0.20385956424551113,0.052083333333333336,40.97409326424871,41.0,1.8269830355232646,0.07291666666666667
2024-01-01 01:28:54.000000,2024-01-01 01:29:00.000000,7,-50.89119170984456,-51.0,1.0770209344596098,0.16145833333333334,118.85015075983954,7803.0,0.0,-3.0155440414507773,-3.0,0.19030359346492862,0.052083333333333336,40.4300518134715,41.0,1.3096311891017454,0.15104166666666666
2024-01-01 01:28:56.000000,2024-01-01 01:29:02.000000,7,-46.58031088082902,-50.0,10.647526410056457,0.015625,489.3629659397047,7596.0,0.0,-10.284974093264248,-3.0,17.27946252432447,0.005208333333333333,39.35751295336787,41.0,9.040514022022387,0.015625
2024-01-01 01:28:58.000000,2024-01-01 01:29:04.000000,7,-40.44559585492228,-46.0,12.587543188538262,0.015625,1041.3837878924671,6665.000000000001,0.0,-25.559585492227978,-9.0,23.570988166825384,0.005208333333333333,34.53367875647668,40.0,11.976546326762925,0.046875
2024-01-01 01:29:00.000000,2024-01-01 01:29:06.000000,7,-40.2279792746114,-35.0,14.10857616544755,0.020833333333333332,786.605467904399,6171.0,0.0,-29.145077720207254,-42.0,22.830208631674907,0.010416666666666666,31.974093264248705,32.0,11.947556947430293,0.08333333333333333
2024-01-01 01:29:02.000000,2024-01-01 01:29:08.000000,7,-45.512953367875646,-55.0,12.690263988048299,0.015625,490.2689737315145,6052.0,0.0,-21.89637305699482,-4.0,22.589397340200048,0.005208333333333333,31.357512953367877,34.0,7.922913633825008,0.057291666666666664
2024-01-01 01:29:04.000000,2024-01-01 01:29:10.000000,7,-53.77720207253886,-56.0,7.418101343840969,0.005208333333333333,197.70258385082758,6391.0,0.0,-6.16580310880829,-2.0,11.945774684598664,0.005208333333333333,33.1139896373057,34.0,4.460178100411693,0.10416666666666667
2024-01-01 01:29:06.000000,2024-01-01 01:29:12.000000,7,-55.740932642487046,-56.0,0.9817252886191405,0.11979166666666667,141.78245058792737,6421.0,0.0,-2.0,-2.0,0.7071067811865476,0.21614583333333334,33.26943005181347,33.0,1.414194480131304,0.08854166666666667
2024-01-01 01:29:08.000000,2024-01-01 01:29:14.000000,7,-56.13989637305699,-56.0,0.8991396290559445,0.17708333333333334,95.08353537179745,6299.0,0.0,-1.8445595854922279,-2.0,0.6264017096878227,0.23958333333333334,32.637305699481864,33.0,1.280078527383939,0.08333333333333333
2024-01-01 01:29:10.000000,2024-01-01 01:29:16.000000,7,-55.95336787564767,-56.0,0.8246852647147584,0.11458333333333333,89.32987804600798,6360.0,0.0,-1.922279792746114,-2.0,0.4439066442488659,0.17708333333333334,32.95336787564767,33.0,1.1605052574220929,0.109375
2024-01-01 01:29:12.000000,2024-01-01 01:29:18.000000,7,-55.83419689119171,-56.0,0.7169608184542718,0.13020833333333334,81.27926781734776,6395.0,0.0,-1.922279792746114,-2.0,0.380748966479172,0.14583333333333334,33.134715025906736,33.0,1.0813220335505032,0.08854166666666667
2024-01-01 01:29:14.000000,2024-01-01 01:29:20.000000,7,-55.27461139896373,-55.0,0.7375550680532629,0.08854166666666667,128.9338937231805,6573.000000000001,0.0,-2.010362694300518,-2.0,0.30600989406831736,0.0625,34.056994818652846,34.0,1.1419397263055004,0.078125
2024-01-01 01:29:16.000000,2024-01-01 01:29:22.000000,7,-54.94818652849741,-55.0,0.643403487991198,0.16666666666666666,62.61785213845215,6691.0,0.0,-2.082901554404145,-2.0,0.37272626747563814,0.14583333333333334,34.66839378238342,35.0,0.9093759366333626,0.13541666666666666
2024-01-01 01:29:18.000000,2024-01-01 01:29:24.000000,7,-55.21761658031088,-55.0,0.8625908878046779,0.057291666666666664,131.44524727925747,6599.0,0.0,-2.098445595854922,-2.0,0.4397533262070791,0.19791666666666666,34.19170984455958,35.0,1.3461107861928248,0.08333333333333333
2024-01-01 01:29:20.000000,2024-01-01 01:29:26.000000,7,-55.96373056994819,-56.0,0.9914901295672894,0.057291666666666664,174.9884665574815,6348.0,0.0,-2.0725388601036268,-2.0,0.4731568183848895,0.19791666666666666,32.89119170984456,33.0,1.6531457164844563,0.078125
2024-01-01 01:29:22.000000,2024-01-01 01:29:28.000000,7,-56.766839378238345,-57.0,0.7586575726953118,0.14583333333333334,111.64728137972537,6068.0,0.0,-2.0310880829015545,-2.0,0.5194822718271146,0.17708333333333334,31.440414507772022,31.0,1.1076551030390414,0.078125
2024-01-01 01:29:24.000000,2024-01-01 01:29:30.000000,7,-57.06217616580311,-57.0,0.5829785498946809,0.19791666666666666,53.77522971783912,5981.000000000001,0.0,-1.9689119170984455,-2.0,0.5487365768223047,0.17708333333333334,30.989637305699482,31.0,0.7568412792219849,0.1875
2024-01-01 01:29:26.000000,2024-01-01 01:29:32.000000,7,-57.10362694300518,-57.0,0.5770229863448191,0.22395833333333334,42.08240187300845,5975.999999999999,0.0,-1.9740932642487046,-2.0,0.5812632898177994,0.19791666666666666,30.963730569948186,31.0,0.7171489922110754,0.18229166666666666
2024-01-01 01:29:28.000000,2024-01-01 01:29:34.000000,7,-57.07253886010363,-57.0,0.5253196247214118,0.234375,30.353779169509306,5987.0,0.0,-1.9637305699481866,-2.0,0.4934261279016614,0.16666666666666666,31.020725388601036,31.0,0.6370386338918631,0.15625
2024-01-01 01:29:30.000000,2024-01-01 01:29:36.000000,7,-57.19170984455958,-57.0,0.4889760546672975,0.265625,45.05386829591345,5934.0,0.0,-2.0259067357512954,-2.0,0.37409937907345453,0.10416666666666667,30.746113989637305,31.0,0.6147475154663266,0.25
2024-01-01 01:29:32.000000,2024-01-01 01:29:38.000000,7,-57.27461139896373,-57.0,0.4589707453397437,0.3125,22.32072766759233,5906.0,0.0,-2.005181347150259,-2.0,0.2794602186661381,0.0625,30.60103626943005,31.0,0.5014551364638808,0.296875
2024-01-01 01:29:34.000000,2024-01-01 01:29:40.000000,7,-57.2020725388601,-57.0,0.8930261374734272,0.2864583333333333,80.26212750036164,5949.000000000001,0.0,-2.010362694300518,-2.0,0.3383421176871661,0.07291666666666667,30.82383419689119,31.0,1.2541812624309194,0.21875
2024-01-01 01:29:36.000000,2024-01-01 01:29:42.000000,7,-56.829015544041454,-57.0,1.078573307645548,0.08333333333333333,147.54987347737185,6078.0,0.0,-2.010362694300518,-2.0,0.3534007007176165,0.09375,31.492227979274613,31.0,1.5482489133710866,0.03125
2024-01-01 01:29:38.000000,2024-01-01 01:29:44.000000,7,-57.05181347150259,-57.0,1.1891038845951347,0.16145833333333334,201.9101098611005,6010.0,0.0,-2.005181347150259,-2.0,0.2975141685425969,0.0625,31.139896373056995,30.0,1.7783753088719836,0.03125
2024-01-01 01:29:40.000000,2024-01-01 01:29:46.000000,7,-57.067357512953365,-57.0,0.9739426754488457,0.10416666666666667,187.1446379921045,5998.0,0.0,-2.0466321243523318,-2.0,0.25597353867991446,0.10416666666666667,31.077720207253886,31.0,1.5340479486666314,0.041666666666666664
2024-01-01 01:29:42.000000,2024-01-01 01:29:48.000000,7,-57.33678756476684,-57.0,0.599951422904021,0.08333333333333333,111.2912164593447,5916.000000000001,0.0,-2.093264248704663,-2.0,0.30890636663980287,0.15625,30.65284974093264,31.0,0.9888464782325702,0.020833333333333332
2024-01-01 01:29:44.000000,2024-01-01 01:29:50.000000,7,-57.03626943005181,-57.0,0.4129802380615324,0.036458333333333336,54.86387531585328,6000.0,0.0,-2.155440414507772,-2.0,0.3632663420042665,0.23958333333333334,31.088082901554404,31.0,0.7198907276512214,0.14583333333333334
2024-01-01 01:29:46.000000,2024-01-01 01:29:52.000000,7,-56.994818652849744,-57.0,0.12489200861914979,0.020833333333333332,14.038989971426135,6012.0,0.0,-2.1295336787564767,-2.0,0.33666299011313616,0.19791666666666666,31.150259067357513,31.0,0.35825449990364205,0.19270833333333334
2024-01-01 01:29:48.000000,2024-01-01 01:29:54.000000,7,-57.0880829015544,-57.0,0.30192602806792024,0.11458333333333333,37.71666379109092,5961.0,0.0,-2.088082901554404,-2.0,0.2841525290371417,0.14583333333333334,30.8860103626943,31.0,0.5178693729040701,0.15104166666666666
2024-01-01 01:29:50.000000,2024-01-01 01:29:56.000000,7,-57.170984455958546,-57.0,0.39102904406040107,0.20833333333333334,43.8170667651105,5919.0,0.0,-2.0310880829015545,-2.0,0.17400717631559515,0.0625,30.66839378238342,31.0,0.5897439507626501,0.3020833333333333
2024-01-01 01:29:52.000000,2024-01-01 01:29:58.000000,7,-57.33678756476684,-57.0,0.4738407360895571,0.3489583333333333,14.25838536082008,5856.0,0.0,-2.010362694300518,-2.0,0.14396315014973932,0.03125,30.3419689119171,30.0,0.47560297153034903,0.3802083333333333
2024-01-01 01:29:54.000000,2024-01-01 01:30:00.000000,7,-57.38341968911917,-57.0,0.48748366962595296,0.375,17.978742635305487,5849.0,0.0,-1.9792746113989637,-2.0,0.20306375288927966,0.041666666666666664,30.305699481865286,30.0,0.46190124852087855,0.359375
2024-01-01 01:29:56.000000,2024-01-01 01:30:02.000000,7,-57.30051813471503,-57.0,0.5523149585802484,0.3645833333333333,35.992081637269195,5888.0,0.0,-1.994818652849741,-2.0,0.260156389793253,0.052083333333333336,30.507772020725387,30.0,0.6464580659935205,0.3229166666666667
2024-01-01 01:29:58.000000,2024-01-01 01:30:04.000000,7,-56.90155440414508,-57.0,0.9659018176002798,0.09895833333333333,104.81848374404449,6029.0,0.0,-1.9585492227979275,-2.0,0.45453956661283146,0.10416666666666667,31.238341968911918,31.0,1.386385192968217,0.057291666666666664
2024-01-01 01:30:00.000000,2024-01-01 01:30:06.000000,7,-56.79274611398964,-57.0,0.9940181623497496,0.14583333333333334,108.65793898667725,6065.999999999999,0.0,-1.9015544041450778,-2.0,0.5642543645468676,0.14583333333333334,31.430051813471504,31.0,1.4202877119799993,0.09375
2024-01-01 01:30:02.000000,2024-01-01 01:30:08.000000,7,-57.25388601036269,-57.0,1.3121221390449962,0.16145833333333334,205.8155004658553,5917.0,0.0,-1.7927461139896372,-2.0,0.912042820859401,0.21875,30.6580310880829,31.0,2.0122412512408077,0.109375
2024-01-01 01:30:04.000000,2024-01-01 01:30:10.000000,7,-57.38341968911917,-57.0,1.1806313260929453,0.15625,192.35450847275033,5880.0,0.0,-1.7305699481865284,-2.0,0.907117795162523,0.23958333333333334,30.466321243523318,30.0,1.8286366279549486,0.09375
2024-01-01 01:30:06.000000,2024-01-01 01:30:12.000000,7,-57.07253886010363,-57.0,1.288944286920157,0.09375,218.98095109939248,5995.0,0.0,-1.7875647668393781,-2.0,0.8608684914581856,0.20833333333333334,31.06217616580311,32.0,2.075720113511765,0.057291666666666664
2024-01-01 01:30:08.000000,2024-01-01 01:30:14.000000,7,-56.487046632124354,-56.0,1.0262634910306652,0.21875,95.44201105895266,6211.0,0.0,-1.7720207253886011,-2.0,0.5494737630086525,0.21875,32.181347150259064,33.0,1.3968954598444452,0.15625
2024-01-01 01:30:10.000000,2024-01-01 01:30:16.000000,7,-56.984455958549226,-57.0,1.2182496149608795,0.15104166666666666,226.26378858294305,6031.0,0.0,-1.8601036269430051,-2.0,0.428313054364281,0.15625,31.248704663212436,32.0,1.9922534563144554,0.078125
2024-01-01 01:30:12.000000,2024-01-01 01:30:18.000000,7,-57.64248704663213,-58.0,1.0905169029945156,0.140625,204.57151194397338,5797.0,0.0,-1.8601036269430051,-2.0,0.4159752467060913,0.15625,30.036269430051814,29.0,1.8009634487396007,0.09895833333333333
2024-01-01 01:30:14.000000,2024-01-01 01:30:20.000000,7,-57.30569948186528,-58.0,2.511394585361915,0.109375,274.27152166353113,5881.0,0.0,-1.9896373056994818,-2.0,0.42068442875989165,0.09375,30.471502590673577,29.0,3.1108791497949038,0.046875
2024-01-01 01:30:16.000000,2024-01-01 01:30:22.000000,7,-53.865284974093264,-56.0,5.041751415950792,0.005208333333333333,783.4351561495837,6847.000000000001,0.0,-2.378238341968912,-2.0,0.7266812440109055,0.046875,35.476683937823836,33.0,6.769318450168581,0.005208333333333333
2024-01-01 01:30:18.000000,2024-01-01 01:30:24.000000,7,-51.43523316062176,-51.0,4.184196716084783,0.03125,618.507799507745,7570.0,0.0,-2.6891191709844557,-3.0,0.674487267682628,0.078125,39.22279792746114,41.0,5.273469213667192,0.020833333333333332
2024-01-01 01:30:20.000000,2024-01-01 01:30:26.000000,7,-50.58031088082902,-50.0,4.0894969518898545,0.052083333333333336,423.56275338338935,7769.0,0.0,-3.865284974093264,-3.0,4.399631500505673,0.0625,40.25388601036269,41.0,5.850818846489666,0.03125
2024-01-01 01:30:22.000000,2024-01-01 01:30:28.000000,7,-52.35233160621762,-52.0,5.015622183684154,0.09375,284.30655377577176,7210.0,0.0,-6.16580310880829,-3.0,6.855158603698769,0.057291666666666664,37.35751295336787,37.0,6.15948269871073,0.08854166666666667
2024-01-01 01:30:24.000000,2024-01-01 01:30:30.000000,7,-52.575129533678755,-54.0,5.9104253855659135,0.15625,387.53267007866833,7009.0,0.0,-9.549222797927461,-9.0,7.57524146459884,0.06770833333333333,36.3160621761658,36.0,6.613480632726408,0.16666666666666666
2024-01-01 01:30:26.000000,2024-01-01 01:30:32.000000,7,-51.373056994818654,-52.0,6.839354523170272,0.1875,408.71909307484367,6978.0,0.0,-14.310880829015543,-14.0,7.775946871020445,0.09895833333333333,36.15544041450777,35.0,7.58745427895504,0.16145833333333334
2024-01-01 01:30:28.000000,2024-01-01 01:30:34.000000,7,-52.32642487046632,-53.0,6.538521762552935,0.11979166666666667,540.1122445442821,6665.0,0.0,-14.595854922279793,-14.0,6.480932242265988,0.08854166666666667,34.53367875647668,33.0,7.990890349877482,0.15104166666666666
2024-01-01 01:30:30.000000,2024-01-01 01:30:36.000000,7,-55.19170984455958,-55.0,7.741899912082604,0.09895833333333333,2019.3889869772252,3839.000000000001,0.0,-15.994818652849741,-14.0,9.102711025503169,0.036458333333333336,19.89119170984456,29.0,20.81099406787825,0.015625
2024-01-01 01:30:32.000000,2024-01-01 01:30:38.000000,7,-57.92227979274612,-58.0,7.235558244448617,0.11979166666666667,2342.033166616292,1860.0,-0.16580310880829016,-16.424870466321245,-13.0,10.668089249642694,0.036458333333333336,9.637305699481866,12.0,19.07995940866409,0.026041666666666668
2024-01-01 01:30:34.000000,2024-01-01 01:30:40.000000,7,-59.64766839378238,-61.0,7.069609788109331,0.08333333333333333,1511.992152300026,912.0,-0.16580310880829016,-17.155440414507773,-13.0,10.218278349860759,0.010416666666666666,4.725388601036269,7.0,14.609579761640795,0.052083333333333336
2024-01-01 01:30:36.000000,2024-01-01 01:30:42.000000,7,-61.09844559585492,-63.0,6.067815338975816,0.140625,1273.1965010434149,1209.0,0.16580310880829016,-13.818652849740932,-12.0,9.069366034021758,0.06770833333333333,6.2642487046632125,7.0,12.937655658496395,0.041666666666666664
2024-01-01 01:30:38.000000,2024-01-01 01:30:44.000000,7,-62.51813471502591,-63.0,3.4325240716695142,0.18229166666666666,1519.5523723369583,373.0,0.16580310880829016,-12.22279792746114,-13.0,5.429193698346221,0.046875,1.932642487046632,-2.0,12.137691886642234,0.036458333333333336
2024-01-01 01:30:40.000000,2024-01-01 01:30:46.000000,7,-58.984455958549226,-62.0,8.971875433320449,0.036458333333333336,560.4739620785793,1502.0,0.0,-19.523316062176164,-14.0,13.30768596011817,0.005208333333333333,-7.782383419689119,-9.0,7.197677614322803,0.057291666666666664
2024-01-01 01:30:42.000000,2024-01-01 01:30:48.000000,7,-57.3419689119171,-59.0,8.246031258724514,0.026041666666666668,206.12703889687396,2239.0,0.0,-24.5440414507772,-22.0,9.945653271569102,0.03125,-11.601036269430052,-12.0,3.64025510835244,0.0625
2024-01-01 01:30:44.000000,2024-01-01 01:30:50.000000,7,-56.79274611398964,-59.0,7.6470684213242395,0.015625,829.0153240619061,1474.0,0.0,-26.6580310880829,-23.0,8.030355836025908,0.015625,-7.637305699481865,-12.0,8.126157417230043,0.036458333333333336
2024-01-01 01:30:46.000000,2024-01-01 01:30:52.000000,7,-61.0,-60.0,2.520747243709029,0.13541666666666666,969.6765767401356,780.0000000000001,0.16580310880829016,-18.865284974093264,-22.0,5.674549086953237,0.015625,-4.041450777202073,-2.0,8.00574936431832,0.041666666666666664
2024-01-01 01:30:48.000000,2024-01-01 01:30:54.000000,7,-61.27979274611399,-61.0,2.5808703228734236,0.11458333333333333,1214.9497647973265,1066.0,-0.16580310880829016,-17.616580310880828,-18.0,5.5497874128791675,0.0625,-5.523316062176166,-2.0,9.810216049937912,0.036458333333333336
2024-01-01 01:30:50.000000,2024-01-01 01:30:56.000000,7,-58.24352331606217,-60.0,9.576869487899248,0.10416666666666667,1039.7711361316228,2197.0,0.0,-19.632124352331605,-17.0,11.135734715371173,0.036458333333333336,-11.38341968911917,-14.0,9.842411137257915,0.041666666666666664
2024-01-01 01:30:52.000000,2024-01-01 01:30:58.000000,7,-58.181347150259064,-60.0,9.453464105416625,0.0625,493.8423939310529,2851.0,0.0,-18.60621761658031,-16.0,11.71183352311796,0.03125,-14.7720207253886,-16.0,6.677843071149665,0.09895833333333333
2024-01-01 01:30:54.000000,2024-01-01 01:31:00.000000,7,-58.23834196891192,-61.0,9.446956153700944,0.036458333333333336,456.4205392382248,2749.0,0.0,-17.974093264248705,-15.0,11.748863080262545,0.03125,-14.243523316062177,-15.0,6.405382829172323,0.125
2024-01-01 01:30:56.000000,2024-01-01 01:31:02.000000,7,-58.16062176165803,-61.0,7.791562184701194,0.057291666666666664,341.7423259357039,2662.0,0.0,-19.253886010362695,-17.0,12.731309745705866,0.026041666666666668,-13.792746113989637,-15.0,4.112803841713643,0.09375
2024-01-01 01:30:58.000000,2024-01-01 01:31:04.000000,7,-51.538860103626945,-57.0,11.507234714613329,0.020833333333333332,1829.7141748143401,901.0000000000002,0.16580310880829016,-28.45077720207254,-23.0,13.285287598705226,0.010416666666666666,-4.668393782383419,-14.0,20.342993419376477,0.015625
2024-01-01 01:31:00.000000,2024-01-01 01:31:06.000000,7,-48.33160621761658,-50.0,9.788592744999711,0.08333333333333333,3088.934588009785,2493.0,0.16580310880829016,-27.77720207253886,-23.0,14.061883262238712,0.020833333333333332,12.917098445595855,20.0,25.66802014577281,0.005208333333333333
2024-01-01 01:31:02.000000,2024-01-01 01:31:08.000000,7,-48.601036269430054,-51.0,9.061215366635576,0.109375,1412.7703903804597,5563.000000000001,0.0,-22.010362694300518,-18.0,13.423389737889146,0.036458333333333336,28.82383419689119,34.0,18.180806380329585,0.036458333333333336
2024-01-01 01:31:04.000000,2024-01-01 01:31:10.000000,7,-53.196891191709845,-53.0,4.953175609475946,0.16666666666666666,261.43233937579214,6737.000000000001,0.0,-10.481865284974093,-11.0,8.057148265314307,0.057291666666666664,34.90673575129534,34.0,4.774237091935975,0.17708333333333334
2024-01-01 01:31:06.000000,2024-01-01 01:31:12.000000,7,-55.37823834196891,-57.0,4.744178780048644,0.078125,223.29599829577717,6281.0,0.0,-6.5025906735751295,-2.0,8.019588227383478,0.005208333333333333,32.5440414507772,32.0,4.3814688174484235,0.078125
2024-01-01 01:31:08.000000,2024-01-01 01:31:14.000000,7,-57.170984455958546,-57.0,1.2734416803681168,0.20833333333333334,170.02659066362267,6019.0,0.0,-1.9792746113989637,-2.0,1.06045660970679,0.09895833333333333,31.186528497409327,31.0,2.0326565310948173,0.078125
2024-01-01 01:31:10.000000,2024-01-01 01:31:16.000000,7,-57.32642487046632,-57.0,0.5702486352854391,0.17708333333333334,95.18302724312505,5926.0,0.0,-1.9844559585492227,-2.0,0.40151644759046357,0.0625,30.704663212435232,31.0,0.8902416663609063,0.10416666666666667
2024-01-01 01:31:12.000000,2024-01-01 01:31:18.000000,7,-57.09844559585492,-57.0,0.5260383267819206,0.06770833333333333,83.46822267076666,5988.0,0.0,-2.062176165803109,-2.0,0.34801435263118957,0.14583333333333334,31.025906735751295,31.0,0.8626221722688383,0.19791666666666666
2024-01-01 01:31:14.000000,2024-01-01 01:31:20.000000,7,-56.917098445595855,-57.0,0.2764504846556091,0.07291666666666667,32.96916387871905,6044.0,0.0,-2.051813471502591,-2.0,0.2649868833720642,0.09375,31.316062176165804,31.0,0.4879816384325577,0.22395833333333334
2024-01-01 01:31:16.000000,2024-01-01 01:31:22.000000,7,-56.917098445595855,-57.0,0.2764504846556091,0.08333333333333333,29.135656255488136,6034.999999999999,0.0,-2.05699481865285,-2.0,0.23243566532415003,0.09375,31.269430051813472,31.0,0.4676494709008576,0.20833333333333334
2024-01-01 01:31:18.000000,2024-01-01 01:31:24.000000,7,-56.818652849740936,-57.0,0.43692134196827437,0.11979166666666667,49.984663755967425,6077.000000000001,0.0,-2.0362694300518136,-2.0,0.25765482794369354,0.08333333333333333,31.487046632124354,31.0,0.6300529763618711,0.19270833333333334
2024-01-01 01:31:20.000000,2024-01-01 01:31:26.000000,7,-56.54922279792746,-57.0,0.6605804873827871,0.22395833333333334,53.901254526493176,6175.0,0.0,-2.098445595854922,-2.0,0.4739546264255574,0.1875,31.99481865284974,32.0,0.8690117071422332,0.20833333333333334
2024-01-01 01:31:22.000000,2024-01-01 01:31:28.000000,7,-55.984455958549226,-56.0,0.8321450941306224,0.171875,101.72384202402036,6356.0,0.0,-2.134715025906736,-2.0,0.5327669974530409,0.25,32.932642487046635,33.0,1.1684309999855018,0.15104166666666666
2024-01-01 01:31:24.000000,2024-01-01 01:31:30.000000,7,-55.41968911917098,-55.0,0.8323072266395455,0.171875,127.34833594476657,6546.0,0.0,-2.093264248704663,-2.0,0.5511410678618832,0.22916666666666666,33.917098445595855,34.0,1.2514024947232851,0.11979166666666667
2024-01-01 01:31:26.000000,2024-01-01 01:31:32.000000,7,-55.082901554404145,-55.0,0.5237762281098572,0.16666666666666666,65.32091654918914,6668.0,0.0,-2.010362694300518,-2.0,0.3951481434445846,0.11458333333333333,34.54922279792746,35.0,0.6684184669632854,0.14583333333333334
2024-01-01 01:31:28.000000,2024-01-01 01:31:34.000000,7,-55.233160621761655,-55.0,0.6059933822036436,0.17708333333333334,97.03141888620748,6619.000000000001,0.0,-1.9378238341968912,-2.0,0.41616982467574304,0.13541666666666666,34.295336787564764,34.0,0.8604922377289115,0.057291666666666664
2024-01-01 01:31:30.000000,2024-01-01 01:31:36.000000,7,-55.76165803108808,-56.0,1.5629770428943783,0.234375,66.8221903256578,6515.0,0.0,-1.8238341968911918,-2.0,0.7773163056522197,0.171875,33.75647668393783,34.0,1.2322794007809037,0.17708333333333334
2024-01-01 01:31:32.000000,2024-01-01 01:31:38.000000,7,-56.5699481865285,-56.0,7.601160033275715,0.10416666666666667,798.5543496570347,5634.000000000001,0.0,-3.7875647668393784,-2.0,7.689376517394123,0.046875,29.191709844559586,33.0,14.991648149843455,0.026041666666666668
2024-01-01 01:31:34.000000,2024-01-01 01:31:40.000000,7,-55.4300518134715,-56.0,9.07988438902912,0.234375,3488.4649188198387,1552.0,-0.16580310880829016,-7.917098445595855,-4.0,9.167615549883532,0.036458333333333336,8.041450777202073,20.0,32.00583185740191,0.036458333333333336
2024-01-01 01:31:36.000000,2024-01-01 01:31:42.000000,7,-52.8860103626943,-51.0,10.165170371783848,0.21354166666666666,3224.279162025913,3109.0,0.16580310880829016,-11.67357512953368,-13.0,8.198207131605784,0.109375,-16.10880829015544,-31.0,31.500389798010385,0.036458333333333336
2024-01-01 01:31:38.000000,2024-01-01 01:31:44.000000,7,-49.82383419689119,-48.0,7.980448231294165,0.21354166666666666,909.3609419734211,6732.0,0.0,-14.839378238341968,-14.0,4.684871888472397,0.16666666666666666,-34.880829015544045,-37.0,13.848559466932063,0.14583333333333334
2024-01-01 01:31:40.000000,2024-01-01 01:31:46.000000,7,-52.35751295336787,-50.0,10.812880919643176,0.19791666666666666,1942.2141449646354,5446.0,0.0,-17.310880829015545,-16.0,5.555284247837007,0.13020833333333334,-28.21761658031088,-35.0,18.140777630513078,0.11979166666666667
2024-01-01 01:31:42.000000,2024-01-01 01:31:48.000000,7,-56.27979274611399,-57.0,11.452549568698183,0.265625,1228.9458145401984,3661.0,0.0,-18.860103626943005,-20.0,5.719676745458511,0.17708333333333334,-18.968911917098445,-16.0,17.708256882899086,0.19270833333333334
2024-01-01 01:31:44.000000,2024-01-01 01:31:50.000000,7,-55.67357512953368,-58.0,13.811309381784856,0.2604166666666667,2950.669890090776,1138.0,0.16580310880829016,-15.813471502590673,-19.0,9.71609622774166,0.06770833333333333,5.896373056994818,-5.0,28.148039402300075,0.09895833333333333
2024-01-01 01:31:46.000000,2024-01-01 01:31:52.000000,7,-51.67357512953368,-48.0,11.931758050375953,0.109375,3120.5212330813415,4621.0,0.0,-9.523316062176166,-6.0,9.619355779527343,0.036458333333333336,23.94300518134715,44.0,28.52213806277233,0.026041666666666668
2024-01-01 01:31:48.000000,2024-01-01 01:31:54.000000,7,-46.917098445595855,-47.0,8.967148833592487,0.109375,624.3474263675848,8312.0,0.0,-4.512953367875648,-3.0,6.871672534375403,0.078125,43.067357512953365,45.0,12.204875296443117,0.057291666666666664
2024-01-01 01:31:50.000000,2024-01-01 01:31:56.000000,7,-46.26424870466321,-46.0,1.2322137008208052,0.052083333333333336,147.42563101408052,8796.999999999998,0.0,-2.7875647668393784,-3.0,0.4226044954629469,0.234375,45.58031088082902,45.0,1.247925740118274,0.03125
2024-01-01 01:31:52.000000,2024-01-01 01:31:58.000000,7,-45.170984455958546,-45.0,1.054152288159602,0.08854166666666667,65.25705172491536,8995.0,0.0,-2.6528497409326426,-3.0,0.4773021658372743,0.3333333333333333,46.60621761658031,47.0,0.9738041246727767,0.08854166666666667
2024-01-01 01:31:54.000000,2024-01-01 01:32:00.000000,7,-44.7720207253886,-45.0,0.721575648310618,0.23958333333333334,49.770429970725765,9059.0,0.0,-2.5492227979274613,-3.0,0.49886529275033875,0.3854166666666667,46.93782383419689,47.0,0.555530367880375,0.06770833333333333
2024-01-01 01:31:56.000000,2024-01-01 01:32:02.000000,7,-45.1139896373057,-45.0,0.9881912875174474,0.041666666666666664,101.05300713091162,8989.0,0.0,-2.4455958549222796,-2.0,0.49832404783373196,0.3645833333333333,46.575129533678755,47.0,0.8452089909258955,0.020833333333333332
2024-01-01 01:31:58.000000,2024-01-01 01:32:04.000000,7,-45.81347150259067,-46.0,0.8876612943022884,0.0625,69.1210835920671,8870.0,0.0,-2.3419689119170983,-2.0,0.47560297153034947,0.3489583333333333,45.95854922279793,46.0,0.7557708322963487,0.20833333333333334
2024-01-01 01:32:00.000000,2024-01-01 01:32:06.000000,7,-45.626943005181346,-46.0,1.0585463115091713,0.06770833333333333,102.8296717094727,8910.0,0.0,-2.284974093264249,-2.0,0.4525761035822357,0.3802083333333333,46.16580310880829,46.0,0.991354031211162,0.046875
2024-01-01 01:32:02.000000,2024-01-01 01:32:08.000000,7,-45.51813471502591,-45.0,5.807765333521779,0.08333333333333333,197.26944993696708,8941.0,0.0,-3.290155440414508,-2.0,5.347191287322012,0.015625,46.32642487046632,47.0,5.395037859556215,0.057291666666666664
2024-01-01 01:32:04.000000,2024-01-01 01:32:10.000000,7,-37.17616580310881,-44.0,13.212606504359112,0.026041666666666668,2107.3671992456334,6658.0,0.0,-22.098445595854923,-3.0,26.658833113771312,0.005208333333333333,34.49740932642487,47.0,18.555413729424647,0.005208333333333333
2024-01-01 01:32:06.000000,2024-01-01 01:32:12.000000,7,-25.067357512953368,-22.0,17.561517521797303,0.09895833333333333,1829.4104053003318,4932.0,0.0,-41.259067357512954,-59.0,26.39138971727296,0.005208333333333333,25.55440414507772,21.0,17.063557469745753,0.020833333333333332
2024-01-01 01:32:08.000000,2024-01-01 01:32:14.000000,7,-15.751295336787564,-16.0,8.630150085651094,0.11458333333333333,758.0784652637864,3348.0,0.0,-58.652849740932645,-59.0,3.3663012378840325,0.15625,17.34715025906736,18.0,8.045359989305197,0.08854166666666667
2024-01-01 01:32:10.000000,2024-01-01 01:32:16.000000,7,-15.481865284974093,-16.0,7.93075058464985,0.140625,441.5857155615855,4546.0,0.0,-57.10880829015544,-57.0,3.1097251904197116,0.11979166666666667,23.55440414507772,23.0,7.307130776849606,0.18229166666666666
2024-01-01 01:32:12.000000,2024-01-01 01:32:18.000000,7,-19.813471502590673,-20.0,4.732030139387227,0.171875,274.5125730044507,4784.000000000001,0.0,-55.70984455958549,-56.0,1.9602180142046548,0.15104166666666666,24.787564766839377,24.0,5.8408984377050714,0.203125
2024-01-01 01:32:14.000000,2024-01-01 01:32:20.000000,7,-26.82383419689119,-22.0,12.325450119124769,0.046875,792.2955991697161,5694.000000000001,0.0,-44.943005181347154,-55.0,19.517403165854695,0.015625,29.502590673575128,25.0,9.594445198661614,0.09895833333333333
2024-01-01 01:32:16.000000,2024-01-01 01:32:22.000000,7,-30.409326424870468,-23.0,14.816000502770653,0.06770833333333333,1527.9758558518524,5774.0,0.0,-37.04663212435233,-46.0,22.082772828289425,0.03125,29.917098445595855,25.0,19.645381345339157,0.041666666666666664
2024-01-01 01:32:18.000000,2024-01-01 01:32:24.000000,7,-34.10880829015544,-32.0,13.843755177934835,0.09375,2838.0946506850855,4201.0,0.0,-36.81347150259067,-46.0,21.94610882533398,0.020833333333333332,21.76683937823834,21.0,25.284270037171495,0.036458333333333336
2024-01-01 01:32:20.000000,2024-01-01 01:32:26.000000,7,-29.259067357512954,-29.0,11.974157640894036,0.140625,2368.8097385215874,3666.0,0.0,-45.73056994818653,-52.0,16.075989737108998,0.026041666666666668,18.99481865284974,19.0,23.71214030858068,0.03125
2024-01-01 01:32:22.000000,2024-01-01 01:32:28.000000,7,-27.963730569948186,-29.0,13.014564380353367,0.09375,1460.8766844825911,3180.0,0.0,-52.60621761658031,-52.0,3.839265703216747,0.125,16.476683937823836,23.0,16.835315231573762,0.036458333333333336
2024-01-01 01:32:24.000000,2024-01-01 01:32:30.000000,7,-27.036269430051814,-27.0,13.523272015690678,0.13020833333333334,869.4280611669138,4956.0,0.0,-50.6839378238342,-51.0,4.730067943075869,0.14583333333333334,25.678756476683937,28.0,15.781067721976093,0.14583333333333334
2024-01-01 01:32:26.000000,2024-01-01 01:32:32.000000,7,-31.0,-34.0,13.555057481742132,0.13541666666666666,879.7888690802278,3900.0,0.0,-50.38860103626943,-51.0,4.693665346706549,0.15625,20.207253886010363,19.0,17.326477486987397,0.078125
2024-01-01 01:32:28.000000,2024-01-01 01:32:34.000000,7,-30.917098445595855,-30.0,9.431958520749177,0.11979166666666667,870.7793100692709,3289.0000000000005,0.0,-51.8860103626943,-52.0,4.713396371414008,0.15104166666666666,17.041450777202073,17.0,17.828708764731573,0.08854166666666667
2024-01-01 01:32:30.000000,2024-01-01 01:32:36.000000,7,-31.17616580310881,-32.0,9.707710198893428,0.09895833333333333,1354.1639787664876,2078.0,0.0,-53.12435233160622,-53.0,2.7109111552912544,0.13541666666666666,10.766839378238341,13.0,15.905729407332268,0.09895833333333333
2024-01-01 01:32:32.000000,2024-01-01 01:32:38.000000,7,-29.673575129533678,-28.0,14.403854235564111,0.11979166666666667,1416.3136529725505,2445.0000000000005,0.0,-52.19170984455958,-54.0,4.621004318908534,0.08854166666666667,12.66839378238342,20.0,20.78595995523887,0.052083333333333336
2024-01-01 01:32:34.000000,2024-01-01 01:32:40.000000,7,-31.83419689119171,-33.0,13.76527452741857,0.13020833333333334,1261.9085901762985,3157.0,0.0,-50.248704663212436,-51.0,4.164621691606203,0.07291666666666667,16.357512953367877,24.0,19.824533885627265,0.052083333333333336
2024-01-01 01:32:36.000000,2024-01-01 01:32:42.000000,7,-33.48186528497409,-33.0,13.215794395441792,0.14583333333333334,1211.9193787178651,3204.0,0.0,-49.523316062176164,-49.0,4.010497344028471,0.09375,16.60103626943005,23.0,18.524797540608997,0.078125
2024-01-01 01:32:38.000000,2024-01-01 01:32:44.000000,7,-34.61658031088083,-34.0,6.596095334475187,0.15625,2136.831066992196,1528.0,0.16580310880829016,-50.829015544041454,-51.0,2.5893989740154177,0.06770833333333333,7.917098445595855,14.0,17.23892663529643,0.015625
2024-01-01 01:32:40.000000,2024-01-01 01:32:46.000000,7,-32.689119170984455,-33.0,8.48385327593537,0.11979166666666667,1390.0735390890704,370.0,-0.16580310880829016,-53.49222797927461,-53.0,3.692784590398965,0.15104166666666666,1.9170984455958548,2.0,13.397891931337545,0.0625
2024-01-01 01:32:42.000000,2024-01-01 01:32:48.000000,7,-28.989637305699482,-28.0,10.337023687790136,0.0625,1046.7643819001657,1011.0,-0.16580310880829016,-53.538860103626945,-55.0,10.722823824776851,0.125,5.238341968911917,8.0,16.22322092670302,0.109375
2024-01-01 01:32:44.000000,2024-01-01 01:32:50.000000,7,-32.932642487046635,-28.0,13.570442058694832,0.052083333333333336,2122.583939696516,4539.0,0.0,-37.40414507772021,-55.0,25.913163953137342,0.005208333333333333,23.518134715025905,14.0,19.304061874018227,0.005208333333333333
2024-01-01 01:32:46.000000,2024-01-01 01:32:52.000000,7,-40.09844559585492,-48.0,13.944669219977122,0.026041666666666668,1405.603164930854,6767.0,0.0,-19.575129533678755,-4.0,24.752436814147057,0.005208333333333333,35.06217616580311,41.0,15.24714008121865,0.005208333333333333
2024-01-01 01:32:48.000000,2024-01-01 01:32:54.000000,7,-48.8860103626943,-50.0,3.2189965342311373,0.06770833333333333,260.9910243669596,8250.0,0.0,-3.518134715025907,-3.0,1.19501248358501,0.2760416666666667,42.74611398963731,42.0,3.6703766166119705,0.08854166666666667
2024-01-01 01:32:50.000000,2024-01-01 01:32:56.000000,7,-49.69948186528497,-50.0,0.9369997225923654,0.11979166666666667,116.39419843786396,8076.0,0.0,-3.1658031088082903,-3.0,0.47155715298567097,0.25,41.84455958549223,42.0,1.1257793309080728,0.13541666666666666
2024-01-01 01:32:52.000000,2024-01-01 01:32:58.000000,7,-49.0880829015544,-49.0,1.1261628033984232,0.078125,139.6801599637082,8223.0,0.0,-3.1036269430051813,-3.0,0.4444534397477723,0.17708333333333334,42.60621761658031,43.0,1.334776313306108,0.06770833333333333
2024-01-01 01:32:54.000000,2024-01-01 01:33:00.000000,7,-48.409326424870464,-48.0,0.7992939997899197,0.28125,59.49527306634472,8380.0,0.0,-3.098445595854922,-3.0,0.48481919782209104,0.16666666666666666,43.41968911917098,44.0,0.9382085693045085,0.3125
2024-01-01 01:32:56.000000,2024-01-01 01:33:02.000000,7,-47.96373056994819,-48.0,0.8860790090972102,0.13020833333333334,41.460919789121334,8469.0,0.0,-3.1813471502590676,-3.0,0.4822519318095306,0.22916666666666666,43.880829015544045,44.0,0.8727920576061524,0.2916666666666667
2024-01-01 01:32:58.000000,2024-01-01 01:33:04.000000,7,-47.67357512953368,-48.0,0.9476814721791129,0.21354166666666666,69.34124247046722,8528.000000000002,0.0,-3.284974093264249,-3.0,0.5368039333565026,0.375,44.18652849740933,44.0,0.9389848632445651,0.2604166666666667
2024-01-01 01:33:00.000000,2024-01-01 01:33:06.000000,7,-47.51813471502591,-47.0,0.8605549581078524,0.2708333333333333,52.3363439975801,8554.000000000002,0.0,-3.2072538860103625,-3.0,0.4660888045725195,0.3333333333333333,44.32124352331606,44.0,0.8167609476437152,0.28125
2024-01-01 01:33:02.000000,2024-01-01 01:33:08.000000,7,-47.6580310880829,-48.0,0.5469139358209529,0.22395833333333334,35.318313170930175,8535.0,0.0,-3.1709844559585494,-3.0,0.41681776189615993,0.2916666666666667,44.22279792746114,44.0,0.5563070622378289,0.19270833333333334
2024-01-01 01:33:04.000000,2024-01-01 01:33:10.000000,7,-48.0,-48.0,0.47871355387816905,0.12760416666666666,34.40047378677359,8456.000000000002,0.0,-3.2072538860103625,-3.0,0.4190132540638474,0.3177083333333333,43.81347150259067,44.0,0.4856534155846992,0.21875
2024-01-01 01:33:06.000000,2024-01-01 01:33:12.000000,7,-48.39378238341969,-48.0,0.5207793581703992,0.18229166666666666,46.72020442240519,8380.0,0.0,-3.305699481865285,-3.0,0.4619012485208786,0.40625,43.41968911917098,43.0,0.5818665249434269,0.234375
2024-01-01 01:33:08.000000,2024-01-01 01:33:14.000000,7,-48.09844559585492,-49.0,1.6316044213933079,0.1875,115.89887534177616,8423.0,0.0,-3.393782383419689,-3.0,0.6126808358052663,0.4427083333333333,43.64248704663213,43.0,1.5651337905698097,0.1875
2024-01-01 01:33:10.000000,2024-01-01 01:33:16.000000,7,-47.461139896373055,-48.0,1.8171041367705736,0.005208333333333333,191.52353894272494,8554.0,0.0,-3.5906735751295336,-4.0,0.6151863387897262,0.2916666666666667,44.32124352331606,44.0,1.7619870730501521,0.026041666666666668
2024-01-01 01:33:12.000000,2024-01-01 01:33:18.000000,7,-46.83937823834197,-47.0,1.5207261241697365,0.13541666666666666,112.183740035736,8683.0,0.0,-3.7979274611398965,-4.0,0.5454316476064696,0.15104166666666666,44.98963730569948,45.0,1.4541235809246211,0.036458333333333336
2024-01-01 01:33:14.000000,2024-01-01 01:33:20.000000,7,-46.766839378238345,-47.0,0.4814678728720593,0.11979166666666667,31.28364230899616,8713.0,0.0,-3.9844559585492227,-4.0,0.12402469251053042,0.03125,45.145077720207254,45.0,0.44451415328398053,0.06770833333333333
2024-01-01 01:33:16.000000,2024-01-01 01:33:22.000000,7,-47.10880829015544,-47.0,0.34395846638450694,0.09375,37.72497903254863,8637.0,0.0,-3.989637305699482,-4.0,0.10153187644463973,0.020833333333333332,44.751295336787564,45.0,0.43338647209723946,0.109375
2024-01-01 01:33:18.000000,2024-01-01 01:33:24.000000,7,-47.29015544041451,-47.0,0.4550142816942881,0.22916666666666666,47.68266138877006,8589.0,0.0,-3.9637305699481864,-4.0,0.21343073122060233,0.07291666666666667,44.50259067357513,45.0,0.5012936632230296,0.19270833333333334
2024-01-01 01:33:20.000000,2024-01-01 01:33:26.000000,7,-47.27979274611399,-47.0,0.6328309069744521,0.28125,45.824242642140796,8583.0,0.0,-3.854922279792746,-4.0,0.38145707377953036,0.171875,44.47150259067357,44.0,0.6377583800275287,0.2604166666666667
2024-01-01 01:33:22.000000,2024-01-01 01:33:28.000000,7,-47.38860103626943,-47.0,0.7211641423471169,0.2760416666666667,48.400481193542475,8563.000000000002,0.0,-3.865284974093264,-4.0,0.39854820734150803,0.16666666666666666,44.36787564766839,44.0,0.7103433332710505,0.23958333333333334
2024-01-01 01:33:24.000000,2024-01-01 01:33:30.000000,7,-47.49222797927461,-48.0,0.7368229306204341,0.20833333333333334,55.723152475142705,8553.0,0.0,-3.8860103626943006,-4.0,0.3643789520888785,0.125,44.3160621761658,44.0,0.7134139140643777,0.171875
2024-01-01 01:33:26.000000,2024-01-01 01:33:32.000000,7,-47.62176165803109,-48.0,0.5745859063104215,0.2552083333333333,26.40378353240708,8520.0,0.0,-3.994818652849741,-4.0,0.16129067078908224,0.015625,44.145077720207254,44.0,0.5099929729611715,0.203125
2024-01-01 01:33:28.000000,2024-01-01 01:33:34.000000,7,-47.689119170984455,-48.0,0.4751488267893652,0.25,22.312473482626125,8518.0,0.0,-3.9585492227979273,-4.0,0.19984882023648198,0.0625,44.134715025906736,44.0,0.3852583638397264,0.15625
2024-01-01 01:33:30.000000,2024-01-01 01:33:36.000000,7,-47.66839378238342,-48.0,0.4720147534358847,0.2864583333333333,19.646063719400022,8521.0,0.0,-3.911917098445596,-4.0,0.2841525290371419,0.14583333333333334,44.15025906735751,44.0,0.3994950396453102,0.203125
2024-01-01 01:33:32.000000,2024-01-01 01:33:38.000000,7,-47.63212435233161,-48.0,0.5631053641394528,0.2760416666666667,37.185206515015416,8544.0,0.0,-3.7305699481865284,-4.0,0.5102574784366399,0.2864583333333333,44.26943005181347,44.0,0.5589687179385371,0.19270833333333334
2024-01-01 01:33:34.000000,2024-01-01 01:33:40.000000,7,-47.295336787564764,-47.0,0.6215144604311645,0.19270833333333334,54.02486491190658,8610.0,0.0,-3.518134715025907,-4.0,0.5598852584152159,0.328125,44.61139896373057,45.0,0.6202104913177349,0.203125
2024-01-01 01:33:36.000000,2024-01-01 01:33:42.000000,7,-47.0,-47.0,0.5,0.12239583333333333,19.61817430590873,8666.0,0.0,-3.3367875647668392,-3.0,0.5357471821464795,0.3229166666666667,44.90155440414508,45.0,0.4628350907650831,0.140625
2024-01-01 01:33:38.000000,2024-01-01 01:33:44.000000,7,-47.134715025906736,-47.0,0.6394065010422784,0.046875,51.02701033742374,8629.0,0.0,-3.3626943005181347,-3.0,0.4820280451067448,0.3125,44.70984455958549,45.0,0.698776070387194,0.08854166666666667
2024-01-01 01:33:40.000000,2024-01-01 01:33:46.000000,7,-47.55958549222798,-48.0,0.73443844349845,0.046875,86.63834290680174,8544.0,0.0,-3.435233160621762,-3.0,0.4970769479949553,0.3177083333333333,44.26943005181347,44.0,0.7970964146830161,0.06770833333333333
2024-01-01 01:33:42.000000,2024-01-01 01:33:48.000000,7,-47.90673575129534,-48.0,0.5787974401152243,0.08333333333333333,43.415534825331996,8482.0,0.0,-3.481865284974093,-3.0,0.5009705606027902,0.3645833333333333,43.94818652849741,44.0,0.6434034879912003,0.20833333333333334
2024-01-01 01:33:44.000000,2024-01-01 01:33:50.000000,7,-47.92746113989637,-48.0,0.4388933524036461,0.171875,18.58649627815428,8476.0,0.0,-3.5077720207253886,-4.0,0.5012398272498062,0.40625,43.917098445595855,44.0,0.3727262674756401,0.15625
2024-01-01 01:33:46.000000,2024-01-01 01:33:52.000000,7,-47.82383419689119,-48.0,0.4208768296063366,0.2604166666666667,6.7649157079606415,8498.0,0.0,-3.606217616580311,-4.0,0.48985828552385746,0.4375,44.031088082901555,44.0,0.2480493850210604,0.08333333333333333
2024-01-01 01:33:48.000000,2024-01-01 01:33:54.000000,7,-47.870466321243526,-48.0,0.48820279486287,0.2864583333333333,19.3395638333086,8480.0,0.0,-3.6528497409326426,-4.0,0.47730216583727425,0.4270833333333333,43.93782383419689,44.0,0.3626715543077128,0.057291666666666664
2024-01-01 01:33:50.000000,2024-01-01 01:33:56.000000,7,-48.2279792746114,-48.0,0.6290241777824511,0.16145833333333334,60.05632220469059,8410.0,0.0,-3.6373056994818653,-4.0,0.4927146262656475,0.4010416666666667,43.575129533678755,44.0,0.6421019428475787,0.13020833333333334
2024-01-01 01:33:52.000000,2024-01-01 01:33:58.000000,7,-48.38341968911917,-48.0,0.5756651180608262,0.22916666666666666,52.86713543921424,8372.0,0.0,-3.564766839378238,-4.0,0.5074467054722557,0.421875,43.37823834196891,43.0,0.6510752366129191,0.23958333333333334
2024-01-01 01:33:54.000000,2024-01-01 01:34:00.000000,7,-48.39378238341969,-48.0,0.5207793581703992,0.21875,45.92202075651215,8367.0,0.0,-3.4922279792746114,-3.0,0.5115252008338222,0.4375,43.35233160621762,43.0,0.6456644299721495,0.3125
2024-01-01 01:33:56.000000,2024-01-01 01:34:02.000000,7,-48.38341968911917,-48.0,0.487483669625953,0.23958333333333334,39.66519391985169,8372.0,0.0,-3.518134715025907,-4.0,0.5009705606027904,0.40625,43.37823834196891,43.0,0.5561615146674886,0.2708333333333333
2024-01-01 01:33:58.000000,2024-01-01 01:34:04.000000,7,-48.02590673575129,-48.0,0.7667248607485027,0.1875,78.17087831017723,8441.0,0.0,-3.673575129533679,-4.0,0.4810753642049285,0.265625,43.73575129533679,44.0,0.8020913941007599,0.1875
2024-01-01 01:34:00.000000,2024-01-01 01:34:06.000000,7,-47.94818652849741,-48.0,0.8523309500183845,0.06770833333333333,74.95061639301538,8458.0,0.0,-3.8186528497409324,-4.0,0.4369213419682741,0.15104166666666666,43.82383419689119,44.0,0.8897868503370991,0.09895833333333333
2024-01-01 01:34:02.000000,2024-01-01 01:34:08.000000,7,-47.10880829015544,-47.0,8.135798921634205,0.109375,521.3111183289778,8178.0,0.0,-6.9689119170984455,-4.0,9.864660587035385,0.015625,42.373056994818654,44.0,10.42961026566236,0.046875
2024-01-01 01:34:04.000000,2024-01-01 01:34:10.000000,7,-39.005181347150256,-47.0,16.134040556552584,0.06770833333333333,1152.3861154066653,7155.0,0.0,-22.419689119170986,-5.0,22.252692391098424,0.015625,37.07253886010363,43.0,14.042158335103528,0.09895833333333333
2024-01-01 01:34:06.000000,2024-01-01 01:34:12.000000,7,-34.067357512953365,-34.0,19.552829658859967,0.08333333333333333,1335.7695764911277,6962.0,0.0,-26.89119170984456,-24.0,21.409781037957018,0.010416666666666666,36.07253886010363,38.0,18.809209908307793,0.125
2024-01-01 01:34:08.000000,2024-01-01 01:34:14.000000,7,-33.461139896373055,-33.0,19.53281941017567,0.07291666666666667,1353.1973854476887,6892.000000000001,0.0,-26.088082901554404,-20.0,20.827353632337086,0.005208333333333333,35.70984455958549,38.0,20.346702140556967,0.140625
2024-01-01 01:34:10.000000,2024-01-01 01:34:16.000000,7,-42.49740932642487,-46.0,17.460408891836433,0.109375,1293.993805304141,7864.000000000001,0.0,-10.362694300518134,-6.0,12.77379548279483,0.06770833333333333,40.74611398963731,42.0,18.711148579775614,0.11458333333333333
2024-01-01 01:34:12.000000,2024-01-01 01:34:18.000000,7,-49.2279792746114,-52.0,10.132962124484356,0.109375,717.0982096836826,7684.0,0.0,-5.430051813471502,-3.0,6.5021253334173705,0.057291666666666664,39.81347150259067,39.0,13.557609520366608,0.078125
2024-01-01 01:34:14.000000,2024-01-01 01:34:20.000000,7,-52.15544041450777,-53.0,3.8088006557488767,0.14583333333333334,342.85583400660704,7642.0,0.0,-3.1295336787564767,-3.0,3.3117229104468477,0.109375,39.59585492227979,38.0,4.828559073765472,0.026041666666666668
2024-01-01 01:34:16.000000,2024-01-01 01:34:22.000000,7,-52.95336787564767,-53.0,1.2045493427713887,0.15625,84.88342103559485,7281.0,0.0,-2.8341968911917097,-3.0,0.4371683297449067,0.140625,37.72538860103627,38.0,1.5248729384480049,0.21875
2024-01-01 01:34:18.000000,2024-01-01 01:34:24.000000,7,-52.398963730569946,-53.0,1.4257304281967236,0.06770833333333333,152.59438411885156,7412.0,0.0,-2.7202072538860103,-3.0,0.4614920983311716,0.24479166666666666,38.40414507772021,38.0,1.8034640913649582,0.026041666666666668
2024-01-01 01:34:20.000000,2024-01-01 01:34:26.000000,7,-51.84455958549223,-51.0,1.4349375486642206,0.11458333333333333,151.13547869765998,7556.0,0.0,-2.61139896373057,-3.0,0.4887000309057228,0.328125,39.15025906735751,40.0,1.8238045271815373,0.09375
2024-01-01 01:34:22.000000,2024-01-01 01:34:28.000000,7,-51.854922279792746,-52.0,0.9518015369829529,0.10416666666666667,156.086616190208,7541.000000000001,0.0,-2.61139896373057,-3.0,0.4887000309057229,0.359375,39.07253886010363,39.0,1.297000658487668,0.07291666666666667
2024-01-01 01:34:24.000000,2024-01-01 01:34:30.000000,7,-52.48186528497409,-53.0,1.0261846012896565,0.15104166666666666,157.43844673310846,7391.0,0.0,-2.5854922279792745,-3.0,0.5043528146625446,0.3385416666666667,38.295336787564764,38.0,1.380982823158338,0.11979166666666667
2024-01-01 01:34:26.000000,2024-01-01 01:34:32.000000,7,-53.16062176165803,-53.0,0.603896744539686,0.22916666666666666,48.70472877157374,7200.0,0.0,-2.709844559585492,-3.0,0.4663203439830129,0.24479166666666666,37.30569948186528,37.0,0.7602210841054587,0.140625
2024-01-01 01:34:28.000000,2024-01-01 01:34:34.000000,7,-53.23834196891192,-53.0,0.5996364759431518,0.25,38.0821649609355,7179.0,0.0,-2.854922279792746,-3.0,0.38145707377952937,0.13541666666666666,37.196891191709845,37.0,0.7378111445174109,0.15104166666666666
2024-01-01 01:34:30.000000,2024-01-01 01:34:36.000000,7,-53.30569948186528,-53.0,0.5350415218016399,0.2552083333333333,23.41489017821165,7151.0,0.0,-2.9792746113989637,-3.0,0.17555119216573725,0.041666666666666664,37.05181347150259,37.0,0.5658781214707272,0.15625
2024-01-01 01:34:32.000000,2024-01-01 01:34:38.000000,7,-53.50777202072539,-53.0,0.7438579822484592,0.22395833333333334,76.9415795500384,7094.0,0.0,-2.8808290155440415,-3.0,0.35545647997147756,0.08333333333333333,36.75647668393783,37.0,0.977758928156089,0.078125
2024-01-01 01:34:34.000000,2024-01-01 01:34:40.000000,7,-54.119170984455955,-54.0,0.9635520964052995,0.09895833333333333,148.22497371285507,6931.0,0.0,-2.849740932642487,-3.0,0.4123262705284203,0.14583333333333334,35.9119170984456,36.0,1.289990694963157,0.046875
2024-01-01 01:34:36.000000,2024-01-01 01:34:42.000000,7,-54.590673575129536,-55.0,0.7861536521360412,0.16145833333333334,86.00808183999419,6804.000000000001,0.0,-2.849740932642487,-3.0,0.42477007902457414,0.15104166666666666,35.25388601036269,35.0,1.0169387925396611,0.06770833333333333
2024-01-01 01:34:38.000000,2024-01-01 01:34:44.000000,7,-54.362694300518136,-55.0,1.6903700885514483,0.18229166666666666,119.17244687500994,6856.000000000002,0.0,-2.906735751295337,-3.0,0.4582646360826219,0.19791666666666666,35.523316062176164,35.0,1.7709241315744577,0.09895833333333333
2024-01-01 01:34:40.000000,2024-01-01 01:34:46.000000,7,-53.90673575129534,-54.0,1.6430428509376354,0.109375,89.73189019086716,6990.000000000001,0.0,-2.917098445595855,-3.0,0.43704485330416004,0.17708333333333334,36.21761658031088,36.0,1.7363456951474248,0.109375
2024-01-01 01:34:42.000000,2024-01-01 01:34:48.000000,7,-53.310880829015545,-53.0,1.5366141592039233,0.13020833333333334,78.8876643533491,7164.0,0.0,-2.8860103626943006,-3.0,0.4535291472353836,0.203125,37.119170984455955,37.0,1.6173845066919115,0.14583333333333334
2024-01-01 01:34:44.000000,2024-01-01 01:34:50.000000,7,-53.233160621761655,-53.0,0.5425046659780407,0.11979166666666667,54.585095424805814,7212.0,0.0,-2.937823834196891,-3.0,0.2997732303547225,0.11458333333333333,37.36787564766839,37.0,0.7868741859128183,0.19270833333333334
2024-01-01 01:34:46.000000,2024-01-01 01:34:52.000000,7,-52.94818652849741,-53.0,0.3918563278710377,0.14583333333333334,38.51167807444497,7304.000000000001,0.0,-2.94300518134715,-3.0,0.2538562687454201,0.08333333333333333,37.84455958549223,38.0,0.5270633439791585,0.17708333333333334
2024-01-01 01:34:48.000000,2024-01-01 01:34:54.000000,7,-52.424870466321245,-53.0,0.9873170235586116,0.15104166666666666,100.80202470079882,7431.000000000001,0.0,-2.906735751295337,-3.0,0.3409640401625038,0.11458333333333333,38.50259067357513,38.0,1.1951479699689491,0.09895833333333333
2024-01-01 01:34:50.000000,2024-01-01 01:34:56.000000,7,-52.09844559585492,-52.0,0.9329878462464151,0.17708333333333334,101.21470252050173,7512.0,0.0,-2.8186528497409324,-3.0,0.41239171394927926,0.18229166666666666,38.92227979274612,39.0,1.0893284363045086,0.11458333333333333
2024-01-01 01:34:52.000000,2024-01-01 01:34:58.000000,7,-51.818652849740936,-52.0,1.0720231305343606,0.16666666666666666,61.82777838951992,7571.0,0.0,-2.5544041450777204,-3.0,0.5480968801067272,0.22395833333333334,39.2279792746114,39.0,1.203226807201462,0.1875
2024-01-01 01:34:54.000000,2024-01-01 01:35:00.000000,7,-52.48186528497409,-52.0,1.250388540650736,0.09895833333333333,109.24161472493643,7395.0,0.0,-2.4248704663212437,-2.0,0.5261922066526342,0.2760416666666667,38.3160621761658,39.0,1.5905322210235149,0.078125
2024-01-01 01:34:56.000000,2024-01-01 01:35:02.000000,7,-53.601036269430054,-54.0,1.936867897892369,0.0625,273.70053081522707,7068.999999999999,0.0,-2.1865284974093266,-2.0,0.5268072766541404,0.23958333333333334,36.626943005181346,36.0,2.751079235550359,0.057291666666666664
2024-01-01 01:34:58.000000,2024-01-01 01:35:04.000000,7,-55.015544041450774,-56.0,1.6440444411123245,0.046875,261.8534394412665,6630.999999999999,0.0,-2.088082901554404,-2.0,0.5376578773639767,0.1875,34.35751295336787,33.0,2.5375632239841415,0.015625
2024-01-01 01:35:00.000000,2024-01-01 01:35:06.000000,7,-55.870466321243526,-56.0,1.290513580806202,0.140625,122.18717813429295,6371.0,0.0,-1.9481865284974094,-2.0,0.6101650446334781,0.1875,33.01036269430052,33.0,1.794057428085204,0.109375
2024-01-01 01:35:02.000000,2024-01-01 01:35:08.000000,7,-55.90673575129534,-56.0,1.0060267441858957,0.19270833333333334,71.0259740999626,6355.0,0.0,-2.077720207253886,-2.0,0.6366996482970777,0.22395833333333334,32.92746113989637,33.0,1.344325372860843,0.11979166666666667
2024-01-01 01:35:04.000000,2024-01-01 01:35:10.000000,7,-55.56476683937824,-56.0,1.0690738167036489,0.2916666666666667,70.3727898365736,6479.0,0.0,-2.321243523316062,-2.0,0.7640452291995041,0.3385416666666667,33.5699481865285,34.0,1.3717873443557902,0.24479166666666666
2024-01-01 01:35:06.000000,2024-01-01 01:35:12.000000,7,-55.424870466321245,-55.0,0.6737667041901846,0.3541666666666667,44.66584662364441,6526.000000000001,0.0,-2.528497409326425,-2.0,0.661804919364716,0.3697916666666667,33.81347150259067,34.0,0.7947908991693444,0.25
2024-01-01 01:35:08.000000,2024-01-01 01:35:14.000000,7,-55.45077720207254,-55.0,0.6761655963181022,0.3958333333333333,29.081289064190347,6520.0,0.0,-2.5854922279792745,-3.0,0.7028193900223328,0.375,33.78238341968912,34.0,0.7999352305386968,0.3333333333333333
2024-01-01 01:35:10.000000,2024-01-01 01:35:16.000000,7,-55.40414507772021,-55.0,0.655412894423176,0.3489583333333333,52.75719725431654,6540.0,0.0,-2.569948186528497,-3.0,0.6665587131939053,0.359375,33.8860103626943,34.0,0.840052788455616,0.28125
2024-01-01 01:35:12.000000,2024-01-01 01:35:18.000000,7,-55.53367875647668,-55.0,1.0207000459317677,0.23958333333333334,75.89465122364145,6489.0,0.0,-2.528497409326425,-3.0,0.6295387872313125,0.359375,33.62176165803109,34.0,1.3334412736964605,0.21875
2024-01-01 01:35:14.000000,2024-01-01 01:35:20.000000,7,-55.601036269430054,-56.0,1.0110838675497387,0.203125,88.97286802742319,6476.0,0.0,-2.6010362694300517,-3.0,0.5695383398443655,0.3489583333333333,33.55440414507772,34.0,1.3222431155613548,0.19270833333333334
2024-01-01 01:35:16.000000,2024-01-01 01:35:22.000000,7,-55.865284974093264,-56.0,0.8970362350030583,0.22395833333333334,54.25694595981534,6397.000000000001,0.0,-2.694300518134715,-3.0,0.46190124852087866,0.3072916666666667,33.145077720207254,33.0,1.1317800872091335,0.234375
2024-01-01 01:35:18.000000,2024-01-01 01:35:24.000000,7,-55.90155440414508,-56.0,0.48481919782209143,0.20833333333333334,47.867436640772866,6380.0,0.0,-2.6632124352331608,-3.0,0.4738407360895566,0.28125,33.056994818652846,33.0,0.7084793611541184,0.21875
2024-01-01 01:35:20.000000,2024-01-01 01:35:26.000000,7,-55.968911917098445,-56.0,0.44378504264564195,0.125,52.490937791352444,6340.0,0.0,-2.4507772020725387,-2.0,0.49886529275033925,0.23958333333333334,32.84974093264249,33.0,0.7240025000195373,0.20833333333333334
2024-01-01 01:35:22.000000,2024-01-01 01:35:28.000000,7,-56.03626943005181,-56.0,0.3590069781532018,0.11979166666666667,31.90368840718569,6315.0,0.0,-2.1865284974093266,-2.0,0.3905456525628604,0.203125,32.72020725388601,33.0,0.5723270831923317,0.203125
2024-01-01 01:35:24.000000,2024-01-01 01:35:30.000000,7,-56.09326424870466,-56.0,0.5877270993842332,0.09375,52.51691880996336,6308.000000000001,0.0,-2.0466321243523318,-2.0,0.3110827100697136,0.13541666666666666,32.6839378238342,33.0,0.8407592279882052,0.15625
2024-01-01 01:35:26.000000,2024-01-01 01:35:32.000000,7,-56.07253886010363,-56.0,0.5817737602517362,0.0625,50.366619332728746,6332.0,0.0,-2.1139896373056994,-2.0,0.3919251893649121,0.19270833333333334,32.80829015544042,33.0,0.8161990660196404,0.078125
2024-01-01 01:35:28.000000,2024-01-01 01:35:34.000000,7,-56.04663212435233,-56.0,0.5799618830903037,0.046875,46.815520366390274,6339.999999999999,0.0,-2.1709844559585494,-2.0,0.4411013261887313,0.25,32.84974093264249,33.0,0.8057168361369507,0.057291666666666664
2024-01-01 01:35:30.000000,2024-01-01 01:35:36.000000,7,-55.984455958549226,-56.0,0.16062002060452565,0.036458333333333336,7.489537493236204,6361.0,0.0,-2.1917098445595853,-2.0,0.39466979705148986,0.23958333333333334,32.95854922279793,33.0,0.2668137008287129,0.09375
2024-01-01 01:35:32.000000,2024-01-01 01:35:38.000000,7,-55.98963730569948,-56.0,0.22798111457100187,0.041666666666666664,32.66606300188051,6329.0,0.0,-2.139896373056995,-2.0,0.34778164491367375,0.16666666666666666,32.79274611398964,33.0,0.46608880457251983,0.11979166666666667
2024-01-01 01:35:34.000000,2024-01-01 01:35:40.000000,7,-55.994818652849744,-56.0,0.2164440200535138,0.03125,33.215213418434786,6332.0,0.0,-2.1658031088082903,-2.0,0.37287104365801615,0.19791666666666666,32.80829015544042,33.0,0.45590304017191646,0.10416666666666667
2024-01-01 01:35:36.000000,2024-01-01 01:35:42.000000,7,-56.09326424870466,-56.0,0.3840657192251579,0.06770833333333333,62.77701444771036,6297.000000000001,0.0,-2.300518134715026,-2.0,0.4596757699417088,0.3072916666666667,32.626943005181346,33.0,0.6420178815861275,0.046875
2024-01-01 01:35:38.000000,2024-01-01 01:35:44.000000,7,-56.512953367875646,-56.0,0.9741920171895195,0.06770833333333333,124.48101784517263,6176.0,0.0,-2.22279792746114,-2.0,0.6012993271483146,0.296875,32.0,33.0,1.5275252316519468,0.057291666666666664
2024-01-01 01:35:40.000000,2024-01-01 01:35:46.000000,7,-57.07253886010363,-57.0,1.0282075219125009,0.15625,115.98816646535485,5986.0,0.0,-1.8756476683937824,-2.0,0.7253431086154265,0.171875,31.015544041450777,31.0,1.5393338789940887,0.06770833333333333
2024-01-01 01:35:42.000000,2024-01-01 01:35:48.000000,7,-57.38341968911917,-57.0,0.8649028817264129,0.22916666666666666,60.77991344506588,5877.000000000001,0.0,-1.6528497409326426,-2.0,0.6112697365699425,0.21875,30.45077720207254,30.0,1.163199573150518,0.19270833333333334
2024-01-01 01:35:44.000000,2024-01-01 01:35:50.000000,7,-57.55958549222798,-58.0,0.4977279986315421,0.2552083333333333,34.28660682441341,5840.0,0.0,-1.6787564766839378,-2.0,0.520831174434213,0.171875,30.259067357512954,30.0,0.545085200356485,0.17708333333333334
2024-01-01 01:35:46.000000,2024-01-01 01:35:52.000000,7,-57.56476683937824,-58.0,0.49707694799495594,0.234375,37.79021727784493,5840.0,0.0,-1.9378238341968912,-2.0,0.3903383015248523,0.06770833333333333,30.259067357512954,30.0,0.5354448701603205,0.171875
2024-01-01 01:35:48.000000,2024-01-01 01:35:54.000000,7,-57.49740932642487,-58.0,0.5216595346784121,0.16666666666666666,68.78585753318644,5877.0,0.0,-2.010362694300518,-2.0,0.26983091360029476,0.07291666666666667,30.45077720207254,30.0,0.7561635054520602,0.08854166666666667
2024-01-01 01:35:50.000000,2024-01-01 01:35:56.000000,7,-57.30051813471503,-57.0,0.4924954958895578,0.1875,75.13609110543769,5922.999999999999,0.0,-2.0207253886010363,-2.0,0.2272697833064156,0.0625,30.689119170984455,31.0,0.740731445441584,0.140625
2024-01-01 01:35:52.000000,2024-01-01 01:35:58.000000,7,-53.49740932642487,-57.0,13.33858920588884,0.015625,344.5811783866566,5686.0,0.0,-7.823834196891192,-2.0,16.433263136264188,0.005208333333333333,29.46113989637306,31.0,5.625443755284444,0.015625
2024-01-01 01:35:54.000000,2024-01-01 01:36:00.000000,7,-41.917098445595855,-57.0,20.25060101668918,0.026041666666666668,629.4411765392409,5196.000000000001,0.0,-25.38860103626943,-3.0,26.24522326799438,0.005208333333333333,26.922279792746114,30.0,8.848797645752496,0.07291666666666667
2024-01-01 01:35:56.000000,2024-01-01 01:36:02.000000,7,-28.11917098445596,-19.0,19.469294610809268,0.046875,710.4857479910434,4449.0,0.0,-44.38860103626943,-56.0,22.997945438383702,0.005208333333333333,23.05181347150259,24.0,9.149078353311108,0.08854166666666667
2024-01-01 01:35:58.000000,2024-01-01 01:36:04.000000,7,-18.414507772020727,-16.0,8.470795226049207,0.15625,406.4468026616677,3939.0,0.0,-57.67875647668394,-59.0,2.365202270193651,0.08333333333333333,20.409326424870468,21.0,8.200185215272084,0.171875
2024-01-01 01:36:00.000000,2024-01-01 01:36:06.000000,7,-18.968911917098445,-16.0,10.13703335123625,0.13020833333333334,756.5051527436342,2898.0,0.0,-57.94818652849741,-59.0,2.8261076969970387,0.13541666666666666,15.015544041450777,19.0,14.186803097398384,0.109375
2024-01-01 01:36:02.000000,2024-01-01 01:36:08.000000,7,-22.89637305699482,-23.0,11.0862920849776,0.11979166666666667,876.9229793142562,2421.0,0.0,-56.67357512953368,-57.0,2.885339409158806,0.11458333333333333,12.544041450777202,17.0,16.00746499808573,0.09895833333333333
2024-01-01 01:36:04.000000,2024-01-01 01:36:10.000000,7,-23.82383419689119,-22.0,10.111876876839732,0.125,812.3507797895668,2453.0000000000005,0.0,-56.38860103626943,-57.0,2.6377220703112894,0.10416666666666667,12.709844559585493,17.0,15.73672577115537,0.08333333333333333
2024-01-01 01:36:06.000000,2024-01-01 01:36:12.000000,7,-28.518134715025905,-22.0,17.13490992591608,0.0625,800.7150616432199,3319.0,0.0,-49.36787564766839,-57.0,18.09420959822385,0.005208333333333333,17.196891191709845,20.0,13.883915704331185,0.109375
2024-01-01 01:36:08.000000,2024-01-01 01:36:14.000000,7,-37.259067357512954,-24.0,20.197081914862036,0.005208333333333333,859.0907488436013,4898.0,0.0,-31.580310880829014,-56.0,27.41986479396855,0.005208333333333333,25.378238341968913,25.0,13.013092085680368,0.06770833333333333
2024-01-01 01:36:10.000000,2024-01-01 01:36:16.000000,7,-48.067357512953365,-53.0,16.671477069185993,0.015625,942.5307398693723,6099.0,0.0,-12.94818652849741,-2.0,21.670770668845545,0.015625,31.60103626943005,37.0,12.683708339988202,0.06770833333333333
2024-01-01 01:36:12.000000,2024-01-01 01:36:18.000000,7,-53.33678756476684,-53.0,0.9550000226062242,0.2864583333333333,49.617216935109205,7152.0,0.0,-1.8238341968911918,-2.0,0.4449389160691777,0.21875,37.056994818652846,37.0,1.1822759147147828,0.140625
2024-01-01 01:36:14.000000,2024-01-01 01:36:20.000000,7,-53.05181347150259,-53.0,0.5471605934512337,0.20833333333333334,38.19548765189607,7237.0,0.0,-1.7927461139896372,-2.0,0.40639320911465465,0.234375,37.49740932642487,37.0,0.6702327979547348,0.22916666666666666
2024-01-01 01:36:16.000000,2024-01-01 01:36:22.000000,7,-52.9119170984456,-53.0,0.6016582582813969,0.19791666666666666,49.49103623589612,7294.0,0.0,-1.8601036269430051,-2.0,0.34778164491367336,0.16666666666666666,37.79274611398964,38.0,0.7763088563287851,0.109375
2024-01-01 01:36:18.000000,2024-01-01 01:36:24.000000,7,-52.652849740932645,-53.0,0.5851501438488136,0.296875,56.460246247934336,7384.0,0.0,-1.8652849740932642,-2.0,0.3714933919221126,0.17708333333333334,38.259067357512954,38.0,0.6733259802262721,0.2864583333333333
2024-01-01 01:36:20.000000,2024-01-01 01:36:26.000000,7,-52.39378238341969,-52.0,0.6126808358052663,0.3489583333333333,28.50702858971193,7461.0,0.0,-1.9637305699481866,-2.0,0.236578409192445,0.07291666666666667,38.6580310880829,39.0,0.5926197655567169,0.3385416666666667
2024-01-01 01:36:22.000000,2024-01-01 01:36:28.000000,7,-51.818652849740936,-52.0,0.8799054451477665,0.07291666666666667,115.83228611510035,7597.0,0.0,-2.0259067357512954,-2.0,0.21494265612749686,0.052083333333333336,39.362694300518136,39.0,1.0423615989358481,0.020833333333333332
2024-01-01 01:36:24.000000,2024-01-01 01:36:30.000000,7,-51.89119170984456,-52.0,0.9149084252522671,0.041666666666666664,120.72245897609264,7579.0,0.0,-2.0466321243523318,-2.0,0.23474621581114138,0.0625,39.26943005181347,39.0,1.1226587612896948,0.020833333333333332
2024-01-01 01:36:26.000000,2024-01-01 01:36:32.000000,7,-51.90673575129534,-52.0,0.890696250142141,0.036458333333333336,96.49085607197901,7569.000000000001,0.0,-2.051813471502591,-2.0,0.2445432102769842,0.07291666666666667,39.21761658031088,39.0,1.1292975868758692,0.026041666666666668
2024-01-01 01:36:28.000000,2024-01-01 01:36:34.000000,7,-52.48186528497409,-52.0,0.5505041652194904,0.20833333333333334,43.851549024985836,7417.000000000002,0.0,-1.9585492227979275,-2.0,0.351102384331475,0.0625,38.4300518134715,38.0,0.6507435630118691,0.1875
2024-01-01 01:36:30.000000,2024-01-01 01:36:36.000000,7,-52.67357512953368,-53.0,0.6709571566388616,0.140625,75.58087729550107,7371.0,0.0,-1.6528497409326426,-2.0,0.5089865985592867,0.140625,38.19170984455958,38.0,0.8033352861900183,0.09895833333333333
2024-01-01 01:36:32.000000,2024-01-01 01:36:38.000000,7,-53.233160621761655,-53.0,0.7517610298101891,0.08854166666666667,114.34885343685215,7217.000000000001,0.0,-1.5025906735751295,-1.0,0.5216595346784129,0.21354166666666666,37.39378238341969,37.0,1.0309596532178378,0.11979166666666667
2024-01-01 01:36:34.000000,2024-01-01 01:36:40.000000,7,-54.03626943005181,-54.0,3.3515746563413082,0.09895833333333333,98.13445852339372,7083.0,0.0,-1.4818652849740932,-2.0,0.7151140952724537,0.22395833333333334,36.69948186528497,36.0,1.204526939011675,0.09895833333333333
2024-01-01 01:36:36.000000,2024-01-01 01:36:42.000000,7,-54.5699481865285,-54.0,8.147502716669365,0.16666666666666666,399.7380623477356,6521.000000000001,0.0,-6.419689119170984,-2.0,7.924449633014463,0.015625,33.78756476683938,36.0,5.211310893264013,0.0625
2024-01-01 01:36:38.000000,2024-01-01 01:36:44.000000,7,-52.84974093264249,-54.0,8.716197352441096,0.057291666666666664,385.0184397100298,6396.0,0.0,-14.207253886010363,-16.0,10.521235927419104,0.036458333333333336,33.13989637305699,35.0,5.348881696754213,0.078125
2024-01-01 01:36:40.000000,2024-01-01 01:36:46.000000,7,-51.06217616580311,-50.0,8.511405915376397,0.08854166666666667,564.0288906320917,5675.0,0.0,-24.917098445595855,-25.0,8.7793180185289,0.057291666666666664,29.40414507772021,28.0,5.956647496327909,0.078125
2024-01-01 01:36:42.000000,2024-01-01 01:36:48.000000,7,-48.803108808290155,-49.0,1.552078805443664,0.25,472.58633808201984,5461.0,0.0,-31.186528497409327,-33.0,4.8526651687571745,0.005208333333333333,28.295336787564768,27.0,5.141824924854835,0.078125
2024-01-01 01:36:44.000000,2024-01-01 01:36:50.000000,7,-48.476683937823836,-48.0,1.3426983825339975,0.234375,367.82447570532423,5088.999999999999,0.0,-34.067357512953365,-34.0,1.8316152257121174,0.046875,26.367875647668395,26.0,3.241078161834827,0.07291666666666667
2024-01-01 01:36:46.000000,2024-01-01 01:36:52.000000,7,-48.22279792746114,-48.0,0.9932577111852772,0.2916666666666667,450.35870029886837,4906.0,0.0,-35.067357512953365,-35.0,1.9231651866286605,0.026041666666666668,25.419689119170986,25.0,3.842610048675647,0.036458333333333336
2024-01-01 01:36:48.000000,2024-01-01 01:36:54.000000,7,-47.82383419689119,-48.0,1.0508190324850504,0.16666666666666666,450.914904766547,4841.0,0.0,-35.78756476683938,-36.0,1.9314962834338636,0.041666666666666664,25.082901554404145,24.0,3.87478062223738,0.041666666666666664
2024-01-01 01:36:50.000000,2024-01-01 01:36:56.000000,7,-47.4300518134715,-48.0,1.2610050957343708,0.20833333333333334,415.9683042790565,4735.0,0.0,-36.704663212435236,-37.0,1.0056242959102797,0.09895833333333333,24.533678756476682,24.0,3.386578201828277,0.078125
2024-01-01 01:36:52.000000,2024-01-01 01:36:58.000000,7,-46.740932642487046,-47.0,1.3788707489515952,0.171875,427.4468697771068,4923.0,0.0,-36.880829015544045,-37.0,1.1864229048504213,0.10416666666666667,25.507772020725387,25.0,3.5738039534583805,0.057291666666666664
2024-01-01 01:36:54.000000,2024-01-01 01:37:00.000000,7,-46.398963730569946,-47.0,1.443880392283011,0.16666666666666666,532.305370458951,4933.0,0.0,-37.233160621761655,-37.0,1.4114630633759453,0.07291666666666667,25.559585492227978,25.0,4.197943920614207,0.041666666666666664
2024-01-01 01:36:56.000000,2024-01-01 01:37:02.000000,7,-45.932642487046635,-47.0,1.9258714914882338,0.07291666666666667,608.7539424336151,5045.000000000001,0.0,-37.35233160621762,-37.0,1.3882720276653024,0.078125,26.139896373056995,25.0,4.637495955707727,0.020833333333333332
2024-01-01 01:36:58.000000,2024-01-01 01:37:04.000000,7,-45.94818652849741,-46.0,1.8335443040804642,0.0625,634.1040834706145,4961.0,0.0,-37.575129533678755,-37.0,1.4810620868176443,0.07291666666666667,25.704663212435232,25.0,4.812183865757666,0.052083333333333336
2024-01-01 01:37:00.000000,2024-01-01 01:37:06.000000,7,-45.67357512953368,-46.0,2.25743589928446,0.0625,644.741037701746,5158.0,0.0,-37.15544041450777,-37.0,1.3604089220646707,0.09375,26.72538860103627,26.0,5.0910693845606785,0.020833333333333332
2024-01-01 01:37:02.000000,2024-01-01 01:37:08.000000,7,-46.64766839378238,-47.0,2.1818873839250412,0.09895833333333333,486.1003204969407,4835.0,0.0,-37.005181347150256,-37.0,1.9803656262965512,0.06770833333333333,25.05181347150259,23.0,4.90826358111426,0.026041666666666668
2024-01-01 01:37:04.000000,2024-01-01 01:37:10.000000,7,-46.69430051813472,-47.0,2.5320484651862043,0.109375,525.1557569790915,5156.000000000001,0.0,-35.67357512953368,-36.0,2.8361829112461887,0.041666666666666664,26.71502590673575,25.0,6.263870618837342,0.015625
2024-01-01 01:37:06.000000,2024-01-01 01:37:12.000000,7,-46.715025906735754,-47.0,2.5385839483592063,0.13020833333333334,751.1195896137797,5012.000000000001,0.0,-36.0,-37.0,3.13581462037113,0.026041666666666668,25.968911917098445,24.0,6.663728573209546,0.026041666666666668
2024-01-01 01:37:08.000000,2024-01-01 01:37:14.000000,7,-46.66839378238342,-47.0,2.5236147211479145,0.11979166666666667,843.8119707579981,4981.0,0.0,-36.23834196891192,-37.0,2.9235361983874104,0.046875,25.808290155440414,23.0,6.753049749214895,0.03125
2024-01-01 01:37:10.000000,2024-01-01 01:37:16.000000,7,-46.80829015544042,-47.0,3.051559314302225,0.11458333333333333,821.3617223368656,4903.0,0.0,-36.181347150259064,-36.0,2.357007338215281,0.046875,25.40414507772021,24.0,6.746324880667213,0.041666666666666664
2024-01-01 01:37:12.000000,2024-01-01 01:37:18.000000,7,-48.637305699481864,-48.0,5.726678883634861,0.17708333333333334,943.4848643649069,5373.0,0.0,-29.575129533678755,-34.0,9.44368192170522,0.005208333333333333,27.83937823834197,26.0,9.689991810010246,0.0625
2024-01-01 01:37:14.000000,2024-01-01 01:37:20.000000,7,-42.30569948186528,-45.0,12.817826886673052,0.057291666666666664,1148.0166688188249,5748.0,0.0,-31.673575129533678,-33.0,15.715974362816686,0.020833333333333332,29.78238341968912,28.0,13.19975933011875,0.07291666666666667
2024-01-01 01:37:16.000000,2024-01-01 01:37:22.000000,7,-33.97409326424871,-29.0,15.236139614266573,0.078125,1238.9969568828176,5261.0,0.0,-39.21761658031088,-49.0,19.946916546333433,0.005208333333333333,27.259067357512954,23.0,13.57790918645605,0.08854166666666667
2024-01-01 01:37:18.000000,2024-01-01 01:37:24.000000,7,-26.326424870466322,-25.0,8.526440259923552,0.140625,937.2087670298351,4555.0,0.0,-50.984455958549226,-55.0,12.643953052389083,0.015625,23.60103626943005,21.0,12.043817525486643,0.15625
2024-01-01 01:37:20.000000,2024-01-01 01:37:26.000000,7,-26.196891191709845,-25.0,6.077844899165116,0.13020833333333334,503.4996223330598,3845.0,0.0,-54.9119170984456,-55.0,2.0785393893529083,0.22916666666666666,19.922279792746114,19.0,6.344220711966257,0.19270833333333334
2024-01-01 01:37:22.000000,2024-01-01 01:37:28.000000,7,-24.616580310880828,-26.0,7.910181645290159,0.13541666666666666,711.8044309723052,4456.0,0.0,-54.04145077720207,-54.0,1.509808889986822,0.24479166666666666,23.088082901554404,23.0,8.014798354279296,0.09375
2024-01-01 01:37:24.000000,2024-01-01 01:37:30.000000,7,-20.66839378238342,-21.0,8.394187349636317,0.09375,746.7509146011654,4724.0,0.0,-54.9119170984456,-55.0,1.6385692925307929,0.1875,24.476683937823836,25.0,7.361267255923136,0.10416666666666667
2024-01-01 01:37:26.000000,2024-01-01 01:37:32.000000,7,-17.44559585492228,-17.0,7.6409255671885745,0.15104166666666666,613.3745022080504,4922.0,0.0,-55.78756476683938,-56.0,1.979438782311501,0.18229166666666666,25.502590673575128,27.0,7.585021116436496,0.140625
2024-01-01 01:37:28.000000,2024-01-01 01:37:34.000000,7,-18.78238341968912,-15.0,11.842908414168809,0.08854166666666667,788.2685923235261,5122.0,0.0,-52.79274611398964,-56.0,11.197030355132016,0.015625,26.53886010362694,27.0,9.885795404377038,0.14583333333333334
2024-01-01 01:37:30.000000,2024-01-01 01:37:36.000000,7,-28.010362694300518,-25.0,17.507733302418135,0.057291666666666664,1422.5543433095042,6367.0,0.0,-36.082901554404145,-55.0,24.173060243525896,0.015625,32.98963730569948,31.0,14.403771799610949,0.13541666666666666
2024-01-01 01:37:32.000000,2024-01-01 01:37:38.000000,7,-38.24352331606217,-45.0,18.156948050858905,0.09895833333333333,1000.484445857129,7594.000000000001,0.0,-19.04663212435233,-7.0,22.146362134351502,0.015625,39.347150259067355,40.0,11.506732841725613,0.08854166666666667
2024-01-01 01:37:34.000000,2024-01-01 01:37:40.000000,7,-47.575129533678755,-49.0,9.204041407900236,0.13020833333333334,555.458321586239,8278.0,0.0,-4.626943005181347,-3.0,6.806530219351321,0.08854166666666667,42.89119170984456,43.0,8.187488875916985,0.171875
2024-01-01 01:37:36.000000,2024-01-01 01:37:42.000000,7,-47.05181347150259,-49.0,7.816076469795605,0.09895833333333333,458.0949013979491,8407.0,0.0,-4.9689119170984455,-3.0,7.8765915956126555,0.052083333333333336,43.55958549222798,43.0,7.1317821401074095,0.13020833333333334
2024-01-01 01:37:38.000000,2024-01-01 01:37:44.000000,7,-44.69948186528497,-44.0,6.4196029326954145,0.036458333333333336,417.2385851741397,8937.0,0.0,-5.1139896373057,-6.0,4.565205948701406,0.057291666666666664,46.30569948186528,48.0,5.4174504547851345,0.036458333333333336
2024-01-01 01:37:40.000000,2024-01-01 01:37:46.000000,7,-43.09326424870466,-44.0,5.696454143589439,0.13541666666666666,209.70345817889313,9221.0,0.0,-6.33678756476684,-6.0,4.150243973934303,0.19791666666666666,47.77720207253886,48.0,4.797688076649938,0.10416666666666667
2024-01-01 01:37:42.000000,2024-01-01 01:37:48.000000,7,-43.90673575129534,-44.0,1.1326619722364692,0.11979166666666667,69.08396769230346,9155.0,0.0,-6.233160621761658,-6.0,0.5613774540728168,0.23958333333333334,47.43523316062176,47.0,0.9721122151761292,0.11979166666666667
2024-01-01 01:37:44.000000,2024-01-01 01:37:50.000000,7,-44.803108808290155,-45.0,0.9200264226137352,0.19270833333333334,59.33464556900979,9004.0,0.0,-6.196891191709844,-6.0,0.45938214118613707,0.234375,46.652849740932645,47.0,0.8092593470861398,0.13020833333333334
2024-01-01 01:37:46.000000,2024-01-01 01:37:52.000000,7,-45.18652849740933,-45.0,1.0340176852464442,0.19270833333333334,50.904642427162635,8938.0,0.0,-6.27979274611399,-6.0,0.4941912148370383,0.28125,46.310880829015545,46.0,0.9223699949582643,0.22395833333333334
2024-01-01 01:37:48.000000,2024-01-01 01:37:54.000000,7,-45.58031088082902,-46.0,0.8985091278611163,0.24479166666666666,35.52582978793043,8870.0,0.0,-6.383419689119171,-6.0,0.4980532048071302,0.3020833333333333,45.95854922279793,46.0,0.8154382569820448,0.25
2024-01-01 01:37:50.000000,2024-01-01 01:37:56.000000,7,-45.73575129533679,-46.0,0.7823685860836312,0.19791666666666666,37.55091363583163,8828.0,0.0,-6.487046632124352,-6.0,0.5411100501337834,0.3177083333333333,45.740932642487046,46.0,0.774080880128817,0.3177083333333333
2024-01-01 01:37:52.000000,2024-01-01 01:37:58.000000,7,-45.94818652849741,-46.0,0.3918563278710369,0.11458333333333333,19.701008237667338,8787.000000000002,0.0,-6.533678756476684,-7.0,0.5402116101724515,0.3125,45.52849740932643,46.0,0.5208829855434611,0.3229166666666667
2024-01-01 01:37:54.000000,2024-01-01 01:38:00.000000,7,-46.01036269430052,-46.0,0.3383421176871652,0.08333333333333333,20.68498806351743,8761.0,0.0,-6.512953367875648,-6.0,0.5411100501337835,0.328125,45.39378238341969,45.0,0.5106804022377462,0.328125
2024-01-01 01:37:56.000000,2024-01-01 01:38:02.000000,7,-46.01036269430052,-46.0,0.3225813415781645,0.07291666666666667,16.883564709219087,8776.0,0.0,-6.528497409326425,-7.0,0.5107860784731744,0.3802083333333333,45.47150259067357,45.0,0.520882985543461,0.3645833333333333
2024-01-01 01:37:58.000000,2024-01-01 01:38:04.000000,7,-46.015544041450774,-46.0,0.21594472522460859,0.052083333333333336,19.37615894208995,8768.0,0.0,-6.523316062176166,-7.0,0.5007550430360936,0.40625,45.4300518134715,45.0,0.4963706795007617,0.4010416666666667
2024-01-01 01:38:00.000000,2024-01-01 01:38:06.000000,7,-46.233160621761655,-46.0,0.502637688540442,0.08854166666666667,44.05461242980144,8728.0,0.0,-6.528497409326425,-7.0,0.5004855155699681,0.4270833333333333,45.22279792746114,45.0,0.6267462651097463,0.3020833333333333
2024-01-01 01:38:02.000000,2024-01-01 01:38:08.000000,7,-45.05181347150259,-46.0,7.571699592233299,0.015625,1700.525466303305,6910.000000000001,0.0,-12.917098445595855,-7.0,15.53267281798166,0.005208333333333333,35.803108808290155,45.0,21.734251738173725,0.005208333333333333
2024-01-01 01:38:04.000000,2024-01-01 01:38:10.000000,7,-37.66839378238342,-46.0,13.230484291745626,0.046875,2477.5403319942434,5168.0,0.0,-28.917098445595855,-16.0,23.554753763740894,0.005208333333333333,26.77720207253886,39.0,23.17319523819482,0.09895833333333333
2024-01-01 01:38:06.000000,2024-01-01 01:38:12.000000,7,-32.66839378238342,-32.0,13.029369309146466,0.09895833333333333,1890.908262772007,3038.0,0.0,-44.29015544041451,-53.0,18.52612897135318,0.015625,15.740932642487047,23.0,21.17253609141604,0.046875
2024-01-01 01:38:08.000000,2024-01-01 01:38:14.000000,7,-26.854922279792746,-23.0,9.454919856833076,0.09895833333333333,1720.067003621585,1804.0,0.0,-54.715025906735754,-55.0,3.0270709378650205,0.078125,9.347150259067357,13.0,17.278017846120143,0.0625
2024-01-01 01:38:10.000000,2024-01-01 01:38:16.000000,7,-27.28497409326425,-26.0,8.340203342617027,0.16145833333333334,1185.1982306443722,730.0,0.3316062176165803,-56.10880829015544,-57.0,3.549292055222318,0.03125,3.7823834196891193,5.0,14.18421586505192,0.09895833333333333
2024-01-01 01:38:12.000000,2024-01-01 01:38:18.000000,7,-26.82901554404145,-26.0,6.533311083462874,0.25,943.4937237695126,396.0,0.3316062176165803,-57.145077720207254,-58.0,2.3672437205471204,0.10416666666666667,2.051813471502591,4.0,11.766274603644058,0.109375
2024-01-01 01:38:14.000000,2024-01-01 01:38:20.000000,7,-26.54922279792746,-27.0,9.387986112419295,0.2604166666666667,830.7276633082128,299.0,-0.3316062176165803,-57.61658031088083,-58.0,2.3514478507546475,0.109375,1.549222797927461,3.0,11.401704547141662,0.140625
2024-01-01 01:38:16.000000,2024-01-01 01:38:22.000000,7,-26.22279792746114,-27.0,12.517783118993648,0.21354166666666666,1183.1228414833265,53.00000000000004,0.16580310880829016,-56.67875647668394,-56.0,2.861456233970599,0.23958333333333334,-0.27461139896373055,4.0,18.543367749101325,0.140625
2024-01-01 01:38:18.000000,2024-01-01 01:38:24.000000,7,-26.067357512953368,-27.0,12.975161437726335,0.15104166666666666,1085.7953997006668,175.99999999999994,0.16580310880829016,-56.233160621761655,-56.0,3.063994339519566,0.19270833333333334,-0.9119170984455959,-1.0,19.537557660220088,0.13020833333333334
2024-01-01 01:38:20.000000,2024-01-01 01:38:26.000000,7,-32.83419689119171,-31.0,16.75943364641335,0.13020833333333334,2459.8757376038175,1614.0,-0.3316062176165803,-42.7979274611399,-55.0,21.93421974181463,0.005208333333333333,8.362694300518134,6.0,26.346510225004554,0.06770833333333333
2024-01-01 01:38:22.000000,2024-01-01 01:38:28.000000,7,-43.0,-53.0,15.424209866310818,0.041666666666666664,2215.9198957992517,4174.0,0.0,-25.196891191709845,-4.0,25.15850979857458,0.005208333333333333,21.626943005181346,34.0,21.984030650154736,0.026041666666666668
2024-01-01 01:38:24.000000,2024-01-01 01:38:30.000000,7,-51.47150259067357,-55.0,11.56190162060849,0.036458333333333336,907.2789095100999,6007.0,0.0,-8.05181347150259,-3.0,14.519290663861304,0.015625,31.124352331606218,34.0,16.88826878709643,0.015625
2024-01-01 01:38:26.000000,2024-01-01 01:38:32.000000,7,-54.83937823834197,-55.0,1.1682000162924302,0.07291666666666667,94.86631372554446,6692.000000000001,0.0,-2.8186528497409324,-3.0,0.7095070535712504,0.078125,34.67357512953368,34.0,1.4868087209562535,0.14583333333333334
2024-01-01 01:38:28.000000,2024-01-01 01:38:34.000000,7,-54.932642487046635,-55.0,1.0947896305046263,0.10416666666666667,82.71939544848873,6691.0,0.0,-2.5492227979274613,-3.0,0.7280910522117985,0.15104166666666666,34.66839378238342,35.0,1.404563251498897,0.08854166666666667
2024-01-01 01:38:30.000000,2024-01-01 01:38:36.000000,7,-54.81347150259067,-55.0,1.0390424630731316,0.125,69.45940335927203,6764.999999999999,0.0,-2.2538860103626943,-2.0,0.6867783541813348,0.203125,35.05181347150259,35.0,1.2405515097565454,0.03125
2024-01-01 01:38:32.000000,2024-01-01 01:38:38.000000,7,-54.89119170984456,-55.0,0.31220841318620596,0.109375,8.482315903492282,6749.0,0.0,-2.22279792746114,-2.0,0.4172060412182639,0.22395833333333334,34.968911917098445,35.0,0.26822595712569086,0.08333333333333333
2024-01-01 01:38:34.000000,2024-01-01 01:38:40.000000,7,-55.015544041450774,-55.0,0.47298568444051814,0.046875,50.95438647252604,6690.0,0.0,-2.295336787564767,-2.0,0.4796146625417567,0.24479166666666666,34.66321243523316,35.0,0.6812550010907998,0.11979166666666667
2024-01-01 01:38:36.000000,2024-01-01 01:38:42.000000,7,-55.3160621761658,-55.0,2.924145358809531,0.18229166666666666,130.12975070908055,6511.999999999999,0.0,-2.2694300518134716,-2.0,0.9464562118593679,0.3229166666666667,33.740932642487046,34.0,3.684883699066724,0.13020833333333334
2024-01-01 01:38:38.000000,2024-01-01 01:38:44.000000,7,-56.75647668393783,-56.0,3.793878295568924,0.15104166666666666,421.136952857,5967.0,0.0,-2.2072538860103625,-2.0,1.298456304134969,0.359375,30.917098445595855,33.0,5.375810779513447,0.078125
2024-01-01 01:38:40.000000,2024-01-01 01:38:46.000000,7,-58.04663212435233,-58.0,3.873373523493999,0.203125,320.5765759693917,5525.0,0.0,-1.854922279792746,-2.0,1.4576268952661053,0.3072916666666667,28.626943005181346,28.0,5.306805720984732,0.203125
2024-01-01 01:38:42.000000,2024-01-01 01:38:48.000000,7,-58.984455958549226,-59.0,2.137162945983688,0.2864583333333333,131.94511598049266,5274.0,0.0,-1.5958549222797926,-1.0,1.2426380790517837,0.3802083333333333,27.326424870466322,28.0,3.2051677292634086,0.19791666666666666
2024-01-01 01:38:44.000000,2024-01-01 01:38:50.000000,7,-58.86010362694301,-59.0,1.2608338798346364,0.3020833333333333,77.43471456402857,5371.0,0.0,-1.2746113989637307,-1.0,0.8050802103379016,0.375,27.82901554404145,28.0,1.9755768052137999,0.109375
2024-01-01 01:38:46.000000,2024-01-01 01:38:52.000000,0,-58.81347150259067,-59.0,0.4523375289195948,0.22395833333333334,21.12067787787344,5426.0,0.0,-1.2642487046632125,-1.0,0.45370762004897097,0.3645833333333333,28.1139896373057,28.0,0.49734832266603624,0.11458333333333333
2024-01-01 01:38:48.000000,2024-01-01 01:38:54.000000,6,-59.082901554404145,-59.0,6.812470785537333,0.020833333333333332,282.5941125456581,5697.0,0.0,-0.8601036269430051,-1.0,3.376714686279973,0.041666666666666664,29.518134715025905,28.0,6.777792524309863,0.036458333333333336
2024-01-01 01:38:50.000000,2024-01-01 01:38:56.000000,6,-53.90673575129534,-59.0,12.030846041600066,0.036458333333333336,817.8278014396255,4667.0,0.0,-14.538860103626943,-2.0,20.422102832728445,0.005208333333333333,24.181347150259068,28.0,11.728404989272864,0.015625
2024-01-01 01:38:52.000000,2024-01-01 01:38:58.000000,6,-44.69430051813472,-48.0,16.40962683193572,0.08854166666666667,867.9051354909785,4398.0,0.0,-30.626943005181346,-43.0,22.750588350493476,0.005208333333333333,22.787564766839377,26.0,13.193726838650209,0.08854166666666667
2024-01-01 01:38:54.000000,2024-01-01 01:39:00.000000,6,-33.170984455958546,-32.0,12.652683656572579,0.13541666666666666,1041.4535617472836,4437.0,0.0,-47.005181347150256,-48.0,6.514804781967792,0.140625,22.989637305699482,25.0,12.182205960139884,0.11458333333333333
2024-01-01 01:38:56.000000,2024-01-01 01:39:02.000000,6,-29.88082901554404,-30.0,9.30117014013938,0.3020833333333333,511.49854526993954,5409.0,0.0,-49.145077720207254,-49.0,2.1984106757238133,0.23958333333333334,28.025906735751295,30.0,9.65360210899312,0.23958333333333334
2024-01-01 01:38:58.000000,2024-01-01 01:39:04.000000,6,-31.89637305699482,-34.0,7.477022949907065,0.203125,674.2750047730481,5230.0,0.0,-48.74611398963731,-49.0,1.5521483523722883,0.23958333333333334,27.098445595854923,26.0,8.151281064219916,0.17708333333333334
2024-01-01 01:39:00.000000,2024-01-01 01:39:06.000000,6,-35.29015544041451,-36.0,5.00195341807036,0.22916666666666666,378.51953542987786,4595.0,0.0,-48.4559585492228,-48.0,1.5643749545019225,0.24479166666666666,23.808290155440414,24.0,6.515968660302015,0.203125
2024-01-01 01:39:02.000000,2024-01-01 01:39:08.000000,6,-35.590673575129536,-36.0,5.204496859905561,0.21875,384.08075210387165,4528.0,0.0,-48.398963730569946,-48.0,1.5280021555021912,0.2708333333333333,23.46113989637306,23.0,6.765398542870091,0.19791666666666666
2024-01-01 01:39:04.000000,2024-01-01 01:39:10.000000,6,-32.43523316062176,-33.0,6.828036723116535,0.23958333333333334,626.0891796288391,5332.0,0.0,-47.93782383419689,-48.0,2.0631361216129136,0.2916666666666667,27.626943005181346,26.0,9.7556447058584,0.19270833333333334
2024-01-01 01:39:06.000000,2024-01-01 01:39:12.000000,6,-29.487046632124354,-29.0,6.396702282141619,0.140625,471.49317689532137,5861.000000000001,0.0,-48.33160621761658,-49.0,2.075121986967149,0.19270833333333334,30.367875647668395,30.0,9.029719688402437,0.2552083333333333
2024-01-01 01:39:08.000000,2024-01-01 01:39:14.000000,6,-26.65284974093264,-27.0,5.15071846355887,0.234375,283.6297690621176,5983.0,0.0,-49.751295336787564,-50.0,2.5981385325260993,0.14583333333333334,31.0,30.0,7.364752767970785,0.22916666666666666
2024-01-01 01:39:10.000000,2024-01-01 01:39:16.000000,6,-24.647668393782382,-24.0,3.7666584513948926,0.171875,130.36815396616436,5836.0,0.0,-51.35233160621762,-52.0,1.4252950183960509,0.08854166666666667,30.238341968911918,30.0,2.724346509400285,0.2864583333333333
2024-01-01 01:39:12.000000,2024-01-01 01:39:18.000000,6,-21.917098445595855,-22.0,5.660845773421697,0.2760416666666667,278.9141638635911,6015.0,0.0,-51.854922279792746,-52.0,1.517155067597391,0.11979166666666667,31.16580310880829,31.0,4.887640823055497,0.21875
2024-01-01 01:39:14.000000,2024-01-01 01:39:20.000000,6,-20.39896373056995,-21.0,6.592404006674601,0.22916666666666666,969.2407942766562,5174.0,0.0,-53.7720207253886,-53.0,3.3338298421237536,0.06770833333333333,26.808290155440414,30.0,9.861516833058934,0.06770833333333333
2024-01-01 01:39:16.000000,2024-01-01 01:39:22.000000,6,-28.28497409326425,-24.0,16.44931077977231,0.08854166666666667,1392.324707611435,5243.0,0.0,-42.32124352331606,-53.0,21.737075051140827,0.005208333333333333,27.16580310880829,29.0,13.332817887273439,0.052083333333333336
2024-01-01 01:39:18.000000,2024-01-01 01:39:24.000000,6,-39.66839378238342,-50.0,17.07104901856145,0.015625,1568.0499102362767,5488.0,0.0,-26.310880829015545,-5.0,26.523313953468673,0.005208333333333333,28.435233160621763,37.0,13.608254314651381,0.010416666666666666
2024-01-01 01:39:20.000000,2024-01-01 01:39:26.000000,6,-50.73056994818653,-53.0,9.36304505459097,0.078125,600.6908441516795,6813.0,0.0,-8.025906735751295,-3.0,14.759331523212344,0.005208333333333333,35.30051813471503,37.0,9.50892397418368,0.026041666666666668
2024-01-01 01:39:22.000000,2024-01-01 01:39:28.000000,6,-53.4559585492228,-54.0,0.7355399365587711,0.16145833333333334,85.24477178636597,7128.0,0.0,-2.860103626943005,-3.0,0.4159752467060914,0.19791666666666666,36.932642487046635,37.0,1.020937968272538,0.19270833333333334
2024-01-01 01:39:24.000000,2024-01-01 01:39:30.000000,6,-53.870466321243526,-54.0,0.419335151056906,0.19270833333333334,21.365708200230962,7018.000000000001,0.0,-2.8238341968911915,-3.0,0.4787699228573307,0.2604166666666667,36.362694300518136,36.0,0.5333238880856204,0.2760416666666667
2024-01-01 01:39:26.000000,2024-01-01 01:39:32.000000,6,-53.96373056994819,-54.0,0.29532921239868526,0.10416666666666667,15.41398711436598,6989.000000000001,0.0,-2.8290155440414506,-3.0,0.4411013261887313,0.23958333333333334,36.21243523316062,36.0,0.4580879387033584,0.22916666666666666
2024-01-01 01:39:28.000000,2024-01-01 01:39:34.000000,6,-53.98963730569948,-54.0,0.35340070071761676,0.10416666666666667,17.276457655845984,6974.000000000001,0.0,-2.772020725388601,-3.0,0.5202609116922858,0.296875,36.134715025906736,36.0,0.4814118197985954,0.20833333333333334
2024-01-01 01:39:30.000000,2024-01-01 01:39:36.000000,6,-54.01036269430052,-54.0,0.32258134157816587,0.10416666666666667,13.670251194643878,6956.0,0.0,-2.7253886010362693,-3.0,0.5226415072281577,0.3333333333333333,36.04145077720207,36.0,0.43101378665101525,0.14583333333333334
2024-01-01 01:39:32.000000,2024-01-01 01:39:38.000000,6,-53.979274611398964,-54.0,0.394738167740101,0.125,18.65586806018971,6966.0,0.0,-2.678756476683938,-3.0,0.5500137382488925,0.375,36.09326424870466,36.0,0.4694924316222828,0.15625
2024-01-01 01:39:34.000000,2024-01-01 01:39:40.000000,6,-53.95854922279793,-54.0,0.3359407948085197,0.11458333333333333,18.391895678045078,6970.0,0.0,-2.621761658031088,-3.0,0.537105480389004,0.3645833333333333,36.1139896373057,36.0,0.4049963218664943,0.14583333333333334
2024-01-01 01:39:36.000000,2024-01-01 01:39:42.000000,6,-53.943005181347154,-54.0,0.30934286023981145,0.11458333333333333,16.2948431060564,6969.0,0.0,-2.6010362694300517,-3.0,0.5509451762374756,0.34375,36.10880829015544,36.0,0.3730157636493589,0.125
2024-01-01 01:39:38.000000,2024-01-01 01:39:44.000000,6,-54.09844559585492,-54.0,0.3758984631211686,0.109375,24.671242382174494,6926.000000000001,0.0,-2.61139896373057,-3.0,0.6117551690618737,0.3229166666666667,35.8860103626943,36.0,0.41765857753918506,0.109375
2024-01-01 01:39:40.000000,2024-01-01 01:39:46.000000,6,-54.1139896373057,-54.0,0.378402811025573,0.125,26.84383774671228,6926.0,0.0,-2.715025906735751,-3.0,0.5833024911659006,0.2760416666666667,35.8860103626943,36.0,0.45352914723538407,0.13541666666666666
2024-01-01 01:39:42.000000,2024-01-01 01:39:48.000000,6,-54.12435233160622,-54.0,0.36095608026816106,0.125,25.957115872880347,6925.0,0.0,-2.772020725388601,-3.0,0.5399117979524276,0.2552083333333333,35.880829015544045,36.0,0.4345679568878895,0.125
2024-01-01 01:39:44.000000,2024-01-01 01:39:50.000000,6,-54.01036269430052,-54.0,0.17647111737534577,0.026041666666666668,6.576706768564598,6949.999999999999,0.0,-2.8186528497409324,-3.0,0.39956258466898215,0.23958333333333334,36.01036269430052,36.0,0.22798111457100212,0.041666666666666664
2024-01-01 01:39:46.000000,2024-01-01 01:39:52.000000,6,-54.01036269430052,-54.0,0.10153187644463972,0.020833333333333332,1.0000000000004412,6947.0,0.0,-2.844559585492228,-3.0,0.36326634200426683,0.1875,35.994818652849744,36.0,0.07198157507486944,0.010416666666666666
2024-01-01 01:39:48.000000,2024-01-01 01:39:54.000000,6,-54.04145077720207,-54.0,0.19984882023648207,0.07291666666666667,6.98376410584194,6940.0,0.0,-2.8911917098445596,-3.0,0.31220841318620596,0.13020833333333334,35.95854922279793,36.0,0.19984882023648207,0.0625
2024-01-01 01:39:50.000000,2024-01-01 01:39:56.000000,6,-54.056994818652846,-54.0,0.2538562687454202,0.10416666666666667,9.32687434452719,6930.0,0.0,-2.9326424870466323,-3.0,0.25129199826851256,0.08333333333333333,35.90673575129534,36.0,0.29155870195200423,0.125
2024-01-01 01:39:52.000000,2024-01-01 01:39:58.000000,6,-54.04663212435233,-54.0,0.275570533930942,0.10416666666666667,9.941674614421208,6930.0,0.0,-2.911917098445596,-3.0,0.2841525290371418,0.13541666666666666,35.90673575129534,36.0,0.30890636663980303,0.13541666666666666
2024-01-01 01:39:54.000000,2024-01-01 01:40:00.000000,6,-54.015544041450774,-54.0,0.215944725224609,0.052083333333333336,9.47178390897581,6937.0,0.0,-2.849740932642487,-3.0,0.3582544999036427,0.19270833333333334,35.943005181347154,36.0,0.25385626874541994,0.08333333333333333
2024-01-01 01:39:56.000000,2024-01-01 01:40:02.000000,6,-47.005181347150256,-54.0,16.62531246865705,0.036458333333333336,813.0556127307956,7868.0,0.0,-0.8341968911917098,-3.0,10.726401982112419,0.036458333333333336,40.766839378238345,36.0,10.258255763657289,0.026041666666666668
2024-01-01 01:39:58.000000,2024-01-01 01:40:04.000000,6,-46.09326424870466,-54.0,19.006073761038007,0.06770833333333333,2287.934938098594,6119.0,0.0,-0.7098445595854922,-3.0,12.395763577255433,0.078125,31.704663212435232,36.0,27.8924801136649,0.020833333333333332
2024-01-01 01:40:00.000000,2024-01-01 01:40:06.000000,6,-37.870466321243526,-40.0,20.581110076206077,0.078125,2901.1358748440775,5877.0,0.0,13.150259067357513,8.0,25.549038069694554,0.08854166666666667,30.45077720207254,40.0,29.12596407412083,0.026041666666666668
2024-01-01 01:40:02.000000,2024-01-01 01:40:08.000000,6,-33.06217616580311,-27.0,18.66023706502602,0.03125,1904.450266635701,3609.0,0.0,32.48186528497409,42.0,30.427867788743544,0.005208333333333333,18.699481865284973,20.0,25.724559636272453,0.046875
2024-01-01 01:40:04.000000,2024-01-01 01:40:10.000000,6,-22.145077720207254,-20.0,11.404480530291725,0.15104166666666666,1589.028871943804,3416.9999999999995,0.0,53.5440414507772,59.0,18.319200373695523,0.08854166666666667,17.704663212435232,14.0,16.659920374695417,0.052083333333333336
2024-01-01 01:40:06.000000,2024-01-01 01:40:12.000000,6,-21.00518134715026,-19.0,13.829880621820891,0.171875,753.144825461279,1806.0,0.0,59.55440414507772,61.0,9.05126566784904,0.13020833333333334,9.357512953367875,10.0,12.847326976809223,0.171875
2024-01-01 01:40:08.000000,2024-01-01 01:40:14.000000,6,-24.787564766839377,-23.0,18.249756013700168,0.1875,1014.6303629945021,796.0,0.3316062176165803,57.917098445595855,60.0,11.406931731939705,0.125,4.124352331606218,5.0,12.886729192928767,0.15625
2024-01-01 01:40:10.000000,2024-01-01 01:40:16.000000,6,-34.92227979274612,-37.0,21.139151349462338,0.13020833333333334,1481.7695219775183,73.00000000000004,-0.3316062176165803,49.09844559585492,52.0,18.326769118457392,0.09895833333333333,-0.37823834196891193,-2.0,14.01029915087697,0.109375
2024-01-01 01:40:12.000000,2024-01-01 01:40:18.000000,6,-47.49740932642487,-54.0,19.96954043879799,0.10416666666666667,1024.5270837505766,1537.0,0.0,33.07772020725388,30.0,24.222690184524826,0.005208333333333333,-7.963730569948186,-10.0,10.934641558385108,0.11458333333333333
2024-01-01 01:40:14.000000,2024-01-01 01:40:20.000000,6,-58.145077720207254,-61.0,11.158875816995923,0.13541666666666666,455.1691693024202,2319.0,0.0,16.5440414507772,10.0,17.710618820308703,0.026041666666666668,-12.015544041450777,-13.0,7.11254516969973,0.140625
2024-01-01 01:40:16.000000,2024-01-01 01:40:22.000000,6,-62.82383419689119,-62.0,4.992708413847087,0.23958333333333334,355.5152988900369,2888.0000000000005,0.0,6.082901554404145,6.0,4.176243312332224,0.171875,-14.963730569948186,-15.0,4.551067934418915,0.125
2024-01-01 01:40:18.000000,2024-01-01 01:40:24.000000,6,-63.1139896373057,-63.0,5.61688870170952,0.15104166666666666,528.2881480975352,2327.0,0.0,2.1191709844559585,3.0,6.019179011777304,0.09895833333333333,-12.05699481865285,-12.0,6.605069492835132,0.09895833333333333
2024-01-01 01:40:20.000000,2024-01-01 01:40:26.000000,6,-63.69948186528497,-64.0,6.757931277159072,0.13541666666666666,634.3134884881284,1793.0,0.0,-2.3523316062176165,-2.0,6.702782946120063,0.09895833333333333,-9.290155440414507,-8.0,6.946878531389415,0.11458333333333333
2024-01-01 01:40:22.000000,2024-01-01 01:40:28.000000,6,-63.689119170984455,-64.0,7.849279143607138,0.13020833333333334,390.9930733804187,1106.0000000000002,0.0,-7.16580310880829,-7.0,5.539956330922826,0.13020833333333334,-5.730569948186528,-6.0,4.350520585052685,0.09895833333333333
2024-01-01 01:40:24.000000,2024-01-01 01:40:30.000000,6,-64.23316062176166,-64.0,9.018068602123623,0.125,332.7702266016284,1164.0000000000002,0.0,-7.844559585492228,-8.0,5.277377420199655,0.13541666666666666,-6.0310880829015545,-7.0,3.544224668021106,0.140625
2024-01-01 01:40:26.000000,2024-01-01 01:40:32.000000,6,-63.49222797927461,-63.0,9.800148367809957,0.125,281.57666453686295,1309.0,0.0,-8.124352331606218,-8.0,4.7362825744687065,0.13541666666666666,-6.782383419689119,-7.0,3.6406702276353378,0.11458333333333333
2024-01-01 01:40:28.000000,2024-01-01 01:40:34.000000,6,-64.18652849740933,-63.0,9.621288508999323,0.13020833333333334,229.05021577033546,1556.0,0.0,-7.0880829015544045,-7.0,4.712296962178658,0.140625,-8.062176165803109,-8.0,3.8845674134499584,0.140625
2024-01-01 01:40:30.000000,2024-01-01 01:40:36.000000,6,-63.45077720207254,-63.0,9.334574615212926,0.140625,293.6497574225827,1591.0,0.0,-6.766839378238342,-7.0,4.743695252220709,0.13020833333333334,-8.243523316062177,-8.0,4.372948569129942,0.16666666666666666
2024-01-01 01:40:32.000000,2024-01-01 01:40:38.000000,6,-64.11917098445596,-64.0,8.433643892716464,0.15104166666666666,543.0980438423812,1229.0,0.0,-6.227979274611399,-6.0,4.949731112181908,0.13020833333333334,-6.367875647668394,-7.0,5.772095603082353,0.16145833333333334
2024-01-01 01:40:34.000000,2024-01-01 01:40:40.000000,6,-62.06217616580311,-63.0,9.935535415348149,0.171875,808.6388618772246,35.99999999999993,0.16580310880829016,4.243523316062176,-2.0,16.22426719007433,0.057291666666666664,0.18652849740932642,-2.0,11.529691058598912,0.10416666666666667
2024-01-01 01:40:36.000000,2024-01-01 01:40:42.000000,6,-59.362694300518136,-59.0,10.921741361596272,0.13541666666666666,2024.9503232840366,1505.0,0.16580310880829016,7.300518134715026,4.0,16.155586293296135,0.08333333333333333,-7.7979274611398965,-3.0,22.39013910219282,0.08333333333333333
2024-01-01 01:40:38.000000,2024-01-01 01:40:44.000000,6,-54.59585492227979,-54.0,18.683559601840045,0.15104166666666666,2688.2869722312207,1433.0,0.16580310880829016,9.461139896373057,9.0,21.827204755622486,0.08333333333333333,-7.424870466321243,2.0,28.110196161505925,0.041666666666666664
2024-01-01 01:40:40.000000,2024-01-01 01:40:46.000000,6,-39.2020725388601,-48.0,28.96955290787572,0.078125,2815.820270511445,1182.0,0.16580310880829016,-16.76683937823834,-7.0,33.303255266003774,0.03125,-6.124352331606218,5.0,28.47339909386566,0.026041666666666668
2024-01-01 01:40:42.000000,2024-01-01 01:40:48.000000,6,-40.15025906735751,-47.0,30.722603182131262,0.08333333333333333,2263.867368362215,112.00000000000009,-0.16580310880829016,-16.559585492227978,-11.0,34.57054719209144,0.03125,0.5803108808290155,7.0,24.482881475012622,0.078125
2024-01-01 01:40:44.000000,2024-01-01 01:40:50.000000,6,-41.984455958549226,-51.0,27.705759908805106,0.06770833333333333,1997.7278747647092,136.00000000000006,0.16580310880829016,-6.772020725388601,9.0,38.72996585009557,0.015625,-0.7046632124352331,0.0,19.570940112605513,0.08333333333333333
2024-01-01 01:40:46.000000,2024-01-01 01:40:52.000000,6,-55.233160621761655,-56.0,15.803234731512234,0.2864583333333333,1018.9072223665045,1906.0000000000002,0.0,23.813471502590673,28.0,18.767670142385885,0.078125,-9.875647668393782,-10.0,17.571137488085842,0.203125
2024-01-01 01:40:48.000000,2024-01-01 01:40:54.000000,6,-48.284974093264246,-52.0,24.495038445833615,0.19270833333333334,841.7253077990125,1013.0,0.0,12.450777202072539,27.0,35.56301496283713,0.015625,-5.248704663212435,-5.0,16.186102284599905,0.16145833333333334
2024-01-01 01:40:50.000000,2024-01-01 01:40:56.000000,6,-39.3160621761658,-42.0,26.864796532751075,0.109375,1607.8369450847345,280.0,0.16580310880829016,20.808290155440414,34.0,44.88642535238657,0.03125,1.450777202072539,5.0,17.58399224428223,0.10416666666666667
2024-01-01 01:40:52.000000,2024-01-01 01:40:58.000000,6,-29.264248704663213,-26.0,24.4075128584996,0.078125,681.3147617864054,2011.0,0.0,28.590673575129532,50.0,48.80726674958112,0.010416666666666666,10.419689119170984,14.0,12.523520617336395,0.125
2024-01-01 01:40:54.000000,2024-01-01 01:41:00.000000,6,-24.06217616580311,-23.0,12.883543663253928,0.15104166666666666,377.457930071576,3068.0,0.0,57.740932642487046,58.0,21.577023687454684,0.13020833333333334,15.896373056994818,15.0,7.0244837670420255,0.11458333333333333
2024-01-01 01:40:56.000000,2024-01-01 01:41:02.000000,6,-21.585492227979273,-21.0,5.003560908159115,0.171875,555.7463303638622,2969.0,0.0,59.943005181347154,58.0,11.053462187862891,0.16145833333333334,15.38341968911917,15.0,6.213068779716295,0.125
2024-01-01 01:40:58.000000,2024-01-01 01:41:04.000000,6,-21.11917098445596,-20.0,5.879102763955885,0.14583333333333334,557.1895878250708,3024.0,0.0,60.1139896373057,58.0,11.131667531000254,0.14583333333333334,15.66839378238342,17.0,7.186785182596909,0.078125
2024-01-01 01:41:00.000000,2024-01-01 01:41:06.000000,6,-20.4559585492228,-19.0,6.634770957986382,0.171875,744.7423685049355,2538.0,0.0,60.424870466321245,58.0,10.910421389891807,0.14583333333333334,13.150259067357513,14.0,8.12873070985673,0.057291666666666664
2024-01-01 01:41:02.000000,2024-01-01 01:41:08.000000,6,-22.067357512953368,-19.0,12.547435900150829,0.16666666666666666,650.1400353222361,1862.0000000000002,0.0,59.98963730569948,58.0,11.510407264237053,0.13020833333333334,9.647668393782384,10.0,11.524891867437683,0.109375
2024-01-01 01:41:04.000000,2024-01-01 01:41:10.000000,6,-23.917098445595855,-22.0,13.421972341542528,0.1875,873.5248089076027,1092.0,0.0,59.601036269430054,59.0,10.047356563820792,0.140625,5.658031088082901,7.0,11.197895554665402,0.14583333333333334
2024-01-01 01:41:06.000000,2024-01-01 01:41:12.000000,6,-25.295336787564768,-25.0,12.998029859348879,0.171875,597.6405436882837,819.0,0.0,59.21761658031088,59.0,8.391730832972248,0.171875,4.243523316062176,6.0,9.612154416237232,0.15625
2024-01-01 01:41:08.000000,2024-01-01 01:41:14.000000,6,-25.04663212435233,-25.0,9.13400819935244,0.17708333333333334,603.170089942092,974.0,0.0,59.51813471502591,59.0,4.60535610305262,0.19270833333333334,5.046632124352332,6.0,7.199023483721314,0.125
2024-01-01 01:41:10.000000,2024-01-01 01:41:16.000000,6,-23.77720207253886,-23.0,9.153613724325622,0.14583333333333334,342.434463230635,1150.0,0.0,60.031088082901555,60.0,5.848705996264701,0.21354166666666666,5.958549222797927,5.0,5.651174469460596,0.11979166666666667
2024-01-01 01:41:12.000000,2024-01-01 01:41:18.000000,6,-24.2279792746114,-23.0,14.167151139739948,0.171875,422.63814916352186,1267.0,0.0,60.04663212435233,60.0,8.964217150380227,0.18229166666666666,6.564766839378239,7.0,5.912310785603317,0.13541666666666666
2024-01-01 01:41:14.000000,2024-01-01 01:41:20.000000,6,-23.424870466321245,-22.0,16.026209103788144,0.19270833333333334,340.99192966081745,1196.0,0.0,60.26424870466321,59.0,10.889961766285372,0.17708333333333334,6.196891191709844,7.0,5.771029540007636,0.17708333333333334
2024-01-01 01:41:16.000000,2024-01-01 01:41:22.000000,6,-26.378238341968913,-23.0,20.27639593954172,0.16666666666666666,382.8389304272141,1332.0,0.0,57.766839378238345,58.0,14.968805718758633,0.171875,6.901554404145077,7.0,6.206150147601721,0.20833333333333334
2024-01-01 01:41:18.000000,2024-01-01 01:41:24.000000,6,-37.81347150259067,-37.0,23.772936838067263,0.046875,1000.2701256725213,4.000000000000043,0.16580310880829016,43.90155440414508,46.0,23.13312126917976,0.036458333333333336,0.02072538860103627,3.0,12.489561703855108,0.125
2024-01-01 01:41:20.000000,2024-01-01 01:41:26.000000,6,-44.55440414507772,-48.0,21.131985871106597,0.078125,946.6641496922622,39.0,0.16580310880829016,38.77720207253886,35.0,23.941488972371,0.057291666666666664,0.20207253886010362,2.0,13.601301862280588,0.16666666666666666
2024-01-01 01:41:22.000000,2024-01-01 01:41:28.000000,6,-50.69430051813472,-51.0,14.889342478096587,0.140625,2043.1663724069715,2540.0,0.0,21.17616580310881,16.0,26.082003130620542,0.09375,-13.160621761658032,-10.0,25.268559672936096,0.11979166666666667
2024-01-01 01:41:24.000000,2024-01-01 01:41:30.000000,6,-42.21243523316062,-41.0,16.951875841911587,0.13020833333333334,2709.892841125532,1155.0,-0.16580310880829016,33.829015544041454,29.0,34.93352001130097,0.07291666666666667,-5.984455958549223,1.0,29.33702806109859,0.07291666666666667
2024-01-01 01:41:26.000000,2024-01-01 01:41:32.000000,6,-35.129533678756474,-35.0,18.5794691878494,0.109375,2798.213133001947,1014.0,0.16580310880829016,39.854922279792746,46.0,36.48101231461562,0.06770833333333333,-5.253886010362694,1.0,29.696429322525827,0.057291666666666664
2024-01-01 01:41:28.000000,2024-01-01 01:41:34.000000,6,-26.419689119170986,-22.0,15.188915431530427,0.14583333333333334,1026.6489602700774,2051.0,0.0,60.248704663212436,60.0,23.25739826021381,0.13020833333333334,10.626943005181348,13.0,15.390598438449686,0.06770833333333333
2024-01-01 01:41:30.000000,2024-01-01 01:41:36.000000,6,-30.911917098445596,-26.0,17.83277392872717,0.109375,746.6929177511657,1883.0,0.0,42.63212435233161,55.0,39.192160197984194,0.052083333333333336,9.756476683937823,12.0,13.720338158669982,0.052083333333333336
2024-01-01 01:41:32.000000,2024-01-01 01:41:38.000000,6,-31.020725388601036,-25.0,17.082812557882185,0.07291666666666667,726.7080095877659,2057.0,0.0,42.53367875647668,55.0,38.880695663149226,0.03125,10.658031088082902,13.0,13.013500612307528,0.07291666666666667
2024-01-01 01:41:34.000000,2024-01-01 01:41:40.000000,6,-30.316062176165804,-24.0,16.84792893541461,0.08854166666666667,667.637614582839,1974.0,0.0,42.487046632124354,55.0,38.77688701730739,0.03125,10.2279792746114,12.0,12.873577775799866,0.078125
2024-01-01 01:41:36.000000,2024-01-01 01:41:42.000000,6,-21.145077720207254,-20.0,6.8022429756027085,0.15104166666666666,829.4344479599921,2405.0,0.0,61.81347150259067,61.0,14.73963000123824,0.13541666666666666,12.461139896373057,12.0,7.842843921512279,0.13020833333333334
2024-01-01 01:41:38.000000,2024-01-01 01:41:44.000000,6,-20.626943005181346,-19.0,7.237467579221087,0.15104166666666666,775.7621493071355,2399.0,0.0,61.13989637305699,60.0,15.219782699035889,0.13020833333333334,12.430051813471502,12.0,7.551664310035771,0.09895833333333333
2024-01-01 01:41:40.000000,2024-01-01 01:41:46.000000,6,-20.2279792746114,-19.0,7.111452365696349,0.14583333333333334,710.8608795588511,2273.0,0.0,60.73575129533679,59.0,16.069433217690783,0.11979166666666667,11.77720207253886,12.0,7.213781547438374,0.08333333333333333
2024-01-01 01:41:42.000000,2024-01-01 01:41:48.000000,6,-20.352331606217618,-19.0,7.211117520153489,0.16666666666666666,757.7751997145664,2514.0,0.0,61.689119170984455,62.0,15.705848690034738,0.10416666666666667,13.025906735751295,12.0,7.350195032248447,0.08333333333333333
2024-01-01 01:41:44.000000,2024-01-01 01:41:50.000000,6,-22.077720207253886,-19.0,15.290219197539598,0.14583333333333334,825.5303278233035,2676.0,0.0,46.90155440414508,54.0,39.87866555341645,0.078125,13.865284974093264,16.0,9.16699736410866,0.0625
2024-01-01 01:41:46.000000,2024-01-01 01:41:52.000000,6,-17.54922279792746,-14.0,17.474651639264344,0.09375,632.3108719188211,3083.0,0.0,6.424870466321243,40.0,61.44345133186837,0.005208333333333333,15.974093264248705,18.0,9.373852837125712,0.13541666666666666
2024-01-01 01:41:48.000000,2024-01-01 01:41:54.000000,6,-19.041450777202073,-13.0,20.565402327313773,0.052083333333333336,600.6267009895372,2896.0,0.0,-7.937823834196891,-43.0,60.05879297812799,0.010416666666666666,15.005181347150259,16.0,9.596276084006943,0.15625
2024-01-01 01:41:50.000000,2024-01-01 01:41:56.000000,6,-17.4559585492228,-15.0,14.955119602718199,0.08333333333333333,505.5027352060377,2850.0,0.0,6.16580310880829,40.0,62.3303821006674,0.005208333333333333,14.766839378238341,15.0,8.304901844449533,0.15104166666666666
2024-01-01 01:41:52.000000,2024-01-01 01:41:58.000000,6,-23.139896373056995,-21.0,13.853628961606855,0.13020833333333334,687.1933620634306,2417.0,0.0,46.994818652849744,57.0,41.48499947387187,0.08854166666666667,12.523316062176166,13.0,8.956534241163046,0.11458333333333333
2024-01-01 01:41:54.000000,2024-01-01 01:42:00.000000,6,-21.27461139896373,-20.0,9.00533568567793,0.171875,770.7162308006439,2283.0,0.0,61.487046632124354,60.0,15.469765137832223,0.11979166666666667,11.82901554404145,13.0,8.8874201569765,0.08854166666666667
2024-01-01 01:41:56.000000,2024-01-01 01:42:02.000000,6,-20.917098445595855,-19.0,8.881943755196057,0.171875,642.9615577362034,2267.0,0.0,61.43523316062176,60.0,14.937271688371617,0.13020833333333334,11.746113989637307,11.0,8.507521055382231,0.078125
2024-01-01 01:41:58.000000,2024-01-01 01:42:04.000000,6,-19.694300518134714,-19.0,5.707708480355177,0.171875,699.3531049089091,2340.0,0.0,61.09844559585492,60.0,14.682956661423589,0.13020833333333334,12.124352331606218,12.0,6.954845262492615,0.09895833333333333
2024-01-01 01:42:00.000000,2024-01-01 01:42:06.000000,6,-19.89637305699482,-20.0,5.442850557698325,0.16666666666666666,637.9400037960806,2537.0,0.0,61.53367875647668,61.0,15.336508574327851,0.15104166666666666,13.145077720207254,15.0,6.231613715494281,0.078125
2024-01-01 01:42:02.000000,2024-01-01 01:42:08.000000,6,-19.792746113989637,-20.0,5.53855325036071,0.19791666666666666,591.2943470795885,2569.0000000000005,0.0,60.12435233160622,61.0,15.667943577845477,0.140625,13.310880829015543,15.0,5.9210725161015105,0.08333333333333333
2024-01-01 01:42:04.000000,2024-01-01 01:42:10.000000,6,-20.476683937823836,-20.0,6.0130695666295155,0.171875,572.7157081211319,2573.0,0.0,61.35751295336787,61.0,14.715413476432914,0.18229166666666666,13.33160621761658,14.0,5.979468866668772,0.09895833333333333
2024-01-01 01:42:06.000000,2024-01-01 01:42:12.000000,6,-20.29015544041451,-20.0,6.501502749099302,0.18229166666666666,670.1497651897575,2604.0,0.0,61.36787564766839,61.0,15.021318328222371,0.16145833333333334,13.492227979274611,13.0,6.791630243499819,0.10416666666666667
2024-01-01 01:42:08.000000,2024-01-01 01:42:14.000000,6,-20.419689119170986,-20.0,6.1258524837649935,0.16666666666666666,651.5674529384743,2804.0000000000005,0.0,62.689119170984455,61.0,15.459177955967323,0.140625,14.528497409326425,14.0,7.1945050154935615,0.09895833333333333
2024-01-01 01:42:10.000000,2024-01-01 01:42:16.000000,6,-19.83419689119171,-19.0,6.241950775347819,0.1875,578.6524927937947,2901.0,0.0,61.26943005181347,59.0,16.295127984389502,0.11458333333333333,15.031088082901555,16.0,7.082774538560153,0.10416666666666667
2024-01-01 01:42:12.000000,2024-01-01 01:42:18.000000,6,-19.564766839378237,-19.0,7.053899783729184,0.16666666666666666,538.1220871212944,2747.0,0.0,61.4559585492228,60.0,15.821246863999251,0.11458333333333333,14.233160621761659,15.0,6.641295906117113,0.09895833333333333
2024-01-01 01:42:14.000000,2024-01-01 01:42:20.000000,6,-19.528497409326423,-19.0,6.879957782183604,0.17708333333333334,577.3100551664296,2572.0,0.0,60.398963730569946,60.0,15.620545997303875,0.125,13.32642487046632,12.0,6.167131978430349,0.07291666666666667
2024-01-01 01:42:16.000000,2024-01-01 01:42:22.000000,6,-19.95336787564767,-19.0,7.094811892209522,0.171875,499.7252064803057,2548.0,0.0,61.18652849740933,61.0,15.862903031078597,0.15104166666666666,13.202072538860104,13.0,6.042005380297507,0.109375
2024-01-01 01:42:18.000000,2024-01-01 01:42:24.000000,6,-20.05181347150259,-19.0,6.398031055074097,0.16145833333333334,547.0944733093264,2668.0000000000005,0.0,60.3419689119171,60.0,15.935977059885444,0.15104166666666666,13.823834196891191,15.0,6.01560919378629,0.08854166666666667
2024-01-01 01:42:20.000000,2024-01-01 01:42:26.000000,6,-23.66321243523316,-21.0,12.48689079434286,0.15625,636.621846465542,1984.0,0.0,51.47150259067357,59.0,33.566173236627606,0.09895833333333333,10.279792746113989,13.0,11.52824682928077,0.078125
2024-01-01 01:42:22.000000,2024-01-01 01:42:28.000000,6,-25.16062176165803,-21.0,16.691755188657233,0.13541666666666666,884.0674561979308,2112.0,0.0,36.233160621761655,52.0,48.546289538741014,0.03125,10.94300518134715,11.0,16.594799175399743,0.11458333333333333
2024-01-01 01:42:24.000000,2024-01-01 01:42:30.000000,6,-25.78238341968912,-23.0,16.60899293675136,0.140625,820.8426025763152,2110.0,0.0,36.66839378238342,51.0,48.783043139265715,0.010416666666666666,10.932642487046632,9.0,16.905393054734347,0.13541666666666666
2024-01-01 01:42:26.000000,2024-01-01 01:42:32.000000,6,-21.683937823834196,-22.0,14.286816513116117,0.21354166666666666,791.5519789848232,2858.0,0.0,47.06217616580311,57.0,43.368770799462446,0.08333333333333333,14.808290155440414,12.0,14.519725579892041,0.14583333333333334
2024-01-01 01:42:28.000000,2024-01-01 01:42:34.000000,6,-19.569948186528496,-19.0,8.800836163956319,0.17708333333333334,686.6946802039826,2592.0000000000005,0.0,63.134715025906736,59.0,16.711787476915063,0.13541666666666666,13.430051813471502,14.0,9.303702695780217,0.11979166666666667
2024-01-01 01:42:30.000000,2024-01-01 01:42:36.000000,6,-19.310880829015545,-19.0,8.611809705723838,0.1875,784.7057588407029,2465.0,0.0,62.64248704663213,62.0,16.634917406338893,0.13020833333333334,12.7720207253886,14.0,8.808722273003138,0.08854166666666667
2024-01-01 01:42:32.000000,2024-01-01 01:42:38.000000,6,-20.025906735751295,-19.0,6.6992188857176815,0.18229166666666666,673.1880297651128,2333.0,0.0,61.33678756476684,60.0,17.114064149401944,0.109375,12.088082901554404,13.0,7.086336100300696,0.06770833333333333
2024-01-01 01:42:34.000000,2024-01-01 01:42:40.000000,6,-20.352331606217618,-20.0,5.442905096496227,0.19791666666666666,580.6839952499375,2422.0,0.0,61.05181347150259,60.0,16.351204381177116,0.11979166666666667,12.549222797927461,13.0,6.474220667151957,0.06770833333333333
2024-01-01 01:42:36.000000,2024-01-01 01:42:42.000000,6,-20.870466321243523,-20.0,5.203044810708944,0.171875,493.54691362233984,2483.0,0.0,62.29015544041451,60.0,17.070892517085305,0.11979166666666667,12.865284974093264,13.0,7.02988316689842,0.09895833333333333
2024-01-01 01:42:38.000000,2024-01-01 01:42:44.000000,6,-20.373056994818654,-20.0,6.136103836605902,0.171875,754.277430953284,2591.0,0.0,62.69430051813472,58.0,17.268854992829866,0.125,13.424870466321243,14.0,8.829743950893592,0.11458333333333333
2024-01-01 01:42:40.000000,2024-01-01 01:42:46.000000,6,-20.65284974093264,-20.0,7.9141687723672485,0.16145833333333334,1056.8851451072703,2319.0,0.0,63.39378238341969,59.0,18.813513613177886,0.11458333333333333,12.015544041450777,12.0,11.151175519095988,0.11458333333333333
2024-01-01 01:42:42.000000,2024-01-01 01:42:48.000000,6,-21.04663212435233,-20.0,8.492821819189677,0.15104166666666666,899.7107432891075,2013.0000000000002,0.0,62.7720207253886,59.0,18.134906619084134,0.11458333333333333,10.430051813471502,8.0,11.626412481277336,0.08854166666666667
2024-01-01 01:42:44.000000,2024-01-01 01:42:50.000000,6,-20.792746113989637,-19.0,8.246119619175303,0.1875,735.5488938740025,1936.0,0.0,63.09326424870466,59.0,17.55027321183397,0.109375,10.031088082901555,8.0,11.598718830000548,0.09895833333333333
2024-01-01 01:42:46.000000,2024-01-01 01:42:52.000000,6,-20.740932642487046,-19.0,7.517010789468179,0.19270833333333334,993.619433843435,2238.0,0.0,63.932642487046635,62.0,16.312719403430574,0.109375,11.595854922279793,11.0,10.896405342841721,0.11458333333333333
2024-01-01 01:42:48.000000,2024-01-01 01:42:54.000000,6,-19.362694300518136,-19.0,8.796487047088899,0.21354166666666666,1132.3698667435751,2429.0,0.0,64.60103626943005,60.0,19.792449080071403,0.11458333333333333,12.585492227979275,13.0,13.459979139223236,0.125
2024-01-01 01:42:50.000000,2024-01-01 01:42:56.000000,6,-19.54922279792746,-19.0,10.898629114724056,0.19791666666666666,996.1263206136273,2310.0,0.0,65.05181347150258,63.0,21.367747534895344,0.125,11.968911917098445,11.0,13.855619623967597,0.109375
2024-01-01 01:42:52.000000,2024-01-01 01:42:58.000000,6,-19.699481865284973,-19.0,10.613123251277397,0.19270833333333334,1004.9554300985923,2225.0,0.0,64.00518134715026,62.0,20.972327354885614,0.125,11.528497409326425,10.0,13.342072643257566,0.078125
2024-01-01 01:42:54.000000,2024-01-01 01:43:00.000000,6,-21.17616580310881,-19.0,19.681051902079986,0.16666666666666666,1100.7398349729594,2540.0,0.0,64.95336787564767,62.0,23.747870552658778,0.140625,13.160621761658032,13.0,13.058765559758408,0.08854166666666667
2024-01-01 01:42:56.000000,2024-01-01 01:43:02.000000,6,-24.04663212435233,-23.0,21.03129863923064,0.20833333333333334,828.8046426413283,2872.0,0.0,60.64248704663213,61.0,32.24695815808136,0.125,14.880829015544041,15.0,12.30520280108461,0.140625
2024-01-01 01:42:58.000000,2024-01-01 01:43:04.000000,6,-23.6580310880829,-23.0,21.169631114402105,0.19791666666666666,749.240221421228,2757.9999999999995,0.0,60.715025906735754,61.0,32.04824865411839,0.13541666666666666,14.290155440414507,14.0,12.544037281907256,0.14583333333333334
2024-01-01 01:43:00.000000,2024-01-01 01:43:06.000000,6,-22.16580310880829,-21.0,13.379223301392784,0.18229166666666666,753.5598826056854,2513.0,0.0,58.74611398963731,61.0,27.824838984399754,0.15625,13.020725388601036,11.0,10.281941364405403,0.13020833333333334
2024-01-01 01:43:02.000000,2024-01-01 01:43:08.000000,6,-20.585492227979273,-21.0,6.974223141563849,0.15104166666666666,660.2803316244655,2091.0,0.0,63.134715025906736,62.0,13.723553621672062,0.19270833333333334,10.83419689119171,9.0,9.194850885968652,0.109375
2024-01-01 01:43:04.000000,2024-01-01 01:43:10.000000,6,-20.585492227979273,-21.0,7.04259339743947,0.140625,649.9145440645955,2182.9999999999995,0.0,63.10362694300518,61.0,15.26807799059103,0.16145833333333334,11.310880829015543,9.0,8.9864907726876,0.06770833333333333
2024-01-01 01:43:06.000000,2024-01-01 01:43:12.000000,6,-20.94818652849741,-22.0,7.77934024934158,0.14583333333333334,616.2650611962571,2323.0,0.0,63.03626943005181,62.0,17.246187095810367,0.13541666666666666,12.036269430051814,11.0,8.013902670382436,0.08854166666666667
2024-01-01 01:43:08.000000,2024-01-01 01:43:14.000000,6,-20.145077720207254,-20.0,7.182131264404492,0.171875,788.3367370007448,2557.9999999999995,0.0,61.79274611398964,59.0,17.413732285385613,0.125,13.253886010362693,14.0,7.775683110898061,0.109375
2024-01-01 01:43:10.000000,2024-01-01 01:43:16.000000,6,-20.71502590673575,-21.0,7.241851176520201,0.18229166666666666,682.5755460632062,2562.0,0.0,62.07772020725388,60.0,16.978208183103664,0.13541666666666666,13.27461139896373,13.0,8.189947342835058,0.13541666666666666
2024-01-01 01:43:12.000000,2024-01-01 01:43:18.000000,6,-20.487046632124354,-20.0,7.061566168565047,0.17708333333333334,750.3248278095688,2405.0,0.0,61.94818652849741,61.0,15.852425199792803,0.109375,12.461139896373057,11.0,8.482199053146656,0.11458333333333333
2024-01-01 01:43:14.000000,2024-01-01 01:43:20.000000,6,-20.797927461139896,-21.0,7.410971304910762,0.171875,749.1451510793114,2439.0000000000005,0.0,62.943005181347154,63.0,16.21990370928615,0.140625,12.637305699481866,12.0,8.478100280699842,0.11979166666666667
2024-01-01 01:43:16.000000,2024-01-01 01:43:22.000000,6,-20.378238341968913,-21.0,6.959476677911726,0.16666666666666666,656.098461299258,2486.0,0.0,62.64248704663213,63.0,15.514497857887097,0.16145833333333334,12.880829015544041,13.0,7.642486461169147,0.10416666666666667
2024-01-01 01:43:18.000000,2024-01-01 01:43:24.000000,6,-19.813471502590673,-20.0,7.138249732257137,0.14583333333333334,616.117347692274,2659.0,0.0,61.92227979274612,62.0,15.235620645124428,0.15104166666666666,13.77720207253886,15.0,7.261277037419958,0.08854166666666667
2024-01-01 01:43:20.000000,2024-01-01 01:43:26.000000,6,-19.492227979274613,-19.0,9.111645005033655,0.17708333333333334,730.162521435863,2326.0,0.0,61.69430051813472,62.0,15.520981050287542,0.13020833333333334,12.05181347150259,14.0,11.79236199332825,0.08854166666666667
2024-01-01 01:43:22.000000,2024-01-01 01:43:28.000000,6,-19.40414507772021,-18.0,9.373743439105644,0.17708333333333334,896.2863222756158,2258.0,0.0,61.4300518134715,60.0,16.18565879160112,0.125,11.699481865284975,13.0,12.00446313446815,0.07291666666666667
2024-01-01 01:43:24.000000,2024-01-01 01:43:30.000000,6,-19.849740932642487,-19.0,8.653829380879188,0.18229166666666666,857.6515316477045,2275.0,0.0,62.10880829015544,61.0,16.47547341029277,0.125,11.787564766839377,14.0,12.050736957806862,0.078125
2024-01-01 01:43:26.000000,2024-01-01 01:43:32.000000,6,-19.61139896373057,-19.0,6.4653946298897536,0.171875,797.9840484961152,2593.0,0.0,62.129533678756474,61.0,16.06590619818602,0.11458333333333333,13.435233160621761,14.0,8.011528286926787,0.10416666666666667
2024-01-01 01:43:28.000000,2024-01-01 01:43:34.000000,6,-19.792746113989637,-19.0,6.15329766117983,0.16666666666666666,667.5974699467877,2630.0,0.0,61.538860103626945,60.0,15.771142976246265,0.13020833333333334,13.626943005181348,15.0,7.502478721081205,0.09895833333333333
2024-01-01 01:43:30.000000,2024-01-01 01:43:36.000000,6,-19.82383419689119,-19.0,6.330321527302764,0.16666666666666666,630.5016172965218,2384.0,0.0,61.80829015544042,60.0,15.415412122787096,0.13020833333333334,12.352331606217616,13.0,7.54708879123586,0.078125
2024-01-01 01:43:32.000000,2024-01-01 01:43:38.000000,6,-19.269430051813472,-19.0,13.460588621142607,0.171875,618.3068928725255,2227.0,0.0,61.3160621761658,59.0,16.452539097237057,0.13020833333333334,11.538860103626943,11.0,9.449415366952715,0.109375
2024-01-01 01:43:34.000000,2024-01-01 01:43:40.000000,6,-19.963730569948186,-18.0,16.616812851557793,0.1875,705.111595384673,2368.0,0.0,63.19170984455958,63.0,17.81646984062887,0.15104166666666666,12.26943005181347,13.0,10.174516173311009,0.11979166666666667
2024-01-01 01:43:36.000000,2024-01-01 01:43:42.000000,6,-21.699481865284973,-18.0,24.998392651264698,0.16666666666666666,957.7077421627499,2511.0,0.0,58.994818652849744,58.0,26.5809489675184,0.11458333333333333,13.010362694300518,14.0,12.90872994224972,0.17708333333333334
2024-01-01 01:43:38.000000,2024-01-01 01:43:44.000000,6,-22.94300518134715,-21.0,21.871115495218373,0.15625,719.1355550804071,2465.0,0.0,59.36787564766839,61.0,26.26575725764992,0.11458333333333333,12.7720207253886,12.0,11.122417516719779,0.140625
2024-01-01 01:43:40.000000,2024-01-01 01:43:46.000000,6,-23.528497409326423,-21.0,20.93692079599963,0.14583333333333334,556.9851441370106,2145.0,0.0,58.26943005181347,59.0,25.524496978934447,0.11458333333333333,11.1139896373057,10.0,10.445167400320846,0.140625
2024-01-01 01:43:42.000000,2024-01-01 01:43:48.000000,6,-21.191709844559586,-21.0,6.146605912916873,0.17708333333333334,542.5390409271979,2242.0,0.0,61.24352331606217,62.0,16.615058807848246,0.11979166666666667,11.61658031088083,11.0,6.451593368681776,0.09895833333333333
2024-01-01 01:43:44.000000,2024-01-01 01:43:50.000000,6,-21.27979274611399,-21.0,5.765780515838431,0.171875,704.443977372197,2508.0,0.0,61.86010362694301,61.0,16.666961892894744,0.11979166666666667,12.994818652849741,13.0,7.409521892840564,0.08854166666666667
2024-01-01 01:43:46.000000,2024-01-01 01:43:52.000000,6,-20.906735751295336,-21.0,6.1059743811574085,0.14583333333333334,718.2404697799352,2692.0,0.0,61.98963730569948,61.0,16.445297465291844,0.13541666666666666,13.94818652849741,15.0,7.877804350305521,0.10416666666666667
2024-01-01 01:43:48.000000,2024-01-01 01:43:54.000000,6,-21.295336787564768,-21.0,6.704385148880176,0.171875,656.0250760052862,2516.0,0.0,62.689119170984455,61.0,16.7443005151285,0.13541666666666666,13.036269430051814,14.0,8.216708749677661,0.07291666666666667
2024-01-01 01:43:50.000000,2024-01-01 01:43:56.000000,6,-21.191709844559586,-21.0,7.753328161637296,0.16666666666666666,502.88544448453297,2314.0,0.0,62.575129533678755,60.0,16.725286591615564,0.14583333333333334,11.989637305699482,10.0,7.811576370272586,0.11979166666666667
2024-01-01 01:43:52.000000,2024-01-01 01:43:58.000000,6,-22.357512953367877,-22.0,22.951526320683985,0.17708333333333334,1135.7456627234685,2005.0,0.0,58.29015544041451,56.0,31.444374769793274,0.10416666666666667,10.38860103626943,10.0,19.321007419909744,0.15104166666666666
2024-01-01 01:43:54.000000,2024-01-01 01:44:00.000000,6,-21.77720207253886,-22.0,22.909175255360612,0.203125,938.5238058274866,2289.0,0.0,58.461139896373055,58.0,31.617172824967586,0.125,11.860103626943005,11.0,19.97123227893575,0.15625
2024-01-01 01:43:56.000000,2024-01-01 01:44:02.000000,6,-21.430051813471504,-21.0,23.0230077064546,0.203125,1362.047037509862,2392.0,0.0,57.82383419689119,58.0,31.367944954029632,0.125,12.393782383419689,12.0,20.217318346899933,0.125
2024-01-01 01:43:58.000000,2024-01-01 01:44:04.000000,6,-20.295336787564768,-20.0,10.00577067952248,0.22395833333333334,791.811571762313,2310.0,0.0,62.44041450777202,60.0,18.677019743362564,0.11979166666666667,11.968911917098445,11.0,12.029004329705604,0.10416666666666667
2024-01-01 01:44:00.000000,2024-01-01 01:44:06.000000,6,-20.632124352331605,-20.0,10.193666546004074,0.19270833333333334,905.0163428100586,2112.0,0.0,61.86010362694301,59.0,18.53842052079605,0.109375,10.94300518134715,9.0,11.694989368892754,0.109375
2024-01-01 01:44:02.000000,2024-01-01 01:44:08.000000,6,-20.585492227979273,-20.0,9.345464413018293,0.19791666666666666,746.1820372742179,2171.0,0.0,62.64248704663213,61.0,18.769202889726483,0.109375,11.248704663212436,10.0,11.5456661638699,0.08854166666666667
2024-01-01 01:44:04.000000,2024-01-01 01:44:10.000000,6,-20.89637305699482,-21.0,7.4602863345475505,0.17708333333333334,745.4894695398214,2449.0,0.0,62.26424870466321,61.0,17.384368474901734,0.109375,12.689119170984457,12.0,9.013111730932112,0.08333333333333333
2024-01-01 01:44:06.000000,2024-01-01 01:44:12.000000,6,-21.559585492227978,-21.0,8.658318725978026,0.1875,697.4206201072877,2822.0,0.0,60.979274611398964,58.0,17.22642064449463,0.11458333333333333,14.621761658031089,15.0,9.321622657227149,0.09375
2024-01-01 01:44:08.000000,2024-01-01 01:44:14.000000,6,-21.66839378238342,-20.0,9.646020661087539,0.18229166666666666,657.9134653727031,2872.0,0.0,62.37823834196891,59.0,18.788209484418605,0.11458333333333333,14.880829015544041,15.0,9.546557807703278,0.08854166666666667
2024-01-01 01:44:10.000000,2024-01-01 01:44:16.000000,6,-21.797927461139896,-20.0,9.965335536191311,0.16666666666666666,722.6246413272345,2985.0,0.0,63.715025906735754,59.0,20.46176902900138,0.125,15.466321243523316,15.0,9.443370439119278,0.09895833333333333
2024-01-01 01:44:12.000000,2024-01-01 01:44:18.000000,6,-20.979274611398964,-20.0,9.05018332527419,0.16145833333333334,703.931939129916,2610.0,0.0,64.78756476683938,60.0,21.640082668347617,0.11979166666666667,13.523316062176166,13.0,8.71066906805247,0.08854166666666667
2024-01-01 01:44:14.000000,2024-01-01 01:44:20.000000,6,-20.927461139896373,-20.0,8.730032113807914,0.16145833333333334,625.9341869847408,2385.0,0.0,64.24870466321244,62.0,22.019884737077913,0.125,12.357512953367875,13.0,8.592126848597117,0.09895833333333333
2024-01-01 01:44:16.000000,2024-01-01 01:44:22.000000,6,-20.150259067357513,-20.0,8.544809123284608,0.1875,736.159314102789,2266.0,0.0,62.9119170984456,61.0,21.087800406706517,0.11458333333333333,11.740932642487047,13.0,9.507411207876077,0.08333333333333333
2024-01-01 01:44:18.000000,2024-01-01 01:44:24.000000,6,-20.21761658031088,-20.0,8.791822699136803,0.18229166666666666,682.2552341754675,2132.0,0.0,62.32642487046632,59.0,20.23127159060229,0.11458333333333333,11.046632124352332,12.0,9.3158076650661,0.09895833333333333
2024-01-01 01:44:20.000000,2024-01-01 01:44:26.000000,6,-20.025906735751295,-20.0,8.277375812745433,0.17708333333333334,623.0916642655463,1991.0000000000005,0.0,62.4300518134715,56.0,20.23344303831657,0.109375,10.316062176165802,10.0,9.052428371038385,0.08854166666666667
2024-01-01 01:44:22.000000,2024-01-01 01:44:28.000000,6,-20.072538860103627,-19.0,8.169106073583007,0.16145833333333334,652.3372528260371,2110.0,0.0,62.63212435233161,57.0,20.971568157494946,0.109375,10.932642487046632,11.0,8.885886618775142,0.08854166666666667
2024-01-01 01:44:24.000000,2024-01-01 01:44:30.000000,6,-20.45077720207254,-20.0,8.407518455543878,0.18229166666666666,706.0477882973079,2426.0,0.0,64.29015544041451,59.0,20.94533451622451,0.11458333333333333,12.569948186528498,12.0,9.474556305432003,0.08854166666666667
2024-01-01 01:44:26.000000,2024-01-01 01:44:32.000000,6,-20.212435233160623,-18.0,9.030702882920327,0.18229166666666666,740.3205459682046,2607.0,0.0,63.82383419689119,60.0,21.891542597672274,0.11458333333333333,13.507772020725389,13.0,9.156122252228547,0.13020833333333334
2024-01-01 01:44:28.000000,2024-01-01 01:44:34.000000,6,-20.010362694300518,-19.0,8.72077837056997,0.19791666666666666,772.240372049719,2362.0,0.0,64.29533678756476,60.0,21.468989967497887,0.11458333333333333,12.238341968911918,12.0,8.982922533152275,0.06770833333333333
2024-01-01 01:44:30.000000,2024-01-01 01:44:36.000000,6,-19.077720207253886,-17.0,8.705193073225983,0.19270833333333334,731.3581352709186,2131.0000000000005,0.0,64.82901554404145,58.0,22.49436937798655,0.11458333333333333,11.041450777202073,10.0,9.534386340204772,0.08854166666666667
2024-01-01 01:44:32.000000,2024-01-01 01:44:38.000000,6,-19.145077720207254,-17.0,8.933183055279704,0.1875,830.4809037329549,2139.0,0.0,65.15544041450777,58.0,21.51009171920395,0.11458333333333333,11.082901554404145,10.0,10.298835283846403,0.0625
2024-01-01 01:44:34.000000,2024-01-01 01:44:40.000000,6,-19.60103626943005,-19.0,8.672958391107729,0.17708333333333334,769.9423892565529,2253.0,0.0,65.92227979274611,59.0,22.13074715809376,0.11458333333333333,11.67357512953368,12.0,10.245536434925125,0.08854166666666667
2024-01-01 01:44:36.000000,2024-01-01 01:44:42.000000,6,-20.088082901554404,-19.0,8.300822810205318,0.18229166666666666,779.9134031096444,2371.0,0.0,65.29015544041451,60.0,20.743943806885238,0.109375,12.284974093264248,12.0,10.002428461605398,0.09895833333333333
2024-01-01 01:44:38.000000,2024-01-01 01:44:44.000000,6,-19.409326424870468,-19.0,8.167728421340101,0.19791666666666666,923.8652404714469,2318.0,0.0,65.57512953367876,59.0,21.441679697223854,0.11458333333333333,12.010362694300518,12.0,10.964426207297295,0.09895833333333333
2024-01-01 01:44:40.000000,2024-01-01 01:44:46.000000,6,-18.212435233160623,-17.0,9.605307277381543,0.171875,959.7238230077019,1974.0,0.0,65.73575129533678,60.0,23.14757043992213,0.11458333333333333,10.2279792746114,8.0,12.355407240674085,0.08854166666666667
2024-01-01 01:44:42.000000,2024-01-01 01:44:48.000000,6,-17.989637305699482,-17.0,10.426823200537529,0.16145833333333334,924.3790331834957,1426.0,0.0,65.79274611398964,62.0,22.84227051120534,0.11458333333333333,7.38860103626943,5.0,12.206097972743258,0.109375
2024-01-01 01:44:44.000000,2024-01-01 01:44:50.000000,6,-18.295336787564768,-17.0,10.54656485423216,0.17708333333333334,769.4835003132715,1427.0,0.0,65.64766839378238,62.0,21.7909147556835,0.11458333333333333,7.393782383419689,5.0,11.442808999828804,0.125
2024-01-01 01:44:46.000000,2024-01-01 01:44:52.000000,6,-19.419689119170986,-18.0,9.471724692623294,0.171875,815.109170061637,1792.0,0.0,64.12953367875647,62.0,18.11562425004759,0.11458333333333333,9.284974093264248,7.0,10.208076465697822,0.09895833333333333
2024-01-01 01:44:48.000000,2024-01-01 01:44:54.000000,6,-19.53886010362694,-19.0,7.93001896449196,0.171875,678.0284920096085,2302.0,0.0,63.943005181347154,60.0,18.011624292990568,0.11979166666666667,11.927461139896373,12.0,9.110143286914726,0.08333333333333333
2024-01-01 01:44:50.000000,2024-01-01 01:44:56.000000,6,-20.041450777202073,-20.0,6.779898442033124,0.18229166666666666,702.356111336741,2504.0,0.0,63.129533678756474,60.0,17.314156307356672,0.11458333333333333,12.974093264248705,14.0,8.552189798257704,0.109375
2024-01-01 01:44:52.000000,2024-01-01 01:44:58.000000,6,-19.72538860103627,-20.0,6.208380423138635,0.171875,631.8941872023336,2544.0,0.0,62.082901554404145,60.0,16.502000127372426,0.11458333333333333,13.181347150259068,14.0,7.660318765717305,0.140625
2024-01-01 01:44:54.000000,2024-01-01 01:45:00.000000,6,-19.7720207253886,-19.0,6.357397639723994,0.171875,474.9069936647326,2571.0,0.0,61.51813471502591,61.0,15.633528760410774,0.11458333333333333,13.321243523316062,13.0,7.778871926288274,0.11979166666666667
2024-01-01 01:44:56.000000,2024-01-01 01:45:02.000000,6,-19.435233160621763,-19.0,6.31690869747442,0.16666666666666666,591.3069572360665,2632.0,0.0,61.38341968911917,61.0,15.980721938056659,0.11458333333333333,13.637305699481866,14.0,7.086008587557323,0.08854166666666667
2024-01-01 01:44:58.000000,2024-01-01 01:45:04.000000,6,-19.647668393782382,-19.0,6.884478863559529,0.18229166666666666,603.6994321278856,2829.0,0.0,61.476683937823836,62.0,16.77394822176519,0.125,14.658031088082902,15.0,7.287056894695453,0.06770833333333333
2024-01-01 01:45:00.000000,2024-01-01 01:45:06.000000,6,-19.746113989637305,-19.0,6.671831171008353,0.18229166666666666,715.6346544090586,2918.0,0.0,61.59585492227979,62.0,17.17442331090556,0.15104166666666666,15.119170984455959,15.0,7.648617476979334,0.109375
2024-01-01 01:45:02.000000,2024-01-01 01:45:08.000000,6,-20.533678756476682,-20.0,6.486376383140677,0.19270833333333334,740.92915949154,2790.0,0.0,62.03626943005181,63.0,15.879878862164832,0.1875,14.455958549222798,15.0,8.811059470816941,0.09895833333333333
2024-01-01 01:45:04.000000,2024-01-01 01:45:10.000000,6,-20.797927461139896,-20.0,5.995275557932598,0.16666666666666666,752.9702698374699,2610.0,0.0,62.751295336787564,62.0,14.960723261288663,0.20833333333333334,13.523316062176166,13.0,9.393078424020143,0.09375
2024-01-01 01:45:06.000000,2024-01-01 01:45:12.000000,6,-21.3419689119171,-20.0,7.120769962103478,0.14583333333333334,696.4814843902399,2607.0,0.0,62.979274611398964,62.0,13.632054194229273,0.20833333333333334,13.507772020725389,13.0,9.394213184957078,0.09375
2024-01-01 01:45:08.000000,2024-01-01 01:45:14.000000,6,-22.015544041450777,-20.0,8.273625693996093,0.15104166666666666,559.5370496738323,2644.0,0.0,64.53886010362694,64.0,14.02378161471442,0.19791666666666666,13.699481865284975,14.0,9.401509726996238,0.140625
2024-01-01 01:45:10.000000,2024-01-01 01:45:16.000000,6,-22.34715025906736,-21.0,11.711315070940852,0.19791666666666666,609.3136465387505,2863.0,0.0,64.87046632124353,64.0,13.322084120070901,0.21875,14.83419689119171,15.0,12.576990875478334,0.16666666666666666
2024-01-01 01:45:12.000000,2024-01-01 01:45:18.000000,6,-21.813471502590673,-20.0,12.276180564005609,0.203125,703.9019559739828,2967.0000000000005,0.0,65.62694300518135,65.0,13.066564339065682,0.24479166666666666,15.373056994818652,16.0,12.70193962722267,0.19270833333333334
2024-01-01 01:45:14.000000,2024-01-01 01:45:20.000000,6,-21.492227979274613,-20.0,12.6174148711647,0.203125,813.5985254792067,2893.0,0.0,65.65284974093264,64.0,11.937279869838283,0.21875,14.989637305699482,13.0,12.782226281909367,0.15625
2024-01-01 01:45:16.000000,2024-01-01 01:45:22.000000,6,-22.88082901554404,-20.0,18.51748316166339,0.16666666666666666,653.8745869108903,2420.0,0.0,63.233160621761655,63.0,17.1200582547473,0.21875,12.538860103626943,12.0,12.383616223753144,0.13541666666666666
2024-01-01 01:45:18.000000,2024-01-01 01:45:24.000000,6,-25.020725388601036,-23.0,21.335845852017933,0.13020833333333334,752.353768008275,2392.0,0.0,50.94818652849741,61.0,38.219996529500456,0.09375,12.393782383419689,11.0,13.934757304664345,0.11979166666666667
2024-01-01 01:45:20.000000,2024-01-01 01:45:26.000000,6,-24.93782383419689,-23.0,20.840322230145674,0.140625,729.2571897093973,2564.0,0.0,49.84455958549223,62.0,38.60438613813074,0.09375,13.284974093264248,12.0,13.664378573363683,0.140625
2024-01-01 01:45:22.000000,2024-01-01 01:45:28.000000,6,-23.155440414507773,-22.0,14.085922491453411,0.15625,916.1042458763329,2788.0,0.0,51.52849740932643,62.0,38.04657872158758,0.09895833333333333,14.44559585492228,12.0,11.52797294366979,0.14583333333333334
2024-01-01 01:45:24.000000,2024-01-01 01:45:30.000000,6,-21.04663212435233,-22.0,8.04368939723377,0.16145833333333334,887.9034430462533,2691.0,0.0,64.66321243523316,65.0,15.618683524650152,0.20833333333333334,13.94300518134715,12.0,10.477250418812881,0.13020833333333334
2024-01-01 01:45:26.000000,2024-01-01 01:45:32.000000,6,-21.378238341968913,-20.0,9.146204985150794,0.15625,858.3570449437943,2836.0,0.0,65.56476683937824,65.0,13.907327283086943,0.22395833333333334,14.694300518134716,12.0,13.013807517276348,0.140625
2024-01-01 01:45:28.000000,2024-01-01 01:45:34.000000,6,-22.33678756476684,-20.0,17.049118502428346,0.15104166666666666,942.5028676682688,2608.0,0.0,66.78756476683938,65.0,14.974333971596831,0.234375,13.512953367875648,12.0,16.508554855579845,0.15104166666666666
2024-01-01 01:45:30.000000,2024-01-01 01:45:36.000000,6,-23.17616580310881,-20.0,16.685511798334694,0.125,1106.3950972428795,2478.0,0.0,66.90155440414507,65.0,14.872571498833349,0.25,12.839378238341968,11.0,15.63016926581621,0.16145833333333334
2024-01-01 01:45:32.000000,2024-01-01 01:45:38.000000,6,-22.487046632124354,-20.0,16.495930308807154,0.16145833333333334,994.8806945282447,2446.0,0.0,66.74611398963731,65.0,16.12395984783014,0.19270833333333334,12.67357512953368,12.0,14.432752688683852,0.15625
2024-01-01 01:45:34.000000,2024-01-01 01:45:40.000000,6,-20.093264248704664,-19.0,8.805869622587952,0.18229166666666666,747.6638168283994,2933.0,0.0,64.54922279792746,63.0,16.458562611813267,0.19791666666666666,15.196891191709845,14.0,10.322033001544515,0.171875
2024-01-01 01:45:36.000000,2024-01-01 01:45:42.000000,6,-19.735751295336787,-19.0,7.9318461872267685,0.19270833333333334,704.7123915030162,3041.0000000000005,0.0,63.398963730569946,62.0,16.899562339122458,0.19791666666666666,15.756476683937823,15.0,10.163649075090548,0.19791666666666666
2024-01-01 01:45:38.000000,2024-01-01 01:45:44.000000,6,-20.5440414507772,-21.0,7.3710708628353006,0.15625,758.4637627745351,2976.0,0.0,62.84974093264249,63.0,16.419729381246444,0.19270833333333334,15.419689119170984,15.0,9.826358361715174,0.171875
2024-01-01 01:45:40.000000,2024-01-01 01:45:46.000000,6,-21.963730569948186,-21.0,6.862771744008589,0.13020833333333334,629.7783648739635,2731.0,0.0,63.38860103626943,63.0,14.058259531447709,0.20833333333333334,14.150259067357513,14.0,8.61038692239599,0.14583333333333334
2024-01-01 01:45:42.000000,2024-01-01 01:45:48.000000,6,-21.813471502590673,-21.0,6.897797419471602,0.11979166666666667,623.1927221200444,2622.0,0.0,63.18652849740933,63.0,13.115926421977813,0.22916666666666666,13.585492227979275,13.0,8.590462061398366,0.13020833333333334
2024-01-01 01:45:44.000000,2024-01-01 01:45:50.000000,6,-21.34715025906736,-21.0,7.016996082668107,0.11979166666666667,665.90110904024,2555.0,0.0,64.05181347150258,63.0,12.021569561210628,0.20833333333333334,13.238341968911918,12.0,8.589915438269161,0.13020833333333334
2024-01-01 01:45:46.000000,2024-01-01 01:45:52.000000,6,-20.803108808290155,-21.0,6.685851874292018,0.16666666666666666,594.9539664526873,2561.0,0.0,63.3419689119171,62.0,13.594466945042818,0.21875,13.26943005181347,12.0,8.313514862016376,0.11979166666666667
2024-01-01 01:45:48.000000,2024-01-01 01:45:54.000000,6,-21.17616580310881,-21.0,6.733780808161647,0.16145833333333334,528.7896910892879,2606.0,0.0,62.968911917098445,63.0,14.759497908039057,0.15625,13.50259067357513,13.0,7.349974739420597,0.11979166666666667
2024-01-01 01:45:50.000000,2024-01-01 01:45:56.000000,6,-20.735751295336787,-21.0,6.447513779576113,0.18229166666666666,595.2045195081821,2642.0,0.0,62.284974093264246,63.0,16.139258299651413,0.14583333333333334,13.689119170984457,14.0,7.362399953429995,0.140625
2024-01-01 01:45:52.000000,2024-01-01 01:45:58.000000,6,-20.60621761658031,-20.0,6.004370170125789,0.16666666666666666,681.3255781953429,2538.0,0.0,62.2020725388601,63.0,15.477658490510684,0.140625,13.150259067357513,13.0,7.721264768160364,0.11979166666666667
2024-01-01 01:45:54.000000,2024-01-01 01:46:00.000000,6,-20.72538860103627,-20.0,5.736599237505124,0.16666666666666666,611.3958661818356,2478.0,0.0,61.66839378238342,61.0,15.802619970354948,0.14583333333333334,12.839378238341968,13.0,7.651940360331202,0.11979166666666667
2024-01-01 01:45:56.000000,2024-01-01 01:46:02.000000,6,-21.031088082901555,-21.0,5.3870086161749065,0.15625,553.0909371751217,2443.0,0.0,61.16062176165803,60.0,15.453899980632684,0.15625,12.658031088082902,12.0,6.978176566018414,0.10416666666666667
2024-01-01 01:45:58.000000,2024-01-01 01:46:04.000000,6,-21.28497409326425,-22.0,5.1998229261069095,0.171875,450.7902648938235,2608.0,0.0,61.35233160621762,60.0,15.863355547386496,0.15625,13.512953367875648,13.0,6.4760044332666356,0.109375
2024-01-01 01:46:00.000000,2024-01-01 01:46:06.000000,6,-20.694300518134714,-21.0,5.529732009484587,0.16666666666666666,462.8562510900417,2775.0,0.0,61.6839378238342,60.0,15.93765852980859,0.13020833333333334,14.378238341968911,15.0,6.304507564465068,0.13541666666666666
2024-01-01 01:46:02.000000,2024-01-01 01:46:08.000000,6,-20.248704663212436,-21.0,6.075078092847604,0.16666666666666666,457.8128094084702,2787.0,0.0,61.943005181347154,61.0,15.901449923571375,0.14583333333333334,14.44041450777202,15.0,6.715794802351276,0.125
2024-01-01 01:46:04.000000,2024-01-01 01:46:10.000000,6,-20.025906735751295,-20.0,6.116435537039237,0.16145833333333334,508.34237813787746,2614.0,0.0,61.943005181347154,61.0,14.966346459257002,0.17708333333333334,13.544041450777202,13.0,6.637910238290828,0.11458333333333333
2024-01-01 01:46:06.000000,2024-01-01 01:46:12.000000,6,-20.264248704663213,-20.0,6.175186955698088,0.14583333333333334,604.1598833075121,2423.0,0.0,62.70984455958549,62.0,13.320909178050837,0.19791666666666666,12.55440414507772,11.0,7.327061270158,0.11979166666666667
2024-01-01 01:46:08.000000,2024-01-01 01:46:14.000000,6,-20.430051813471504,-20.0,6.575406237245072,0.16666666666666666,621.2823673799485,2499.0000000000005,0.0,63.373056994818654,63.0,13.092447706990331,0.21875,12.94818652849741,11.0,8.705087672257678,0.109375
2024-01-01 01:46:10.000000,2024-01-01 01:46:16.000000,6,-20.984455958549223,-21.0,6.730277269500294,0.18229166666666666,741.6783223188582,2637.0,0.0,64.39378238341969,63.0,13.215377828117376,0.20833333333333334,13.663212435233161,11.0,9.940214201741892,0.10416666666666667
2024-01-01 01:46:12.000000,2024-01-01 01:46:18.000000,6,-20.963730569948186,-20.0,7.061023486508835,0.18229166666666666,765.8168120767886,2815.0000000000005,0.0,64.4559585492228,63.0,13.597999938652972,0.19791666666666666,14.585492227979275,13.0,10.163978310434917,0.11979166666666667
2024-01-01 01:46:14.000000,2024-01-01 01:46:20.000000,6,-20.020725388601036,-19.0,9.484064787196338,0.19270833333333334,839.4726246175127,2852.0,0.0,65.0880829015544,64.0,14.462505868385728,0.20833333333333334,14.77720207253886,12.0,12.189779634902989,0.16145833333333334
2024-01-01 01:46:16.000000,2024-01-01 01:46:22.000000,6,-18.46113989637306,-17.0,10.364190792203807,0.234375,793.9665497358774,2669.0000000000005,0.0,65.01554404145078,63.0,15.481668152722396,0.21875,13.82901554404145,13.0,12.265160158485447,0.171875
2024-01-01 01:46:18.000000,2024-01-01 01:46:24.000000,6,-18.11917098445596,-17.0,10.337598011263886,0.21354166666666666,746.6044751054909,2439.0,0.0,64.84974093264249,64.0,17.287797130347013,0.17708333333333334,12.637305699481866,11.0,12.130070116708696,0.140625
2024-01-01 01:46:20.000000,2024-01-01 01:46:26.000000,6,-18.82383419689119,-19.0,7.649213726850155,0.1875,770.3843801197057,2318.0000000000005,0.0,64.17098445595855,64.0,16.15861443255471,0.18229166666666666,12.010362694300518,10.0,9.840916728398211,0.11979166666666667
2024-01-01 01:46:22.000000,2024-01-01 01:46:28.000000,6,-20.17098445595855,-21.0,6.207084961018242,0.18229166666666666,742.5666679568784,2422.0,0.0,63.7720207253886,64.0,15.837713579182912,0.16666666666666666,12.549222797927461,12.0,9.557333131177908,0.08854166666666667
2024-01-01 01:46:24.000000,2024-01-01 01:46:30.000000,6,-20.17616580310881,-20.0,6.553470121930277,0.19270833333333334,803.7385194172335,2675.0000000000005,0.0,64.33678756476684,63.0,15.94572644033017,0.18229166666666666,13.860103626943005,14.0,9.289673589845457,0.11458333333333333
2024-01-01 01:46:26.000000,2024-01-01 01:46:32.000000,6,-20.33678756476684,-20.0,7.4172900516188855,0.18229166666666666,618.0447444509912,2816.0,0.0,63.89119170984456,64.0,16.330683515801294,0.18229166666666666,14.590673575129534,14.0,8.532005678508435,0.13020833333333334
2024-01-01 01:46:28.000000,2024-01-01 01:46:34.000000,6,-20.673575129533678,-20.0,8.967079615983033,0.171875,535.9620739652482,2735.0000000000005,0.0,63.12435233160622,62.0,16.40328592971185,0.14583333333333334,14.17098445595855,13.0,7.701919915187734,0.08854166666666667
2024-01-01 01:46:30.000000,2024-01-01 01:46:36.000000,6,-20.917098445595855,-20.0,8.97643720361627,0.171875,442.73580601150417,2644.0,0.0,63.46632124352332,63.0,15.335150099812036,0.14583333333333334,13.699481865284975,12.0,8.074706505304377,0.11979166666666667
2024-01-01 01:46:32.000000,2024-01-01 01:46:38.000000,6,-20.66839378238342,-20.0,8.805412990170367,0.171875,548.2105576748836,2559.9999999999995,0.0,63.79274611398964,62.0,16.173169307232723,0.14583333333333334,13.264248704663212,12.0,8.280097660725826,0.15104166666666666
2024-01-01 01:46:34.000000,2024-01-01 01:46:40.000000,6,-20.72020725388601,-21.0,7.809213039106784,0.16145833333333334,582.5743514003076,2681.0,0.0,63.73056994818653,63.0,15.860391841343867,0.17708333333333334,13.89119170984456,13.0,8.700668983470807,0.15104166666666666
2024-01-01 01:46:36.000000,2024-01-01 01:46:42.000000,6,-20.29015544041451,-20.0,6.7660885793205825,0.16145833333333334,595.80833657431,2661.0000000000005,0.0,63.067357512953365,63.0,15.505396297259235,0.1875,13.787564766839377,13.0,8.415106132797861,0.13020833333333334
2024-01-01 01:46:38.000000,2024-01-01 01:46:44.000000,6,-20.00518134715026,-19.0,6.587154014733295,0.17708333333333334,631.9414267263913,2367.0,0.0,62.73056994818653,63.0,14.70862658536255,0.1875,12.264248704663212,11.0,8.74985812863027,0.09895833333333333
2024-01-01 01:46:40.000000,2024-01-01 01:46:46.000000,6,-18.813471502590673,-18.0,6.253034669134854,0.17708333333333334,664.6326572617719,2141.0,0.0,63.07772020725388,63.0,15.451846268611671,0.15625,11.093264248704664,10.0,8.481696360006685,0.08854166666666667
2024-01-01 01:46:42.000000,2024-01-01 01:46:48.000000,6,-19.2279792746114,-18.0,8.377166669956788,0.16666666666666666,915.4000735619968,2294.0,0.0,63.40414507772021,64.0,16.60360099683729,0.14583333333333334,11.8860103626943,10.0,10.139519483390654,0.09895833333333333
2024-01-01 01:46:44.000000,2024-01-01 01:46:50.000000,6,-19.471502590673577,-19.0,9.027185003345652,0.16666666666666666,782.2186385516852,2651.0,0.0,63.22279792746114,64.0,17.104065624313687,0.14583333333333334,13.735751295336788,12.0,9.637579257148749,0.13020833333333334
2024-01-01 01:46:46.000000,2024-01-01 01:46:52.000000,6,-20.05181347150259,-20.0,9.387902750261064,0.16666666666666666,547.6042720373,2905.0,0.0,62.58031088082902,64.0,17.49866143412641,0.13541666666666666,15.05181347150259,14.0,9.691996769587396,0.15104166666666666
2024-01-01 01:46:48.000000,2024-01-01 01:46:54.000000,6,-19.45077720207254,-19.0,7.4818469141634765,0.19270833333333334,670.115528173418,2910.0,0.0,62.39378238341969,63.0,17.013180022360007,0.13541666666666666,15.077720207253886,14.0,8.627666917663293,0.14583333333333334
2024-01-01 01:46:50.000000,2024-01-01 01:46:56.000000,6,-19.818652849740932,-19.0,6.667182082839348,0.19270833333333334,675.231009141193,2791.0,0.0,62.01036269430052,63.0,16.731329655925965,0.13020833333333334,14.461139896373057,14.0,9.105275070558571,0.13541666666666666
2024-01-01 01:46:52.000000,2024-01-01 01:46:58.000000,6,-21.39378238341969,-19.0,15.027418090717703,0.171875,777.5019858541,2766.0,0.0,63.33678756476684,63.0,17.187251332790574,0.14583333333333334,14.33160621761658,12.0,11.89992498271009,0.09895833333333333
2024-01-01 01:46:54.000000,2024-01-01 01:47:00.000000,6,-22.813471502590673,-20.0,19.094513415465777,0.15104166666666666,645.1687749624153,2740.0,0.0,53.26424870466321,62.0,36.37160088041892,0.11458333333333333,14.196891191709845,11.0,13.282687301583245,0.09895833333333333
2024-01-01 01:46:56.000000,2024-01-01 01:47:02.000000,6,-22.27979274611399,-20.0,20.208405222171518,0.171875,784.2843221757797,2761.0,0.0,55.61658031088083,61.0,38.12326682829641,0.109375,14.305699481865284,14.0,15.741228332949486,0.11458333333333333
2024-01-01 01:46:58.000000,2024-01-01 01:47:04.000000,6,-25.984455958549223,-22.0,26.125194712978104,0.140625,830.873764620088,3187.000000000001,0.0,39.17616580310881,54.0,48.78108038955642,0.046875,16.512953367875646,18.0,15.89028424603188,0.16666666666666666
2024-01-01 01:47:00.000000,2024-01-01 01:47:06.000000,6,-26.88082901554404,-22.0,24.607783646151887,0.140625,701.0760385584626,3012.0,0.0,50.58031088082902,60.0,42.17813199577299,0.09375,15.606217616580311,17.0,15.039890108416008,0.21875
2024-01-01 01:47:02.000000,2024-01-01 01:47:08.000000,6,-26.626943005181346,-22.0,23.901178917094082,0.125,558.8351033392414,3240.0000000000005,0.0,48.92227979274612,58.0,40.62992497050426,0.09375,16.787564766839377,18.0,12.829874430130598,0.22395833333333334
2024-01-01 01:47:04.000000,2024-01-01 01:47:10.000000,6,-21.497409326424872,-19.0,13.344444986714667,0.140625,881.8199289345301,2884.0,0.0,63.67875647668394,63.0,19.461511549181612,0.13020833333333334,14.94300518134715,15.0,10.537723173050619,0.17708333333333334
2024-01-01 01:47:06.000000,2024-01-01 01:47:12.000000,6,-19.248704663212436,-18.0,7.890547541258693,0.14583333333333334,769.8266838902645,2976.0,0.0,63.93782383419689,63.0,14.215831456149074,0.15104166666666666,15.419689119170984,14.0,9.62878853505724,0.16666666666666666
2024-01-01 01:47:08.000000,2024-01-01 01:47:14.000000,6,-20.875647668393782,-20.0,8.38494917248852,0.11979166666666667,482.78766117118073,2713.0,0.0,63.22279792746114,63.0,14.398245641309765,0.17708333333333334,14.05699481865285,13.0,8.730446323366369,0.171875
2024-01-01 01:47:10.000000,2024-01-01 01:47:16.000000,6,-22.699481865284973,-23.0,8.056625750283937,0.17708333333333334,531.8626652059829,2478.0,0.0,61.89119170984456,64.0,17.461075017304374,0.15104166666666666,12.839378238341968,12.0,8.993638007580635,0.16666666666666666
2024-01-01 01:47:12.000000,2024-01-01 01:47:18.000000,6,-28.373056994818654,-26.0,14.061461053541922,0.14583333333333334,2216.8002031260685,4343.0,0.0,39.005181347150256,44.0,35.30145438005565,0.057291666666666664,22.502590673575128,14.0,22.06196867923292,0.052083333333333336
2024-01-01 01:47:14.000000,2024-01-01 01:47:20.000000,6,-28.471502590673577,-26.0,14.693056265391546,0.171875,2076.673692361187,4688.0,0.0,40.134715025906736,45.0,36.61998667404056,0.0625,24.29015544041451,17.0,21.509415488646187,0.041666666666666664
2024-01-01 01:47:16.000000,2024-01-01 01:47:22.000000,6,-29.585492227979273,-25.0,18.75456047014498,0.14583333333333334,1742.6950677749664,5364.0,0.0,26.699481865284973,31.0,46.66148985134106,0.015625,27.792746113989637,21.0,22.3147127572912,0.057291666666666664
2024-01-01 01:47:18.000000,2024-01-01 01:47:24.000000,6,-27.072538860103627,-24.0,16.59771954340267,0.13541666666666666,550.0661206232174,3582.0,0.0,46.4300518134715,52.0,45.78501083525918,0.09375,18.559585492227978,16.0,14.42682050305224,0.140625
2024-01-01 01:47:20.000000,2024-01-01 01:47:26.000000,6,-25.99481865284974,-23.0,16.10593104047337,0.14583333333333334,612.0802863782288,3399.0,0.0,47.23834196891192,55.0,45.47086041891679,0.078125,17.61139896373057,15.0,14.426872878539552,0.140625
2024-01-01 01:47:22.000000,2024-01-01 01:47:28.000000,6,-24.05699481865285,-23.0,10.726809544556172,0.13020833333333334,662.4034779664069,2966.0,0.0,61.56476683937824,63.0,25.750550197854565,0.18229166666666666,15.367875647668393,14.0,10.329690427006481,0.16145833333333334
2024-01-01 01:47:24.000000,2024-01-01 01:47:30.000000,6,-21.305699481865286,-20.0,7.07436824718069,0.15104166666666666,788.2114295982132,2776.0,0.0,64.4559585492228,63.0,14.156100651836985,0.20833333333333334,14.38341968911917,13.0,9.379617458163489,0.15104166666666666
2024-01-01 01:47:26.000000,2024-01-01 01:47:32.000000,6,-21.357512953367877,-21.0,6.2292704588137875,0.17708333333333334,775.806789774766,2857.0,0.0,62.87564766839378,63.0,15.524009553759488,0.19791666666666666,14.803108808290155,14.0,9.159045544431697,0.13020833333333334
2024-01-01 01:47:28.000000,2024-01-01 01:47:34.000000,6,-21.16062176165803,-21.0,7.4155034406347395,0.18229166666666666,662.9907167299239,2846.0,0.0,63.12435233160622,62.0,18.048115025080847,0.15104166666666666,14.746113989637307,14.0,8.598861233196637,0.13020833333333334
2024-01-01 01:47:30.000000,2024-01-01 01:47:36.000000,6,-20.746113989637305,-21.0,7.96952515363611,0.171875,605.5596508675453,2691.0,0.0,63.26943005181347,62.0,19.340155446487508,0.13020833333333334,13.94300518134715,13.0,8.920474184248729,0.140625
2024-01-01 01:47:32.000000,2024-01-01 01:47:38.000000,6,-20.82383419689119,-18.0,9.672235383079727,0.171875,779.2467247728335,2289.0,0.0,64.02590673575129,60.0,19.33327098584432,0.13020833333333334,11.860103626943005,11.0,9.418848234924422,0.13020833333333334
2024-01-01 01:47:34.000000,2024-01-01 01:47:40.000000,6,-20.45077720207254,-18.0,10.432267247039073,0.171875,800.0217052055913,2144.0,0.0,64.37305699481865,62.0,20.215652441287745,0.125,11.10880829015544,10.0,9.257518066951368,0.11979166666666667
2024-01-01 01:47:36.000000,2024-01-01 01:47:42.000000,6,-21.33160621761658,-20.0,11.432040409632085,0.16666666666666666,699.1443271758707,2074.9999999999995,0.0,64.71502590673575,61.0,21.019500671111743,0.125,10.751295336787564,8.0,9.789998663646331,0.10416666666666667
2024-01-01 01:47:38.000000,2024-01-01 01:47:44.000000,6,-20.61139896373057,-18.0,11.979986549249835,0.17708333333333334,824.0045152881627,2087.0,0.0,65.04145077720207,61.0,21.57999512397883,0.11979166666666667,10.813471502590673,9.0,10.11117496832436,0.09375
2024-01-01 01:47:40.000000,2024-01-01 01:47:46.000000,6,-20.559585492227978,-19.0,10.85979894660218,0.1875,922.3330578515847,2183.0,0.0,64.88601036269431,61.0,20.79206231603923,0.125,11.310880829015543,11.0,10.570533717569138,0.109375
2024-01-01 01:47:42.000000,2024-01-01 01:47:48.000000,6,-20.010362694300518,-19.0,10.560337370965051,0.20833333333333334,646.7497928889985,2389.0,0.0,65.35233160621762,62.0,21.403859836241327,0.11979166666666667,12.378238341968911,12.0,10.595151357911973,0.13020833333333334
2024-01-01 01:47:44.000000,2024-01-01 01:47:50.000000,6,-20.575129533678755,-20.0,12.713829539980285,0.21875,615.9863197096785,2605.0,0.0,63.865284974093264,61.0,22.740210509291874,0.11979166666666667,13.49740932642487,13.0,11.502320577610453,0.15104166666666666
2024-01-01 01:47:46.000000,2024-01-01 01:47:52.000000,6,-20.373056994818654,-20.0,12.728155285047254,0.21354166666666666,584.8760509699639,2559.0,0.0,63.02590673575129,60.0,22.306911119174625,0.13020833333333334,13.259067357512953,12.0,11.230317650997872,0.16145833333333334
2024-01-01 01:47:48.000000,2024-01-01 01:47:54.000000,6,-19.94300518134715,-20.0,13.21110112765705,0.16666666666666666,704.718905300149,2454.0,0.0,63.56476683937824,61.0,22.061873269486767,0.125,12.715025906735752,11.0,10.744505966440098,0.13020833333333334
2024-01-01 01:47:50.000000,2024-01-01 01:47:56.000000,6,-18.89119170984456,-18.0,9.54831873996312,0.19270833333333334,786.2240205143851,2233.0,0.0,65.38341968911917,64.0,19.272393217453615,0.13020833333333334,11.569948186528498,10.0,9.225560534991974,0.16666666666666666
2024-01-01 01:47:52.000000,2024-01-01 01:47:58.000000,6,-18.124352331606218,-17.0,8.594758439026426,0.20833333333333334,761.6789943717515,2175.0,0.0,64.87564766839378,64.0,18.638979030297836,0.13541666666666666,11.26943005181347,10.0,9.199747969064177,0.14583333333333334
2024-01-01 01:47:54.000000,2024-01-01 01:48:00.000000,6,-18.440414507772022,-18.0,6.551703327681674,0.203125,774.5269630407117,2172.0,0.0,63.233160621761655,63.0,17.573137017787726,0.140625,11.253886010362693,10.0,8.592802094841083,0.11979166666666667
2024-01-01 01:47:56.000000,2024-01-01 01:48:02.000000,6,-19.253886010362695,-19.0,7.789736699087162,0.17708333333333334,743.805980583055,2242.0,0.0,62.196891191709845,65.0,17.606006038233307,0.11458333333333333,11.61658031088083,11.0,8.63303579251347,0.09895833333333333
2024-01-01 01:47:58.000000,2024-01-01 01:48:04.000000,6,-19.989637305699482,-19.0,10.240335706831152,0.1875,712.6371012219396,2245.0,0.0,62.81347150259067,66.0,18.229338328824106,0.125,11.632124352331607,11.0,9.38218636483288,0.11979166666666667
2024-01-01 01:48:00.000000,2024-01-01 01:48:06.000000,6,-20.243523316062177,-19.0,10.712520518296442,0.20833333333333334,727.3791779015299,2144.0,0.0,63.1139896373057,65.0,18.424605975544196,0.14583333333333334,11.10880829015544,10.0,9.362134234596173,0.13020833333333334
2024-01-01 01:48:02.000000,2024-01-01 01:48:08.000000,6,-20.139896373056995,-19.0,9.991460624246695,0.19270833333333334,708.8448940387012,2105.0,0.0,63.652849740932645,63.0,17.924863570587636,0.14583333333333334,10.906735751295336,10.0,9.101946118460084,0.08854166666666667
2024-01-01 01:48:04.000000,2024-01-01 01:48:10.000000,6,-20.378238341968913,-19.0,8.398719086686013,0.17708333333333334,665.3730533520961,2040.0000000000002,0.0,65.46632124352331,63.0,18.356145526328913,0.140625,10.569948186528498,8.0,8.928333206789945,0.09375
2024-01-01 01:48:06.000000,2024-01-01 01:48:12.000000,6,-20.186528497409327,-19.0,9.372300993178555,0.19270833333333334,834.1347741234749,2010.0,0.0,66.75129533678756,66.0,17.88156379722414,0.140625,10.414507772020725,9.0,9.958465666372742,0.09895833333333333
2024-01-01 01:48:08.000000,2024-01-01 01:48:14.000000,6,-20.23316062176166,-20.0,9.138548096530865,0.203125,935.1421840189747,2061.0,0.0,66.51295336787565,65.0,17.297070081944195,0.13541666666666666,10.678756476683938,9.0,9.93260699811128,0.11979166666666667
2024-01-01 01:48:10.000000,2024-01-01 01:48:16.000000,6,-20.212435233160623,-20.0,8.576339228341277,0.203125,868.0654313510913,2233.0,0.0,65.20725388601036,63.0,17.35020860894036,0.125,11.569948186528498,12.0,9.603413482618285,0.10416666666666667
2024-01-01 01:48:12.000000,2024-01-01 01:48:18.000000,6,-19.958549222797927,-20.0,7.672892080844303,0.16666666666666666,687.4303110166801,2414.0,0.0,64.92227979274611,63.0,19.370003952214578,0.11979166666666667,12.507772020725389,13.0,8.081047252538173,0.125
2024-01-01 01:48:14.000000,2024-01-01 01:48:20.000000,6,-19.46113989637306,-19.0,9.221227364648124,0.17708333333333334,601.408113137566,2550.0,0.0,63.3160621761658,62.0,20.917461830078246,0.13020833333333334,13.212435233160623,13.0,8.086862466963655,0.15104166666666666
2024-01-01 01:48:16.000000,2024-01-01 01:48:22.000000,6,-19.093264248704664,-18.0,9.614529273102798,0.171875,502.9540501361781,2484.0,0.0,62.27979274611399,60.0,20.470366181958955,0.125,12.870466321243523,12.0,7.254941440304345,0.11979166666666667
2024-01-01 01:48:18.000000,2024-01-01 01:48:24.000000,6,-19.238341968911918,-18.0,9.095281591936274,0.18229166666666666,464.6736778537541,2231.0,0.0,62.54922279792746,62.0,17.907136377628262,0.13020833333333334,11.55958549222798,11.0,7.575166653433338,0.140625
2024-01-01 01:48:20.000000,2024-01-01 01:48:26.000000,6,-19.33160621761658,-19.0,7.443809369366001,0.19270833333333334,607.9769382692948,2202.0,0.0,63.43523316062176,62.0,17.149076811660397,0.13541666666666666,11.409326424870466,11.0,7.580355371931244,0.125
2024-01-01 01:48:22.000000,2024-01-01 01:48:28.000000,6,-19.316062176165804,-19.0,6.7783817694771855,0.19270833333333334,754.816621717761,2245.0,0.0,63.61658031088083,62.0,17.358899456133503,0.14583333333333334,11.632124352331607,10.0,8.718658401255855,0.078125
2024-01-01 01:48:24.000000,2024-01-01 01:48:30.000000,6,-19.259067357512954,-19.0,6.650911056061995,0.1875,823.8868162645358,2376.0,0.0,63.181347150259064,62.0,18.419115530495326,0.13541666666666666,12.310880829015543,12.0,9.004439631329982,0.08854166666666667
2024-01-01 01:48:26.000000,2024-01-01 01:48:32.000000,6,-19.264248704663213,-18.0,7.302797450600046,0.17708333333333334,721.2614564995739,2138.0000000000005,0.0,63.35233160621762,63.0,18.559594532823123,0.13541666666666666,11.077720207253886,11.0,8.559179464692175,0.109375
2024-01-01 01:48:28.000000,2024-01-01 01:48:34.000000,6,-19.471502590673577,-18.0,7.109300416915999,0.171875,590.5600949616845,1992.0,0.0,62.44559585492228,64.0,18.10353308583667,0.15104166666666666,10.321243523316062,10.0,7.6811738542314725,0.11979166666666667
2024-01-01 01:48:30.000000,2024-01-01 01:48:36.000000,6,-19.559585492227978,-18.0,7.889063093546351,0.18229166666666666,507.9444457996353,2032.0000000000002,0.0,61.69430051813472,63.0,16.89011109387339,0.15625,10.528497409326425,10.0,7.140003670724687,0.16145833333333334
2024-01-01 01:48:32.000000,2024-01-01 01:48:38.000000,6,-20.06217616580311,-19.0,7.442576658857518,0.16666666666666666,570.2723964701936,2183.0,0.0,62.40414507772021,64.0,16.564343715609223,0.17708333333333334,11.310880829015543,10.0,7.204363243266723,0.11458333333333333
2024-01-01 01:48:34.000000,2024-01-01 01:48:40.000000,6,-20.243523316062177,-19.0,7.51926498102855,0.15104166666666666,622.6287058872409,2288.0,0.0,62.84455958549223,64.0,16.76046575830258,0.15625,11.854922279792746,10.0,7.766762055867923,0.109375
2024-01-01 01:48:36.000000,2024-01-01 01:48:42.000000,6,-20.243523316062177,-19.0,6.2797435607081615,0.15104166666666666,730.9712159390552,2466.0,0.0,62.181347150259064,63.0,17.37734589225487,0.13541666666666666,12.77720207253886,12.0,7.718153549532581,0.078125
2024-01-01 01:48:38.000000,2024-01-01 01:48:44.000000,6,-20.020725388601036,-20.0,6.108360518262726,0.15104166666666666,644.561245017232,2608.0,0.0,61.67357512953368,63.0,17.186846235014865,0.140625,13.512953367875648,13.0,7.311598098433915,0.125
2024-01-01 01:48:40.000000,2024-01-01 01:48:46.000000,6,-19.264248704663213,-19.0,5.637265939367875,0.15625,420.1214873160753,2773.0,0.0,62.15025906735751,65.0,17.27574203770616,0.13541666666666666,14.367875647668393,14.0,6.897644838478513,0.11458333333333333
2024-01-01 01:48:42.000000,2024-01-01 01:48:48.000000,6,-18.66839378238342,-18.0,6.034957712704193,0.16145833333333334,556.5331049443307,2655.0,0.0,62.04145077720207,65.0,17.600850534873306,0.140625,13.756476683937823,14.0,7.033237461386868,0.140625
2024-01-01 01:48:44.000000,2024-01-01 01:48:50.000000,6,-18.44559585492228,-18.0,5.675091205432975,0.16145833333333334,606.2295454895611,2459.0,0.0,61.487046632124354,64.0,17.68889388155807,0.17708333333333334,12.740932642487047,12.0,7.047844910016654,0.13020833333333334
2024-01-01 01:48:46.000000,2024-01-01 01:48:52.000000,6,-19.00518134715026,-18.0,5.727762624313582,0.16666666666666666,474.8959022166517,2190.0,0.0,61.979274611398964,61.0,17.029373688455806,0.17708333333333334,11.347150259067357,11.0,6.556541315677006,0.09375
2024-01-01 01:48:48.000000,2024-01-01 01:48:54.000000,6,-19.7720207253886,-20.0,5.713639069475326,0.17708333333333334,440.97239838867375,2133.0,0.0,62.259067357512954,62.0,17.297194894230135,0.17708333333333334,11.05181347150259,10.0,6.589718105884797,0.11979166666666667
2024-01-01 01:48:50.000000,2024-01-01 01:48:56.000000,6,-20.243523316062177,-20.0,6.3342465367441765,0.1875,519.3112676874891,2200.0,0.0,62.67357512953368,65.0,17.855676506535524,0.15625,11.398963730569948,11.0,7.214813967609934,0.140625
2024-01-01 01:48:52.000000,2024-01-01 01:48:58.000000,6,-20.33160621761658,-20.0,6.182458890074491,0.19791666666666666,536.631360644491,2296.0,0.0,62.72020725388601,65.0,17.820121350788327,0.14583333333333334,11.896373056994818,11.0,7.303654714828529,0.15104166666666666
2024-01-01 01:48:54.000000,2024-01-01 01:49:00.000000,6,-20.5440414507772,-20.0,6.245780095254147,0.19791666666666666,479.27351830692936,2250.0,0.0,62.7979274611399,64.0,15.915649919148048,0.1875,11.658031088082902,11.0,6.9257332839102235,0.15104166666666666
2024-01-01 01:48:56.000000,2024-01-01 01:49:02.000000,6,-20.40414507772021,-20.0,6.713821519485718,0.19270833333333334,472.371848517326,2168.0,0.0,63.61139896373057,62.0,15.852815030362073,0.17708333333333334,11.233160621761659,10.0,7.160550117084205,0.13020833333333334
2024-01-01 01:48:58.000000,2024-01-01 01:49:04.000000,6,-20.911917098445596,-20.0,7.416726096674431,0.16666666666666666,564.6910054404527,2184.0,0.0,63.6580310880829,62.0,16.382700169788713,0.1875,11.316062176165802,11.0,7.544907294291119,0.11979166666666667
2024-01-01 01:49:00.000000,2024-01-01 01:49:06.000000,6,-21.181347150259068,-21.0,8.179831921199074,0.171875,561.5833331814222,2365.0,0.0,64.12435233160622,66.0,19.1416071066464,0.14583333333333334,12.253886010362693,11.0,8.76622293281274,0.11979166666666667
2024-01-01 01:49:02.000000,2024-01-01 01:49:08.000000,6,-21.414507772020727,-21.0,8.041830539642374,0.18229166666666666,560.0376260751553,2569.0,0.0,63.6839378238342,66.0,18.566563837881095,0.18229166666666666,13.310880829015543,12.0,8.785448180994106,0.11979166666666667
2024-01-01 01:49:04.000000,2024-01-01 01:49:10.000000,6,-21.134715025906736,-21.0,8.126120887211504,0.1875,783.213718802556,2728.0,0.0,65.29015544041451,67.0,16.875733208660264,0.20833333333333334,14.134715025906736,12.0,9.82516364614733,0.11979166666666667
2024-01-01 01:49:06.000000,2024-01-01 01:49:12.000000,6,-21.33160621761658,-19.0,19.728202264629378,0.19270833333333334,987.6353536378153,2676.0,0.0,66.79274611398964,66.0,19.336885877524708,0.22916666666666666,13.865284974093264,11.0,21.427262790043315,0.11979166666666667
2024-01-01 01:49:08.000000,2024-01-01 01:49:14.000000,6,-20.88082901554404,-19.0,20.8759055526338,0.19270833333333334,951.2332543732223,2081.0,0.0,67.17098445595855,65.0,19.874522729195256,0.171875,10.782383419689118,9.0,22.818219614445304,0.171875
2024-01-01 01:49:10.000000,2024-01-01 01:49:16.000000,6,-20.626943005181346,-20.0,20.975573578814856,0.19270833333333334,921.3099345032264,1910.0,0.0,66.32642487046633,65.0,21.450820112668065,0.19270833333333334,9.896373056994818,8.0,22.56009653185842,0.21354166666666666
2024-01-01 01:49:12.000000,2024-01-01 01:49:18.000000,6,-19.83419689119171,-20.0,10.297323251628642,0.19270833333333334,891.5046924152498,1930.0,0.0,65.66321243523316,65.0,18.374448518976326,0.13541666666666666,10.0,8.0,12.70006561662839,0.16666666666666666
2024-01-01 01:49:14.000000,2024-01-01 01:49:20.000000,6,-19.761658031088082,-20.0,7.608601310574865,0.19270833333333334,950.3970432717626,2397.0,0.0,65.13471502590673,64.0,18.445654610419993,0.13541666666666666,12.419689119170984,10.0,10.807261539640052,0.13020833333333334
2024-01-01 01:49:16.000000,2024-01-01 01:49:22.000000,6,-21.6580310880829,-21.0,12.225619882846912,0.21875,993.3294973945175,2318.0,0.0,66.64248704663213,67.0,21.38539362389783,0.125,12.010362694300518,11.0,11.933404462066465,0.11979166666666667
2024-01-01 01:49:18.000000,2024-01-01 01:49:24.000000,6,-22.352331606217618,-21.0,12.575199106023378,0.171875,772.4747441130828,2327.0,0.0,66.79792746113989,67.0,19.934674456389065,0.16145833333333334,12.05699481865285,12.0,10.922161401107752,0.13020833333333334
2024-01-01 01:49:20.000000,2024-01-01 01:49:26.000000,6,-23.0,-23.0,12.869942372313353,0.171875,515.3086214459581,2155.0,0.0,66.46632124352331,66.0,18.809908610014528,0.171875,11.16580310880829,12.0,10.082651741904598,0.15104166666666666
2024-01-01 01:49:22.000000,2024-01-01 01:49:28.000000,6,-22.238341968911918,-23.0,10.90466172041182,0.15104166666666666,654.365667235734,2096.0,0.0,63.740932642487046,62.0,15.523008231084413,0.15625,10.860103626943005,10.0,9.619106095294867,0.16145833333333334
2024-01-01 01:49:24.000000,2024-01-01 01:49:30.000000,6,-23.05699481865285,-23.0,11.106579566718464,0.16145833333333334,679.1892951589224,1954.0,0.0,62.865284974093264,62.0,15.936151480420492,0.14583333333333334,10.124352331606218,9.0,9.098138415369156,0.13020833333333334
2024-01-01 01:49:26.000000,2024-01-01 01:49:32.000000,6,-23.015544041450777,-21.0,10.384020518294081,0.14583333333333334,689.4316966839486,2131.9999999999995,0.0,62.69948186528497,62.0,16.776808451355446,0.13541666666666666,11.046632124352332,10.0,9.180079290825192,0.13541666666666666
2024-01-01 01:49:28.000000,2024-01-01 01:49:34.000000,6,-22.05181347150259,-21.0,7.523394715709076,0.171875,615.9778822097333,2348.0,0.0,62.7720207253886,62.0,16.14420189261668,0.13541666666666666,12.16580310880829,11.0,7.86563408008949,0.09895833333333333
2024-01-01 01:49:30.000000,2024-01-01 01:49:36.000000,6,-20.569948186528496,-21.0,6.022226929035588,0.171875,685.1325682843766,2372.0,0.0,62.487046632124354,62.0,17.460702546566935,0.125,12.290155440414507,11.0,7.844767130379274,0.08854166666666667
2024-01-01 01:49:32.000000,2024-01-01 01:49:38.000000,6,-19.989637305699482,-20.0,5.410242636758629,0.15625,614.7740245387015,2363.0,0.0,62.24352331606217,63.0,17.913791591627263,0.13020833333333334,12.243523316062177,12.0,7.170379756674142,0.08854166666666667
2024-01-01 01:49:34.000000,2024-01-01 01:49:40.000000,6,-19.66321243523316,-19.0,5.845719947948623,0.17708333333333334,561.3582180860844,2159.0,0.0,62.79274611398964,64.0,17.686757912076892,0.13541666666666666,11.186528497409327,11.0,6.494101880943128,0.125
2024-01-01 01:49:36.000000,2024-01-01 01:49:42.000000,6,-18.66321243523316,-19.0,6.102044059972403,0.16666666666666666,606.9526358207268,2154.0,0.0,61.943005181347154,64.0,17.627862216914302,0.13020833333333334,11.160621761658032,11.0,6.854902718351709,0.13020833333333334
2024-01-01 01:49:38.000000,2024-01-01 01:49:44.000000,6,-18.186528497409327,-18.0,6.703266062654515,0.16145833333333334,605.5373611779156,2165.0,0.0,61.95854922279793,63.0,17.219125206707897,0.125,11.217616580310882,11.0,7.065489818339348,0.13020833333333334
2024-01-01 01:49:40.000000,2024-01-01 01:49:46.000000,6,-18.05181347150259,-18.0,6.672191147968253,0.16666666666666666,484.15990396174,2415.0,0.0,62.233160621761655,63.0,17.15075735876624,0.14583333333333334,12.512953367875648,12.0,7.522264735637962,0.15104166666666666
2024-01-01 01:49:42.000000,2024-01-01 01:49:48.000000,6,-20.632124352331605,-20.0,8.250909302482318,0.16145833333333334,568.0690837673445,2537.0,0.0,62.1139896373057,63.0,18.533962663735068,0.15104166666666666,13.145077720207254,12.0,8.826433377406929,0.15104166666666666
2024-01-01 01:49:44.000000,2024-01-01 01:49:50.000000,6,-29.196891191709845,-24.0,17.67892432488397,0.057291666666666664,857.4177066896358,1829.0,0.0,54.4300518134715,59.0,26.405620623612204,0.09895833333333333,9.476683937823834,10.0,11.714072972844503,0.09895833333333333
2024-01-01 01:49:46.000000,2024-01-01 01:49:52.000000,6,-30.05181347150259,-27.0,17.485631283476515,0.08333333333333333,827.7873453166035,1745.0000000000002,0.0,55.005181347150256,59.0,26.467845549152983,0.11979166666666667,9.041450777202073,10.0,11.301195639589807,0.08854166666666667
2024-01-01 01:49:48.000000,2024-01-01 01:49:54.000000,6,-28.362694300518136,-25.0,17.823295178958062,0.09895833333333333,608.0085268604138,1737.0000000000002,0.0,55.818652849740936,58.0,26.20319764696161,0.11979166666666667,9.0,10.0,10.420332688227058,0.09895833333333333
2024-01-01 01:49:50.000000,2024-01-01 01:49:56.000000,6,-20.305699481865286,-20.0,7.0728956420539015,0.16145833333333334,535.3084286092628,2411.0,0.0,62.66321243523316,65.0,16.74799565251052,0.13541666666666666,12.492227979274611,12.0,7.396592100268527,0.109375
2024-01-01 01:49:52.000000,2024-01-01 01:49:58.000000,6,-19.984455958549223,-19.0,6.485140614591097,0.18229166666666666,560.8799369305848,2404.0,0.0,62.59585492227979,63.0,16.73980981758284,0.14583333333333334,12.455958549222798,11.0,7.957529076181429,0.09895833333333333
2024-01-01 01:49:54.000000,2024-01-01 01:50:00.000000,6,-20.699481865284973,-20.0,6.640536008496466,0.16145833333333334,568.191891025679,2442.0,0.0,63.424870466321245,64.0,14.69359990738627,0.17708333333333334,12.652849740932643,11.0,8.162331204432116,0.109375
2024-01-01 01:49:56.000000,2024-01-01 01:50:02.000000,6,-21.27979274611399,-20.0,7.350910938345585,0.16145833333333334,648.8246782127953,2558.0000000000005,0.0,64.78756476683938,65.0,13.844427683834342,0.18229166666666666,13.253886010362693,11.0,8.631507082066955,0.140625
2024-01-01 01:49:58.000000,2024-01-01 01:50:04.000000,6,-21.60103626943005,-20.0,7.501485891956296,0.15104166666666666,689.9717176695627,2558.0,0.0,65.02590673575129,65.0,12.536378411597045,0.17708333333333334,13.253886010362693,12.0,8.423231634855988,0.15104166666666666
2024-01-01 01:50:00.000000,2024-01-01 01:50:06.000000,6,-21.3419689119171,-20.0,8.509011782801917,0.16666666666666666,677.6753758319212,2372.0,0.0,65.860103626943,66.0,12.780034640245393,0.19270833333333334,12.290155440414507,11.0,8.540269589609709,0.171875
2024-01-01 01:50:02.000000,2024-01-01 01:50:08.000000,6,-20.300518134715027,-20.0,8.483614706016425,0.16145833333333334,593.0819509133536,2238.0,0.0,65.65284974093264,66.0,12.555655459759148,0.21354166666666666,11.595854922279793,10.0,8.343059953968297,0.16145833333333334
2024-01-01 01:50:04.000000,2024-01-01 01:50:10.000000,6,-19.917098445595855,-19.0,9.06075373265379,0.15104166666666666,515.6139140181775,2163.0,0.0,64.73056994818653,66.0,12.824534924418662,0.21354166666666666,11.207253886010363,10.0,7.967940267539732,0.19270833333333334
2024-01-01 01:50:06.000000,2024-01-01 01:50:12.000000,6,-22.82383419689119,-21.0,12.309382084641758,0.15104166666666666,519.5470779835779,2141.0,0.0,61.968911917098445,66.0,17.71443230337181,0.15625,11.093264248704664,11.0,8.025454700099587,0.22916666666666666
2024-01-01 01:50:08.000000,2024-01-01 01:50:14.000000,6,-31.740932642487046,-27.0,20.835797349969138,0.09895833333333333,543.1481065059116,1797.0,0.0,52.92227979274612,59.0,26.853366699704683,0.09375,9.310880829015543,10.0,9.102811822413225,0.17708333333333334
2024-01-01 01:50:10.000000,2024-01-01 01:50:16.000000,6,-31.186528497409327,-26.0,20.873039450610342,0.08333333333333333,423.7208593026447,1582.0,0.0,52.082901554404145,56.0,27.624969228407597,0.08333333333333333,8.196891191709845,9.0,8.523410816782254,0.19270833333333334
2024-01-01 01:50:12.000000,2024-01-01 01:50:18.000000,6,-27.974093264248705,-23.0,20.00948609232023,0.08854166666666667,423.95868240523845,1610.0,0.0,53.07253886010363,56.0,26.149707660089,0.09375,8.341968911917098,9.0,7.972423189963132,0.18229166666666666
2024-01-01 01:50:14.000000,2024-01-01 01:50:20.000000,6,-19.05699481865285,-19.0,6.349365559265065,0.16666666666666666,496.8444813465858,2123.0,0.0,62.30569948186528,64.0,16.703755149567964,0.15625,11.0,9.0,7.120246952646141,0.140625
2024-01-01 01:50:16.000000,2024-01-01 01:50:22.000000,0,-19.33678756476684,-19.0,5.619492122055558,0.171875,663.5375097473415,2240.0,0.0,62.58031088082902,63.0,15.456087861622136,0.17708333333333334,11.606217616580311,10.0,8.184739527920016,0.09895833333333333
2024-01-01 01:50:18.000000,2024-01-01 01:50:24.000000,0,-19.72020725388601,-19.0,5.675647536345268,0.16145833333333334,643.8105038734341,2163.0,0.0,62.89637305699482,62.0,14.37734174062682,0.20833333333333334,11.207253886010363,9.0,8.45259755580582,0.09375
2024-01-01 01:50:20.000000,2024-01-01 01:50:26.000000,0,-20.60621761658031,-19.0,5.4829625027500475,0.15104166666666666,729.6389810530831,1995.0,0.0,63.398963730569946,63.0,13.894370823726396,0.21354166666666666,10.336787564766839,8.0,8.488690027119095,0.08854166666666667
2024-01-01 01:50:22.000000,2024-01-01 01:50:28.000000,0,-20.849740932642487,-20.0,5.52298345884733,0.140625,576.4892501436083,2120.0,0.0,64.2279792746114,64.0,13.113679425809583,0.20833333333333334,10.984455958549223,9.0,7.96311593898303,0.11979166666666667
2024-01-01 01:50:24.000000,2024-01-01 01:50:30.000000,0,-21.295336787564768,-21.0,5.727385694292964,0.16145833333333334,564.2673124960593,2341.0,0.0,63.47150259067357,64.0,13.388445979698144,0.21875,12.129533678756477,10.0,7.837464001123826,0.14583333333333334
2024-01-01 01:50:26.000000,2024-01-01 01:50:32.000000,0,-20.849740932642487,-21.0,6.091593630025552,0.16145833333333334,501.8500198071861,2576.0,0.0,63.29015544041451,64.0,14.540846077969892,0.19270833333333334,13.347150259067357,12.0,7.179883984033418,0.15104166666666666
2024-01-01 01:50:28.000000,2024-01-01 01:50:34.000000,0,-20.430051813471504,-21.0,8.067200083349945,0.15625,599.6240799426217,2329.0,0.0,62.49740932642487,62.0,14.972587574301269,0.1875,12.067357512953368,11.0,8.487160754244835,0.13020833333333334
2024-01-01 01:50:30.000000,2024-01-01 01:50:36.000000,0,-19.83937823834197,-19.0,8.356017269692478,0.15104166666666666,558.6718845570794,2194.0,0.0,62.424870466321245,62.0,15.80301273718639,0.1875,11.367875647668393,11.0,7.922436766411536,0.16666666666666666
2024-01-01 01:50:32.000000,2024-01-01 01:50:38.000000,0,-19.626943005181346,-19.0,8.298826440745083,0.14583333333333334,520.1604449762095,2061.0,0.0,62.16062176165803,63.0,16.125164844988895,0.18229166666666666,10.678756476683938,10.0,8.001328959133136,0.171875
2024-01-01 01:50:34.000000,2024-01-01 01:50:40.000000,0,-20.28497409326425,-19.0,7.299873866229952,0.16666666666666666,578.6551087404233,2161.0,0.0,62.9119170984456,63.0,16.852840789011157,0.20833333333333334,11.196891191709845,10.0,9.284989604282858,0.171875
2024-01-01 01:50:36.000000,2024-01-01 01:50:42.000000,0,-21.243523316062177,-21.0,7.655864583545671,0.16666666666666666,711.964067341067,2173.0,0.0,63.33160621761658,63.0,16.9473414216152,0.19791666666666666,11.259067357512953,10.0,9.945436200035722,0.17708333333333334
2024-01-01 01:50:38.000000,2024-01-01 01:50:44.000000,0,-21.740932642487046,-21.0,8.043840368608,0.16666666666666666,685.2158006239313,2327.0,0.0,64.44559585492227,64.0,15.963121359036151,0.21354166666666666,12.05699481865285,12.0,10.977812153241103,0.13020833333333334
2024-01-01 01:50:40.000000,2024-01-01 01:50:46.000000,0,-21.94818652849741,-20.0,10.804002408753862,0.15104166666666666,763.4596637959285,2286.0,0.0,65.04145077720207,65.0,14.536532354185551,0.21354166666666666,11.844559585492227,11.0,12.06349019846937,0.14583333333333334
2024-01-01 01:50:42.000000,2024-01-01 01:50:48.000000,0,-22.471502590673577,-20.0,11.91989173963542,0.140625,769.3287326209555,1983.0000000000002,0.0,65.94300518134715,65.0,13.915364158793977,0.22916666666666666,10.27461139896373,11.0,13.560521283431955,0.10416666666666667
2024-01-01 01:50:44.000000,2024-01-01 01:50:50.000000,0,-23.06217616580311,-20.0,12.256217360574073,0.109375,718.8523243445258,1901.0,0.0,67.03108808290155,66.0,12.773225062505135,0.17708333333333334,9.849740932642487,10.0,13.217460533452252,0.10416666666666667
2024-01-01 01:50:46.000000,2024-01-01 01:50:52.000000,0,-23.590673575129532,-22.0,10.583168440095509,0.140625,967.6426031787914,1988.0,0.0,66.69948186528498,66.0,14.316105795460054,0.18229166666666666,10.300518134715025,11.0,13.858768649491854,0.09375
2024-01-01 01:50:48.000000,2024-01-01 01:50:54.000000,0,-22.414507772020727,-20.0,9.93595097419759,0.15104166666666666,1034.0137825550785,2382.0,0.0,65.29015544041451,65.0,14.84428749822231,0.1875,12.341968911917098,12.0,14.400779429827004,0.11458333333333333
2024-01-01 01:50:50.000000,2024-01-01 01:50:56.000000,0,-21.27461139896373,-19.0,10.459357252961471,0.20833333333333334,1234.9598538234227,2491.0,0.0,65.11398963730569,65.0,15.82513365991133,0.15104166666666666,12.906735751295336,13.0,15.551380104137078,0.13541666666666666
2024-01-01 01:50:52.000000,2024-01-01 01:50:58.000000,0,-20.139896373056995,-19.0,10.67640086386195,0.21354166666666666,1211.4079250016644,2431.0,0.0,65.93264248704664,66.0,15.915814389103492,0.16145833333333334,12.595854922279793,11.0,14.189285255507981,0.15625
2024-01-01 01:50:54.000000,2024-01-01 01:51:00.000000,0,-20.378238341968913,-19.0,10.01805365146996,0.1875,951.783742494011,2291.0,0.0,65.73575129533678,66.0,15.149519264248083,0.19270833333333334,11.870466321243523,11.0,12.272462750764893,0.15104166666666666
2024-01-01 01:50:56.000000,2024-01-01 01:51:02.000000,0,-20.751295336787564,-20.0,8.708252245286088,0.203125,822.9288897929304,2148.0,0.0,64.139896373057,63.0,14.769271097085516,0.20833333333333334,11.129533678756477,11.0,10.541031352240248,0.125
2024-01-01 01:50:58.000000,2024-01-01 01:51:04.000000,0,-21.316062176165804,-20.0,8.361531523158938,0.203125,756.4673832428057,2280.0,0.0,63.751295336787564,63.0,13.709421596145612,0.19791666666666666,11.813471502590673,12.0,10.442622239651737,0.13020833333333334
2024-01-01 01:51:00.000000,2024-01-01 01:51:06.000000,0,-21.139896373056995,-20.0,7.8525549179362955,0.19791666666666666,665.5380771147188,2523.0,0.0,64.80829015544042,62.0,13.59800589236174,0.18229166666666666,13.072538860103627,12.0,9.822641907422401,0.15104166666666666
2024-01-01 01:51:02.000000,2024-01-01 01:51:08.000000,0,-21.5440414507772,-21.0,8.167477313402193,0.171875,723.873404490643,2593.0,0.0,65.47668393782384,64.0,13.413718311730687,0.19270833333333334,13.435233160621761,12.0,9.88934622841982,0.17708333333333334
2024-01-01 01:51:04.000000,2024-01-01 01:51:10.000000,0,-21.186528497409327,-21.0,6.677576349749642,0.140625,771.4944751235823,2722.0,0.0,65.69430051813471,66.0,14.017281694277186,0.18229166666666666,14.103626943005182,13.0,9.63768846041952,0.15104166666666666
2024-01-01 01:51:06.000000,2024-01-01 01:51:12.000000,0,-20.72538860103627,-20.0,8.921663007071295,0.16666666666666666,910.192466281981,2662.0,0.0,65.70466321243524,66.0,15.313761139071126,0.19270833333333334,13.792746113989637,13.0,11.030665079997725,0.171875
2024-01-01 01:51:08.000000,2024-01-01 01:51:14.000000,0,-19.932642487046632,-19.0,8.49819967218903,0.16145833333333334,1007.2988284447855,2625.0,0.0,65.17098445595855,65.0,16.150876768149935,0.16666666666666666,13.601036269430052,13.0,11.373461386954839,0.140625
2024-01-01 01:51:10.000000,2024-01-01 01:51:16.000000,0,-19.66839378238342,-18.0,8.87317387376849,0.16666666666666666,1002.6418531220013,2467.0,0.0,65.34715025906736,63.0,17.21822873267881,0.15625,12.782383419689118,12.0,11.273785065646342,0.13020833333333334
2024-01-01 01:51:12.000000,2024-01-01 01:51:18.000000,0,-19.89637305699482,-19.0,7.398594834613549,0.16666666666666666,884.410384359147,2613.0,0.0,65.29533678756476,65.0,17.886238571162046,0.14583333333333334,13.538860103626943,12.0,9.56282911994155,0.13020833333333334
2024-01-01 01:51:14.000000,2024-01-01 01:51:20.000000,0,-19.792746113989637,-19.0,7.667473863040846,0.1875,757.4305792313992,2777.0,0.0,64.21761658031087,65.0,19.169319576858324,0.14583333333333334,14.38860103626943,13.0,8.859392062676044,0.13020833333333334
2024-01-01 01:51:16.000000,2024-01-01 01:51:22.000000,0,-19.383419689119172,-20.0,7.885781952020907,0.18229166666666666,713.7497051188643,2795.0,0.0,63.32642487046632,64.0,18.720314727750832,0.14583333333333334,14.481865284974093,14.0,8.615691392410557,0.15625
2024-01-01 01:51:18.000000,2024-01-01 01:51:24.000000,0,-19.373056994818654,-20.0,7.572269824405996,0.17708333333333334,694.3205944355633,2774.0,0.0,63.44559585492228,62.0,18.523026035810563,0.15104166666666666,14.373056994818652,14.0,8.836813356273273,0.16666666666666666
2024-01-01 01:51:20.000000,2024-01-01 01:51:26.000000,0,-19.647668393782382,-20.0,7.137796057336696,0.14583333333333334,643.5749852701662,2721.0000000000005,0.0,64.09326424870466,64.0,17.196523577262663,0.203125,14.098445595854923,14.0,8.67141182206855,0.16666666666666666
2024-01-01 01:51:22.000000,2024-01-01 01:51:28.000000,0,-19.746113989637305,-19.0,6.733993206691854,0.16145833333333334,730.5645404466444,2707.0000000000005,0.0,63.09844559585492,63.0,17.28937678618223,0.19270833333333334,14.025906735751295,13.0,8.666527582914807,0.140625
2024-01-01 01:51:24.000000,2024-01-01 01:51:30.000000,0,-19.533678756476682,-19.0,6.488784831057745,0.18229166666666666,752.6659983382626,2589.0,0.0,62.310880829015545,63.0,16.350227309559525,0.21354166666666666,13.414507772020725,12.0,8.310648095164302,0.10416666666666667
2024-01-01 01:51:26.000000,2024-01-01 01:51:32.000000,0,-20.974093264248705,-21.0,8.84026962326884,0.19791666666666666,739.5094718403391,2235.0,0.0,62.512953367875646,62.0,16.667742301214314,0.19270833333333334,11.580310880829016,10.0,9.683804451394591,0.11979166666666667
2024-01-01 01:51:28.000000,2024-01-01 01:51:34.000000,0,-21.150259067357513,-21.0,8.989184035274533,0.20833333333333334,491.2289311273719,2136.0,0.0,63.715025906735754,63.0,19.31392611035364,0.16666666666666666,11.067357512953368,10.0,9.784161401727816,0.13541666666666666
2024-01-01 01:51:30.000000,2024-01-01 01:51:36.000000,0,-20.72538860103627,-20.0,11.11831390747166,0.19270833333333334,541.323197605726,2271.0,0.0,64.58031088082902,61.0,20.349422235521004,0.140625,11.766839378238341,10.0,10.467337036989937,0.15104166666666666
2024-01-01 01:51:32.000000,2024-01-01 01:51:38.000000,0,-20.38860103626943,-19.0,12.62187562871992,0.18229166666666666,1057.7158673306656,2260.0,0.0,65.87564766839378,63.0,21.29444072894494,0.11458333333333333,11.709844559585493,11.0,13.421017273784145,0.14583333333333334
2024-01-01 01:51:34.000000,2024-01-01 01:51:40.000000,0,-20.39896373056995,-20.0,12.742702117442988,0.19791666666666666,1217.8392755497832,2454.0,0.0,66.58031088082902,65.0,19.424936344456395,0.11458333333333333,12.715025906735752,12.0,13.984240837321142,0.13020833333333334
2024-01-01 01:51:36.000000,2024-01-01 01:51:42.000000,0,-20.419689119170986,-20.0,11.090772530329724,0.1875,1145.4149398871014,2155.0,0.0,65.66321243523316,63.0,18.525757520540008,0.11979166666666667,11.16580310880829,10.0,13.669212345579094,0.109375
2024-01-01 01:51:38.000000,2024-01-01 01:51:44.000000,0,-18.694300518134714,-17.0,8.551000103109873,0.171875,654.6611207783986,2362.0,0.0,64.26943005181347,61.0,18.347341661059072,0.11458333333333333,12.238341968911918,11.0,9.324317521224533,0.13541666666666666
2024-01-01 01:51:40.000000,2024-01-01 01:51:46.000000,0,-18.155440414507773,-17.0,10.8025211147784,0.15625,572.8603618971385,2321.0,0.0,63.89637305699482,62.0,17.82553287263629,0.125,12.025906735751295,12.0,8.242695777399312,0.16145833333333334
2024-01-01 01:51:42.000000,2024-01-01 01:51:48.000000,0,-18.40414507772021,-16.0,13.782627327987075,0.14583333333333334,587.6867671928105,2165.0,0.0,64.6839378238342,64.0,18.40880114001943,0.140625,11.217616580310882,12.0,9.623338629241779,0.1875
2024-01-01 01:51:44.000000,2024-01-01 01:51:50.000000,0,-20.041450777202073,-19.0,13.88263085841261,0.171875,500.3396370852282,2195.0000000000005,0.0,64.24870466321244,61.0,16.96351203321009,0.140625,11.373056994818652,12.0,10.37854856391825,0.15104166666666666
2024-01-01 01:51:46.000000,2024-01-01 01:51:52.000000,0,-21.238341968911918,-21.0,12.171739011741428,0.15104166666666666,645.0259389591711,2178.0,0.0,62.81347150259067,60.0,16.277746339918675,0.15104166666666666,11.284974093264248,12.0,10.776934867091555,0.14583333333333334
2024-01-01 01:51:48.000000,2024-01-01 01:51:54.000000,0,-20.963730569948186,-21.0,8.425144074556197,0.15625,688.7945937174421,2220.0,0.0,61.90155440414508,60.0,13.610108363072527,0.16145833333333334,11.50259067357513,12.0,10.190438917769324,0.109375
2024-01-01 01:51:50.000000,2024-01-01 01:51:56.000000,0,-19.989637305699482,-20.0,7.4693747209478145,0.15104166666666666,689.0441485089455,2038.0000000000002,0.0,61.93782383419689,60.0,12.610605219006635,0.18229166666666666,10.55958549222798,11.0,9.716171219190292,0.08854166666666667
2024-01-01 01:51:52.000000,2024-01-01 01:51:58.000000,0,-18.621761658031087,-18.0,6.403688960049813,0.171875,989.3798198359842,1750.0,0.0,62.66321243523316,60.0,12.737148099548994,0.16666666666666666,9.067357512953368,9.0,8.74110391589036,0.07291666666666667
2024-01-01 01:51:54.000000,2024-01-01 01:52:00.000000,0,-17.580310880829014,-18.0,6.080623760726893,0.21875,829.1397659190643,1961.0,0.0,62.424870466321245,60.0,13.97862218669429,0.14583333333333334,10.160621761658032,10.0,7.514576364954468,0.125
2024-01-01 01:51:56.000000,2024-01-01 01:52:02.000000,0,-16.269430051813472,-18.0,6.363956790207949,0.19270833333333334,755.2456767623048,2092.0,0.0,62.81347150259067,60.0,15.097820788888788,0.13020833333333334,10.839378238341968,12.0,7.231305180352922,0.11458333333333333
2024-01-01 01:51:58.000000,2024-01-01 01:52:04.000000,0,-18.70984455958549,-18.0,14.319594547212075,0.19270833333333334,709.2890954800874,2038.0,0.0,60.74611398963731,58.0,17.135878476881153,0.11458333333333333,10.55958549222798,13.0,12.22948212969878,0.11979166666666667
2024-01-01 01:52:00.000000,2024-01-01 01:52:06.000000,8,-30.797927461139896,-23.0,22.367330991475285,0.06770833333333333,1068.7510994760326,839.0000000000001,0.16580310880829016,52.715025906735754,52.0,19.670902583838576,0.109375,4.347150259067358,2.0,14.52866077875658,0.08854166666666667
2024-01-01 01:52:02.000000,2024-01-01 01:52:08.000000,8,-44.50259067357513,-49.0,21.660766268458456,0.08854166666666667,890.6727063690123,591.0,0.3316062176165803,40.86010362694301,38.0,19.182134537268578,0.06770833333333333,-3.062176165803109,-7.0,13.805428786880816,0.13020833333333334
2024-01-01 01:52:04.000000,2024-01-01 01:52:10.000000,8,-55.55440414507772,-55.0,13.29193026576587,0.13020833333333334,339.4577151655045,1789.0000000000002,0.0,29.854922279792746,29.0,14.110046993748927,0.09895833333333333,-9.26943005181347,-10.0,7.0245068173953555,0.11979166666666667
2024-01-01 01:52:06.000000,2024-01-01 01:52:12.000000,8,-58.30569948186528,-56.0,12.493949312769429,0.11458333333333333,390.24645235527436,1797.0,0.0,24.968911917098445,23.0,11.813616232864918,0.10416666666666667,-9.310880829015543,-10.0,6.767472428777674,0.140625
2024-01-01 01:52:08.000000,2024-01-01 01:52:14.000000,8,-57.55440414507772,-56.0,13.26604350173716,0.11458333333333333,402.60253758800536,1798.0000000000002,0.0,27.585492227979273,27.0,13.745612818701757,0.11458333333333333,-9.316062176165802,-10.0,6.607177366025069,0.16145833333333334
2024-01-01 01:52:10.000000,2024-01-01 01:52:16.000000,8,-56.46632124352332,-54.0,12.027319398648167,0.10416666666666667,415.12163409862495,1921.0,0.0,30.031088082901555,28.0,12.36675092728116,0.125,-9.953367875647668,-9.0,6.662464943185139,0.171875
2024-01-01 01:52:12.000000,2024-01-01 01:52:18.000000,8,-55.38341968911917,-53.0,13.62894188830588,0.125,354.2757611602449,2189.0,0.0,31.39378238341969,29.0,12.733255454644334,0.11458333333333333,-11.341968911917098,-11.0,8.722405909678542,0.18229166666666666
2024-01-01 01:52:14.000000,2024-01-01 01:52:20.000000,8,-47.19170984455958,-48.0,19.676009442517504,0.10416666666666667,780.6576893399847,1628.0,0.0,36.803108808290155,33.0,21.79694623760343,0.08854166666666667,-8.435233160621761,-9.0,13.810367560600792,0.13020833333333334
2024-01-01 01:52:16.000000,2024-01-01 01:52:22.000000,8,-36.715025906735754,-30.0,21.510816855624064,0.07291666666666667,1387.2678221358776,155.00000000000006,0.16580310880829016,46.76165803108808,50.0,24.09411194814925,0.057291666666666664,-0.8031088082901554,5.0,15.137308720012754,0.06770833333333333
2024-01-01 01:52:18.000000,2024-01-01 01:52:24.000000,8,-23.362694300518136,-20.0,14.030215050725438,0.140625,629.557011507497,1433.0,0.0,58.84455958549223,58.0,20.36635000276762,0.16145833333333334,7.424870466321243,10.0,12.257047424713479,0.140625
2024-01-01 01:52:20.000000,2024-01-01 01:52:26.000000,8,-27.512953367875646,-22.0,19.012635274636594,0.09895833333333333,577.4868601669926,1592.0,0.0,54.41450777202073,56.0,22.841715239775482,0.11979166666666667,8.248704663212436,10.0,9.472015299512398,0.15104166666666666
2024-01-01 01:52:22.000000,2024-01-01 01:52:28.000000,8,-37.79274611398964,-35.0,22.526108676535348,0.07291666666666667,1656.5514654511649,367.0000000000001,-0.16580310880829016,44.47150259067357,40.0,23.933947001792845,0.057291666666666664,-1.9015544041450778,-1.0,16.369294415294043,0.057291666666666664
2024-01-01 01:52:24.000000,2024-01-01 01:52:30.000000,8,-49.248704663212436,-49.0,17.702704327329872,0.125,1069.2103296907362,2258.0,0.0,35.26943005181347,31.0,18.732768420452448,0.09375,-11.699481865284975,-15.0,13.306986328496949,0.09895833333333333
2024-01-01 01:52:26.000000,2024-01-01 01:52:32.000000,8,-42.04663212435233,-45.0,20.04195863147705,0.09375,1125.909935199984,2241.0,0.0,41.83419689119171,41.0,16.20260625584246,0.08854166666666667,-11.61139896373057,-15.0,12.372654433071641,0.08333333333333333
2024-01-01 01:52:28.000000,2024-01-01 01:52:34.000000,8,-34.79274611398964,-39.0,19.74758817612287,0.03125,1565.8524992727698,1116.0,-0.16580310880829016,46.27461139896373,53.0,23.372264277951572,0.041666666666666664,-5.782383419689119,-8.0,14.109478954697687,0.03125
2024-01-01 01:52:30.000000,2024-01-01 01:52:36.000000,8,-33.523316062176164,-38.0,19.485056383798145,0.03125,1785.4269198288507,1507.0,-0.16580310880829016,26.352331606217618,53.0,43.66468118005823,0.005208333333333333,-7.808290155440415,-2.0,19.051452637057313,0.03125
2024-01-01 01:52:32.000000,2024-01-01 01:52:38.000000,8,-35.067357512953365,-36.0,17.79046507734955,0.041666666666666664,1986.4509639418363,1173.9999999999998,0.16580310880829016,25.93782383419689,52.0,44.44760807950903,0.010416666666666666,-6.082901554404145,-1.0,20.310951681390986,0.03125
2024-01-01 01:52:34.000000,2024-01-01 01:52:40.000000,8,-31.145077720207254,-28.0,17.138519271876145,0.057291666666666664,2045.0457296994575,53.00000000000007,-0.16580310880829016,31.694300518134714,56.0,44.18032200837137,0.005208333333333333,-0.27461139896373055,8.0,21.223322175028997,0.046875
2024-01-01 01:52:36.000000,2024-01-01 01:52:42.000000,8,-22.0,-21.0,11.340836976754993,0.1171875,652.3534297846015,2320.0,0.0,60.994818652849744,60.0,15.293822762163938,0.16666666666666666,12.020725388601036,12.0,9.560094223092387,0.16666666666666666
2024-01-01 01:52:38.000000,2024-01-01 01:52:44.000000,8,-21.626943005181346,-21.0,11.236830230404973,0.125,716.8708589247891,2354.0000000000005,0.0,61.63212435233161,61.0,13.120213577445654,0.17708333333333334,12.196891191709845,13.0,10.368350814777994,0.171875
2024-01-01 01:52:40.000000,2024-01-01 01:52:46.000000,8,-17.78238341968912,-19.0,16.00372028747453,0.10416666666666667,1171.726280879188,2972.0,0.0,59.07772020725388,58.0,16.224954127582045,0.11979166666666667,15.398963730569948,14.0,17.695085209945145,0.109375
2024-01-01 01:52:42.000000,2024-01-01 01:52:48.000000,8,-18.11917098445596,-20.0,15.303230028629699,0.11458333333333333,1198.2367963086188,3055.0,0.0,58.979274611398964,60.0,16.925682700787508,0.11458333333333333,15.82901554404145,14.0,17.846766384417247,0.09375
2024-01-01 01:52:44.000000,2024-01-01 01:52:50.000000,8,-15.689119170984457,-18.0,13.365718576801843,0.13020833333333334,1315.9099021658858,2966.0,0.0,60.5699481865285,59.0,15.99532902187807,0.140625,15.367875647668393,12.0,17.00074765957239,0.06770833333333333
2024-01-01 01:52:46.000000,2024-01-01 01:52:52.000000,8,-21.238341968911918,-21.0,8.612925204014497,0.13020833333333334,749.8511374532316,2026.0,0.0,62.424870466321245,61.0,13.343061676579648,0.17708333333333334,10.49740932642487,10.0,8.635033024649502,0.11458333333333333
2024-01-01 01:52:48.000000,2024-01-01 01:52:54.000000,8,-20.72538860103627,-21.0,10.528840747129339,0.14583333333333334,715.6720002277639,1711.0,0.0,63.020725388601036,61.0,12.95141504062024,0.19270833333333334,8.865284974093264,9.0,8.659200733338025,0.11458333333333333
2024-01-01 01:52:50.000000,2024-01-01 01:52:56.000000,8,-20.927461139896373,-21.0,9.872358416716718,0.140625,535.0972617070885,2101.0,0.0,61.512953367875646,60.0,14.337127214090778,0.17708333333333334,10.8860103626943,11.0,7.750501404472188,0.10416666666666667
2024-01-01 01:52:52.000000,2024-01-01 01:52:58.000000,8,-21.616580310880828,-21.0,11.730397421293336,0.19270833333333334,517.7694920333727,2111.0,0.0,62.20725388601036,62.0,16.45032133750223,0.171875,10.937823834196891,11.0,8.373835082543557,0.11979166666666667
2024-01-01 01:52:54.000000,2024-01-01 01:53:00.000000,8,-21.704663212435232,-20.0,9.941015050009984,0.13020833333333334,546.7215663125053,2222.0,0.0,61.67357512953368,61.0,16.486489928808723,0.15104166666666666,11.512953367875648,11.0,6.7121693030660685,0.11458333333333333
2024-01-01 01:52:56.000000,2024-01-01 01:53:02.000000,8,-25.212435233160623,-25.0,11.173883742590077,0.13541666666666666,619.0598244479266,1708.0,0.0,62.90155440414508,62.0,19.137268604860434,0.140625,8.849740932642487,10.0,9.73573809665714,0.11979166666666667
2024-01-01 01:52:58.000000,2024-01-01 01:53:04.000000,8,-30.409326424870468,-29.0,13.588955229576463,0.078125,1270.4748826646903,211.0,-0.16580310880829016,56.75647668393783,58.0,21.41474793660331,0.11979166666666667,1.0932642487046633,4.0,13.483076051480879,0.08854166666666667
2024-01-01 01:53:00.000000,2024-01-01 01:53:06.000000,8,-35.38341968911917,-35.0,14.044502732201614,0.13541666666666666,1250.6397442006557,558.0,0.16580310880829016,54.97409326424871,56.0,20.785470494524695,0.09895833333333333,-2.8911917098445596,-4.0,13.104689647600619,0.07291666666666667
2024-01-01 01:53:02.000000,2024-01-01 01:53:08.000000,8,-30.321243523316063,-30.0,18.594365592268247,0.09375,1068.5113958195445,1038.0,-0.16580310880829016,54.487046632124354,56.0,17.508958661773384,0.125,-5.3782383419689115,-7.0,14.75165749886197,0.125
2024-01-01 01:53:04.000000,2024-01-01 01:53:10.000000,8,-31.139896373056995,-27.0,22.826248459595927,0.10416666666666667,1193.519188667011,676.0,0.3316062176165803,53.56476683937824,56.0,17.79563388846343,0.10416666666666667,-3.5025906735751295,-2.0,15.086253522223059,0.16666666666666666
2024-01-01 01:53:06.000000,2024-01-01 01:53:12.000000,8,-35.77720207253886,-36.0,24.04741623433783,0.0625,940.2801521541845,1527.0,0.0,45.27461139896373,48.0,21.031529603868833,0.09375,-7.9119170984455955,-8.0,15.012755443058797,0.11458333333333333
2024-01-01 01:53:08.000000,2024-01-01 01:53:14.000000,8,-39.637305699481864,-37.0,19.727124330971364,0.057291666666666664,1278.5487904260167,859.0,-0.16580310880829016,45.424870466321245,48.0,21.008574715379325,0.07291666666666667,-4.450777202072539,-1.0,13.47369783121833,0.10416666666666667
2024-01-01 01:53:10.000000,2024-01-01 01:53:16.000000,8,-34.52849740932643,-31.0,14.224775420065356,0.078125,1021.9215156653298,454.0,0.3316062176165803,50.056994818652846,52.0,19.12872690497674,0.11979166666666667,-2.3523316062176165,-1.0,12.271673312530146,0.08854166666666667
2024-01-01 01:53:12.000000,2024-01-01 01:53:18.000000,8,-24.27979274611399,-24.0,8.013949814135897,0.11979166666666667,722.9467970036553,1314.9999999999998,0.0,60.310880829015545,58.0,12.075575199865192,0.21875,6.813471502590674,6.0,8.386896082981814,0.07291666666666667
2024-01-01 01:53:14.000000,2024-01-01 01:53:20.000000,8,-21.792746113989637,-22.0,9.116065787411502,0.109375,592.3547308228237,1706.0,0.0,60.424870466321245,59.0,11.388307376647706,0.20833333333333334,8.839378238341968,10.0,8.462546382624183,0.109375
2024-01-01 01:53:16.000000,2024-01-01 01:53:22.000000,8,-18.476683937823836,-18.0,9.35307020607633,0.13541666666666666,690.2273193594086,2401.0000000000005,0.0,61.61658031088083,60.0,10.742154827042476,0.20833333333333334,12.44041450777202,12.0,8.703915775516695,0.109375
2024-01-01 01:53:18.000000,2024-01-01 01:53:24.000000,8,-22.22279792746114,-23.0,12.161975341784018,0.09895833333333333,611.7362179295448,2040.0000000000002,0.0,59.45077720207254,59.0,10.060178920558233,0.1875,10.569948186528498,10.0,9.724674828400927,0.09895833333333333
2024-01-01 01:53:20.000000,2024-01-01 01:53:26.000000,8,-26.497409326424872,-28.0,12.77576006884864,0.125,2447.134984566389,719.0,0.16580310880829016,48.04663212435233,56.0,23.048022817279524,0.046875,-3.7253886010362693,4.0,26.15403545940367,0.057291666666666664
2024-01-01 01:53:22.000000,2024-01-01 01:53:28.000000,8,-26.00518134715026,-23.0,12.0690277714135,0.08333333333333333,3911.618348557897,5328.0,0.0,27.259067357512954,15.0,28.615541253119467,0.005208333333333333,-27.60621761658031,-29.0,32.4767603239593,0.005208333333333333
2024-01-01 01:53:24.000000,2024-01-01 01:53:30.000000,8,-22.031088082901555,-19.0,10.240293542215605,0.06770833333333333,1801.5852891294885,9762.0,0.0,9.217616580310882,2.0,21.18333416563729,0.046875,-50.58031088082902,-59.0,21.40276038239421,0.036458333333333336
2024-01-01 01:53:26.000000,2024-01-01 01:53:32.000000,8,-16.968911917098445,-18.0,4.050343009846122,0.125,470.2089236626933,11700.0,0.0,-0.9222797927461139,-1.0,4.574518529361856,0.11979166666666667,-60.62176165803109,-60.0,4.950477986726525,0.15625
2024-01-01 01:53:28.000000,2024-01-01 01:53:34.000000,8,-17.60621761658031,-18.0,3.0974389108686275,0.10416666666666667,545.0710506005697,11702.0,0.0,-0.6373056994818653,-1.0,5.354423501766501,0.11979166666666667,-60.63212435233161,-59.0,5.5961672286595086,0.16145833333333334
2024-01-01 01:53:30.000000,2024-01-01 01:53:36.000000,8,-17.072538860103627,-16.0,2.9163551523749844,0.08333333333333333,328.9368976003687,11697.0,0.0,-0.8601036269430051,-1.0,4.778000147119315,0.109375,-60.60621761658031,-60.0,4.627855277904625,0.18229166666666666
2024-01-01 01:53:32.000000,2024-01-01 01:53:38.000000,8,-16.564766839378237,-16.0,2.703624510213648,0.109375,167.6052194828898,11739.0,0.0,-0.12953367875647667,0.0,4.222806172311477,0.08854166666666667,-60.82383419689119,-61.0,3.7680194584201483,0.171875
2024-01-01 01:53:34.000000,2024-01-01 01:53:40.000000,8,-15.704663212435234,-16.0,3.366629901131353,0.19791666666666666,139.1147358477341,11807.000000000002,0.0,1.1917098445595855,0.0,4.744463185163452,0.07291666666666667,-61.17616580310881,-61.0,3.408025426210826,0.24479166666666666
2024-01-01 01:53:36.000000,2024-01-01 01:53:42.000000,8,-16.238341968911918,-16.0,4.213715372045774,0.140625,303.1384566430989,11797.000000000002,0.0,3.062176165803109,1.0,6.138698069594015,0.06770833333333333,-61.12435233160622,-61.0,6.91127383038389,0.21875
2024-01-01 01:53:38.000000,2024-01-01 01:53:44.000000,8,-19.321243523316063,-20.0,5.942468492043454,0.09895833333333333,309.2923806170706,11472.0,0.0,0.38860103626943004,1.0,9.370792089619417,0.08333333333333333,-59.44041450777202,-60.0,7.766636970226456,0.16145833333333334
2024-01-01 01:53:40.000000,2024-01-01 01:53:46.000000,8,-20.76683937823834,-21.0,5.618286629030358,0.10416666666666667,445.64695167731225,11492.0,0.0,1.067357512953368,2.0,11.052932386252097,0.08333333333333333,-59.5440414507772,-60.0,8.162374184733643,0.13541666666666666
2024-01-01 01:53:42.000000,2024-01-01 01:53:48.000000,8,-20.316062176165804,-21.0,5.5149985868339595,0.08333333333333333,269.7753767190342,11445.0,0.0,2.538860103626943,6.0,11.55375988342621,0.041666666666666664,-59.30051813471503,-60.0,5.8588296738175325,0.13541666666666666
2024-01-01 01:53:44.000000,2024-01-01 01:53:50.000000,8,-17.61139896373057,-17.0,4.2474593645543655,0.13020833333333334,276.253571707222,11736.0,0.0,7.652849740932642,8.0,7.582099578888392,0.13541666666666666,-60.80829015544042,-61.0,4.752141368061141,0.21354166666666666
2024-01-01 01:53:46.000000,2024-01-01 01:53:52.000000,8,-16.21761658031088,-16.0,3.3141584713252614,0.15104166666666666,143.23538734898395,11706.0,0.0,7.150259067357513,7.0,5.01697248879919,0.13020833333333334,-60.652849740932645,-61.0,3.907618715302145,0.203125
2024-01-01 01:53:48.000000,2024-01-01 01:53:54.000000,8,-17.533678756476682,-17.0,4.413539235552927,0.13541666666666666,361.08535126895805,11693.0,0.0,2.5803108808290154,4.0,5.583180275271708,0.057291666666666664,-60.58549222797927,-61.0,5.424116373044065,0.171875
2024-01-01 01:53:50.000000,2024-01-01 01:53:56.000000,8,-17.06217616580311,-17.0,5.419512338729132,0.109375,410.7573354892588,11715.0,0.0,-2.0414507772020727,-2.0,6.111664221057137,0.06770833333333333,-60.69948186528497,-61.0,6.008921296439557,0.16145833333333334
2024-01-01 01:53:52.000000,2024-01-01 01:53:58.000000,8,-16.70984455958549,-17.0,5.745356501547934,0.15625,502.2624290166225,11751.000000000002,0.0,-3.9689119170984455,-4.0,4.730119289976664,0.11458333333333333,-60.8860103626943,-60.0,7.416722458116211,0.20833333333333334
2024-01-01 01:53:54.000000,2024-01-01 01:54:00.000000,8,-16.191709844559586,-16.0,5.326773343094736,0.17708333333333334,677.4586033561743,11744.0,0.0,-7.098445595854923,-7.0,6.201112775508674,0.13541666666666666,-60.84974093264249,-61.0,8.800639917265556,0.21354166666666666
2024-01-01 01:53:56.000000,2024-01-01 01:54:02.000000,8,-17.40414507772021,-17.0,4.894978657989856,0.1875,985.365624583433,11629.0,0.0,-8.621761658031089,-9.0,6.362073741875669,0.109375,-60.25388601036269,-62.0,10.903114899319919,0.16145833333333334
2024-01-01 01:53:58.000000,2024-01-01 01:54:04.000000,8,-18.82383419689119,-18.0,3.8378666781211708,0.15104166666666666,1071.9632765451997,11405.0,0.0,-11.880829015544041,-11.0,4.7127149969510205,0.13020833333333334,-59.09326424870466,-61.0,11.858172560588075,0.11979166666666667
2024-01-01 01:54:00.000000,2024-01-01 01:54:06.000000,8,-19.694300518134714,-19.0,3.80717779508459,0.140625,1165.8375329060207,11260.000000000002,0.0,-12.295336787564766,-12.0,4.654839441326097,0.15625,-58.3419689119171,-60.0,11.668920180827717,0.13020833333333334
2024-01-01 01:54:02.000000,2024-01-01 01:54:08.000000,8,-20.974093264248705,-20.0,4.389185613006488,0.13020833333333334,1012.2108550833993,11147.0,0.0,-13.67357512953368,-13.0,4.771025414525153,0.1875,-57.75647668393783,-58.0,11.302551888323967,0.13020833333333334
2024-01-01 01:54:04.000000,2024-01-01 01:54:10.000000,8,-22.88082901554404,-22.0,4.733666581958822,0.16145833333333334,1062.3835494474085,11021.0,0.0,-15.124352331606218,-14.0,4.427080221984075,0.16145833333333334,-57.10362694300518,-56.0,10.473161995951221,0.13541666666666666
2024-01-01 01:54:06.000000,2024-01-01 01:54:12.000000,8,-24.59585492227979,-24.0,4.507214519949417,0.11458333333333333,1049.5438043263296,10988.0,0.0,-13.098445595854923,-14.0,6.263788761969615,0.1875,-56.932642487046635,-56.0,9.209970919338476,0.13541666666666666
2024-01-01 01:54:08.000000,2024-01-01 01:54:14.000000,8,-28.7720207253886,-28.0,9.486275423802269,0.16145833333333334,784.0782568276234,10300.0,0.0,-6.041450777202073,-8.0,13.113222571801963,0.06770833333333333,-53.36787564766839,-56.0,13.966641960439981,0.13541666666666666
2024-01-01 01:54:10.000000,2024-01-01 01:54:16.000000,8,-25.979274611398964,-27.0,13.755286313065392,0.11458333333333333,5462.259207076356,3927.0,0.16580310880829016,14.05699481865285,1.0,24.445131274042726,0.005208333333333333,-20.34715025906736,-51.0,46.76847567921702,0.015625
2024-01-01 01:54:12.000000,2024-01-01 01:54:18.000000,8,-20.430051813471504,-22.0,16.75175763469219,0.10416666666666667,5049.318112950238,2338.0,0.16580310880829016,33.129533678756474,39.0,22.448988662496834,0.026041666666666668,12.1139896373057,37.0,43.997484079820495,0.015625
2024-01-01 01:54:14.000000,2024-01-01 01:54:20.000000,8,-22.305699481865286,-18.0,20.51485281684269,0.10416666666666667,1584.0976354575432,6522.0,0.0,43.523316062176164,44.0,16.157774360344085,0.11458333333333333,33.79274611398964,38.0,17.35531106339155,0.09375
2024-01-01 01:54:16.000000,2024-01-01 01:54:22.000000,8,-28.533678756476682,-30.0,21.57038274850723,0.052083333333333336,3168.408601833614,2604.0,0.16580310880829016,45.53367875647668,47.0,21.117729405654195,0.109375,13.492227979274611,23.0,28.537825624325723,0.026041666666666668
2024-01-01 01:54:18.000000,2024-01-01 01:54:24.000000,8,-34.056994818652846,-35.0,19.213760945526722,0.15104166666666666,1755.5848066300516,522.0,0.16580310880829016,47.4300518134715,46.0,22.811193535589823,0.09375,-2.704663212435233,-7.0,21.829376924025834,0.11979166666666667
2024-01-01 01:54:20.000000,2024-01-01 01:54:26.000000,8,-29.39378238341969,-31.0,17.397927399738258,0.16145833333333334,1808.7253991136458,608.0,0.16580310880829016,53.362694300518136,51.0,20.925787943020666,0.09895833333333333,-3.150259067357513,-8.0,23.33258657514638,0.11979166666666667
2024-01-01 01:54:22.000000,2024-01-01 01:54:28.000000,8,-18.259067357512954,-19.0,19.28177121555437,0.1875,1255.0586134673158,940.0000000000001,-0.16580310880829016,58.020725388601036,56.0,17.740595674546483,0.09375,4.870466321243524,2.0,21.599305744295993,0.15625
2024-01-01 01:54:24.000000,2024-01-01 01:54:30.000000,8,-28.077720207253886,-27.0,27.417094176969375,0.11458333333333333,1639.993736234107,1615.0000000000002,0.49740932642487046,48.09844559585492,51.0,25.7011196186971,0.078125,8.367875647668393,6.0,22.853345947244925,0.09375
2024-01-01 01:54:26.000000,2024-01-01 01:54:32.000000,8,-28.476683937823836,-23.0,29.280267911111395,0.06770833333333333,2353.551465102774,3507.0,0.0,30.10362694300518,30.0,33.39207798555575,0.078125,18.17098445595855,17.0,28.607195837993256,0.0625
2024-01-01 01:54:28.000000,2024-01-01 01:54:34.000000,8,-46.233160621761655,-51.0,22.66151608592435,0.13020833333333334,3062.4682653246027,1944.0000000000002,0.16580310880829016,1.6528497409326426,-6.0,28.431912540151885,0.015625,10.072538860103627,6.0,33.858081911238244,0.052083333333333336
2024-01-01 01:54:30.000000,2024-01-01 01:54:36.000000,8,-48.2020725388601,-55.0,20.562040163422772,0.140625,4177.315714867766,1026.0,0.16580310880829016,-13.875647668393782,-15.0,20.22954413620211,0.07291666666666667,5.316062176165803,-7.0,34.10230626726166,0.057291666666666664
2024-01-01 01:54:32.000000,2024-01-01 01:54:38.000000,8,-38.80829015544042,-53.0,35.84921450904289,0.005208333333333333,3476.8668616454606,239.99999999999997,0.16580310880829016,-25.207253886010363,-25.0,15.106860652489914,0.08333333333333333,1.2435233160621761,-9.0,29.429608319767393,0.041666666666666664
2024-01-01 01:54:34.000000,2024-01-01 01:54:40.000000,8,-33.86010362694301,-51.0,35.45472632441557,0.041666666666666664,3824.861749066386,4626.0,0.0,-19.150259067357513,-13.0,17.972293851556653,0.052083333333333336,23.968911917098445,31.0,32.09246191601297,0.026041666666666668
2024-01-01 01:54:36.000000,2024-01-01 01:54:42.000000,8,-32.50777202072539,-51.0,34.313675476371756,0.041666666666666664,1457.468966552828,7535.0,0.0,-13.207253886010363,-3.0,18.337363644766768,0.057291666666666664,39.04145077720207,36.0,17.814680918209454,0.052083333333333336
2024-01-01 01:54:38.000000,2024-01-01 01:54:44.000000,8,-44.48186528497409,-54.0,27.198554891193346,0.036458333333333336,1294.5513139592738,7755.0,0.0,-2.461139896373057,-2.0,7.3442007128438025,0.13020833333333334,40.181347150259064,36.0,14.365876244039814,0.046875
2024-01-01 01:54:40.000000,2024-01-01 01:54:46.000000,8,-46.119170984455955,-50.0,25.625940944854168,0.046875,779.1674984374664,7495.0,0.0,-1.1243523316062176,-1.0,6.747304841580513,0.1875,38.83419689119171,42.0,10.503643787524329,0.046875
2024-01-01 01:54:42.000000,2024-01-01 01:54:48.000000,8,-43.6580310880829,-48.0,25.708241833826953,0.0625,645.783790905586,8111.0,0.0,-0.13471502590673576,-2.0,10.877274046082283,0.10416666666666667,42.02590673575129,43.0,11.183337322944189,0.15625
2024-01-01 01:54:44.000000,2024-01-01 01:54:50.000000,8,-46.740932642487046,-48.0,9.573467738615639,0.203125,464.5192846177673,8583.0,0.0,-1.7461139896373057,-4.0,9.631372237352211,0.08854166666666667,44.47150259067357,44.0,7.807612892851996,0.21875
2024-01-01 01:54:46.000000,2024-01-01 01:54:52.000000,8,-47.64248704663213,-48.0,7.285949522817873,0.28125,324.5466268927363,8391.0,0.0,-3.7461139896373057,-6.0,9.307971378041428,0.03125,43.476683937823836,44.0,6.988139161927122,0.16666666666666666
2024-01-01 01:54:48.000000,2024-01-01 01:54:54.000000,8,-40.994818652849744,-46.0,10.875956571591775,0.057291666666666664,680.808654748037,9314.0,0.0,-7.409326424870466,-6.0,4.790758906279899,0.125,48.259067357512954,45.0,8.413483298193503,0.09895833333333333
2024-01-01 01:54:50.000000,2024-01-01 01:54:56.000000,8,-33.145077720207254,-30.0,13.041188321332907,0.06770833333333333,864.099685784159,10263.0,0.0,-7.176165803108808,-6.0,4.932888332984998,0.125,53.17616580310881,56.0,9.442261592032182,0.13541666666666666
2024-01-01 01:54:52.000000,2024-01-01 01:54:58.000000,8,-28.072538860103627,-28.0,9.065440458583218,0.19791666666666666,277.20099334373214,10987.0,0.0,-8.652849740932643,-8.0,6.364673389696671,0.13020833333333334,56.92746113989637,57.0,6.959325449216863,0.3177083333333333
2024-01-01 01:54:54.000000,2024-01-01 01:55:00.000000,8,-28.072538860103627,-28.0,9.924450146386828,0.171875,369.41817130096166,10981.0,0.0,-8.300518134715025,-9.0,5.42686697338389,0.07291666666666667,56.89637305699482,57.0,7.723047036420943,0.234375
2024-01-01 01:54:56.000000,2024-01-01 01:55:02.000000,8,-34.69948186528497,-30.0,20.077268700700756,0.11458333333333333,1081.880724882187,9576.0,0.0,-8.139896373056995,-11.0,13.729003438191436,0.08854166666666667,49.61658031088083,54.0,12.913096336464724,0.06770833333333333
2024-01-01 01:54:58.000000,2024-01-01 01:55:04.000000,8,-18.424870466321245,-24.0,31.54982506404235,0.057291666666666664,2159.90262728516,7088.000000000001,0.0,-24.264248704663213,-12.0,28.12301134784746,0.015625,36.72538860103627,37.0,19.31785195473549,0.057291666666666664
2024-01-01 01:55:00.000000,2024-01-01 01:55:06.000000,8,-9.067357512953368,-1.0,31.86577679896925,0.026041666666666668,1310.6392156422942,5136.0,0.0,-40.33160621761658,-56.0,28.354230394436588,0.005208333333333333,26.61139896373057,27.0,13.42336561324594,0.0625
2024-01-01 01:55:02.000000,2024-01-01 01:55:08.000000,8,-3.523316062176166,1.0,26.853008936550477,0.057291666666666664,1326.0432473286912,5425.999999999999,0.0,-46.020725388601036,-56.0,22.342261558633766,0.005208333333333333,28.1139896373057,27.0,14.682311535338211,0.06770833333333333
2024-01-01 01:55:04.000000,2024-01-01 01:55:10.000000,8,-26.248704663212436,-39.0,29.0645888296084,0.015625,1101.0731474886213,6927.000000000001,0.0,-26.34715025906736,-6.0,27.350325726716893,0.005208333333333333,35.89119170984456,37.0,11.66474277870131,0.046875
2024-01-01 01:55:06.000000,2024-01-01 01:55:12.000000,8,-43.27461139896373,-52.0,21.31075207835417,0.036458333333333336,469.2200481562792,7837.0,0.0,-7.373056994818653,0.0,17.34291700647875,0.036458333333333336,40.60621761658031,39.0,7.071831055195638,0.026041666666666668
2024-01-01 01:55:08.000000,2024-01-01 01:55:14.000000,8,-51.09844559585492,-52.0,2.299376652032065,0.052083333333333336,211.1604492345275,7754.0,0.0,-0.05699481865284974,0.0,0.9852375374402561,0.06770833333333333,40.17616580310881,40.0,2.6595057132920057,0.036458333333333336
2024-01-01 01:55:10.000000,2024-01-01 01:55:16.000000,8,-49.968911917098445,-50.0,2.9455240332991104,0.026041666666666668,213.56188430164045,8017.000000000001,0.0,-0.09844559585492228,0.0,0.7810567550292724,0.07291666666666667,41.538860103626945,41.0,2.4769337450166193,0.06770833333333333
2024-01-01 01:55:12.000000,2024-01-01 01:55:18.000000,8,-48.92746113989637,-49.0,2.580964427260499,0.140625,166.6783594784491,8256.999999999998,0.0,-0.13471502590673576,0.0,0.7089362972616989,0.0625,42.78238341968912,43.0,1.9696394864010889,0.03125
2024-01-01 01:55:14.000000,2024-01-01 01:55:20.000000,8,-44.72020725388601,-48.0,11.189860363598028,0.026041666666666668,367.52067429457276,8789.0,0.0,-1.238341968911917,0.0,4.410591105881559,0.026041666666666668,45.538860103626945,44.0,5.870990896819324,0.046875
2024-01-01 01:55:16.000000,2024-01-01 01:55:22.000000,8,-34.62176165803109,-48.0,15.775011324784016,0.005208333333333333,1070.701312017148,9983.0,0.0,-3.4145077720207255,0.0,4.99731145333749,0.005208333333333333,51.72538860103627,44.0,8.864267453005413,0.015625
2024-01-01 01:55:18.000000,2024-01-01 01:55:24.000000,8,-29.207253886010363,-21.0,15.434625212178453,0.010416666666666666,985.9245889545754,10612.000000000002,0.0,-4.575129533678757,-6.0,4.793202990173549,0.020833333333333332,54.984455958549226,60.0,8.38679311721823,0.03125
2024-01-01 01:55:20.000000,2024-01-01 01:55:26.000000,8,-32.1139896373057,-36.0,14.662788116659753,0.005208333333333333,994.2428052454718,10343.0,0.0,-3.5025906735751295,-5.0,3.3697866406427357,0.005208333333333333,53.590673575129536,52.0,8.221751895516759,0.015625
2024-01-01 01:55:22.000000,2024-01-01 01:55:28.000000,8,-41.6839378238342,-47.0,11.427698488589664,0.015625,517.7720648066836,9274.0,0.0,-1.1813471502590673,0.0,2.4818642708793175,0.005208333333333333,48.05181347150259,45.0,6.258112179272553,0.015625
2024-01-01 01:55:24.000000,2024-01-01 01:55:30.000000,8,-46.86010362694301,-47.0,0.4283130543642819,0.15104166666666666,22.583716227145644,8705.000000000002,0.0,0.02072538860103627,0.0,0.24913494550305854,0.08333333333333333,45.10362694300518,45.0,0.367476339515385,0.10416666666666667
2024-01-01 01:55:26.000000,2024-01-01 01:55:32.000000,8,-47.005181347150256,-47.0,0.3306781120922977,0.06770833333333333,9.41508978569806,8683.0,0.0,0.031088082901554404,0.0,0.286987509732845,0.09375,44.98963730569948,45.0,0.3225813415781664,0.07291666666666667
2024-01-01 01:55:28.000000,2024-01-01 01:55:34.000000,8,-44.994818652849744,-47.0,7.192659314455047,0.005208333333333333,233.92659436778655,8919.0,0.0,-0.7512953367875648,0.0,2.116480687571601,0.078125,46.21243523316062,45.0,4.083943505924818,0.015625
2024-01-01 01:55:30.000000,2024-01-01 01:55:36.000000,8,-40.21761658031088,-47.0,12.835672156392523,0.020833333333333332,670.8924349422998,9423.0,0.0,-2.077720207253886,-1.0,3.529514099061646,0.041666666666666664,48.82383419689119,45.0,7.4000317998663245,0.020833333333333332
2024-01-01 01:55:32.000000,2024-01-01 01:55:38.000000,8,-40.082901554404145,-47.0,12.766874775650182,0.020833333333333332,656.6527584979779,9441.0,0.0,-2.538860103626943,-1.0,3.3165922436343305,0.041666666666666664,48.917098445595855,45.0,7.352250780348343,0.020833333333333332
2024-01-01 01:55:34.000000,2024-01-01 01:55:40.000000,8,-41.90673575129534,-47.0,11.608258833406113,0.015625,476.46083108407396,9214.000000000002,0.0,-2.305699481865285,-1.0,2.907393350876083,0.057291666666666664,47.740932642487046,45.0,6.703950418147566,0.026041666666666668
2024-01-01 01:55:36.000000,2024-01-01 01:55:42.000000,8,-39.04145077720207,-46.0,13.419448804538005,0.005208333333333333,749.2763503085157,9556.0,0.0,-3.088082901554404,-2.0,3.9853263345793315,0.036458333333333336,49.512953367875646,45.0,8.220343672034385,0.015625
2024-01-01 01:55:38.000000,2024-01-01 01:55:44.000000,8,-32.69948186528497,-29.0,13.14553353095536,0.041666666666666664,891.7207820111429,10386.0,0.0,-4.352331606217617,-4.0,3.97127803393289,0.08333333333333333,53.81347150259067,57.0,8.42840094996687,0.036458333333333336
2024-01-01 01:55:40.000000,2024-01-01 01:55:46.000000,8,-29.65284974093264,-29.0,10.285948377479835,0.052083333333333336,486.70080569724445,10877.0,0.0,-5.538860103626943,-5.0,3.4700793618016936,0.14583333333333334,56.35751295336787,57.0,6.251804575404625,0.052083333333333336
2024-01-01 01:55:42.000000,2024-01-01 01:55:48.000000,8,-34.48186528497409,-37.0,5.925837901590292,0.015625,288.9195465933647,10489.0,0.0,-4.994818652849741,-5.0,1.3559183900528828,0.125,54.347150259067355,53.0,3.3740283575442738,0.036458333333333336
2024-01-01 01:55:44.000000,2024-01-01 01:55:50.000000,8,-35.854922279792746,-38.0,14.807433701775262,0.020833333333333332,343.0132664548953,9741.0,0.0,-7.917098445595855,-5.0,11.41560371613344,0.026041666666666668,50.47150259067357,52.0,6.763910536908021,0.078125
2024-01-01 01:55:46.000000,2024-01-01 01:55:52.000000,8,-18.689119170984455,-37.0,27.43679736669228,0.005208333333333333,1860.314916112177,7577.0,0.0,-25.8860103626943,-5.0,26.041182551631387,0.005208333333333333,39.259067357512954,51.0,15.903197829649889,0.015625
2024-01-01 01:55:48.000000,2024-01-01 01:55:54.000000,8,-4.647668393782383,12.0,26.10176812445465,0.015625,2285.943000616474,7236.000000000002,0.0,-31.357512953367877,-43.0,29.212434175348193,0.010416666666666666,37.49222797927461,31.0,19.455376070153154,0.020833333333333332
2024-01-01 01:55:50.000000,2024-01-01 01:55:56.000000,8,1.4145077720207253,12.0,17.90874428210024,0.046875,2679.703662800379,8018.0,0.0,-28.248704663212436,-34.0,30.98790608986347,0.015625,41.5440414507772,38.0,22.8905770787517,0.052083333333333336
2024-01-01 01:55:52.000000,2024-01-01 01:55:58.000000,8,-8.238341968911918,-4.0,20.357358961890938,0.07291666666666667,2748.8220935294876,7890.0,0.0,-27.031088082901555,-32.0,30.150301742504595,0.020833333333333332,40.880829015544045,40.0,24.15469449146108,0.041666666666666664
2024-01-01 01:55:54.000000,2024-01-01 01:56:00.000000,8,-4.875647668393782,-1.0,21.45671703589694,0.08333333333333333,2224.988621951049,6298.0,0.0,-38.83419689119171,-56.0,27.127658692716754,0.015625,32.63212435233161,23.0,21.765425663602112,0.026041666666666668
2024-01-01 01:55:56.000000,2024-01-01 01:56:02.000000,8,3.937823834196891,12.0,19.38551514205828,0.046875,372.45674835823274,3939.0,0.0,-56.90673575129534,-57.0,5.373701996142935,0.09895833333333333,20.409326424870468,22.0,6.995781173781355,0.125
2024-01-01 01:55:58.000000,2024-01-01 01:56:04.000000,8,12.979274611398964,12.0,5.624498634344015,0.07291666666666667,221.198196135006,4526.0,0.0,-57.5699481865285,-57.0,1.1755001140513417,0.09375,23.45077720207254,25.0,3.930239591548793,0.08854166666666667
2024-01-01 01:56:00.000000,2024-01-01 01:56:06.000000,8,12.186528497409327,12.0,2.7719624648857963,0.06770833333333333,160.25435055686464,4827.0,0.0,-57.233160621761655,-57.0,0.708974361977408,0.08333333333333333,25.010362694300518,26.0,2.6259713228824686,0.171875
2024-01-01 01:56:02.000000,2024-01-01 01:56:08.000000,8,11.284974093264248,11.0,1.1117891569599316,0.16145833333333334,26.52456692578168,5025.0,0.0,-57.02590673575129,-57.0,0.1592702486022103,0.052083333333333336,26.036269430051814,26.0,0.6070167573436728,0.13541666666666666
2024-01-01 01:56:04.000000,2024-01-01 01:56:10.000000,8,11.202072538860104,11.0,1.1298948397427875,0.16666666666666666,20.468226674903796,5033.999999999999,0.0,-57.020725388601036,-57.0,0.14283400997012294,0.036458333333333336,26.082901554404145,26.0,0.6236384132382489,0.140625
2024-01-01 01:56:06.000000,2024-01-01 01:56:12.000000,8,11.632124352331607,11.0,2.7565082352720474,0.15104166666666666,63.06286756454769,4978.0,0.0,-57.031088082901555,-57.0,0.3806071869298576,0.057291666666666664,25.792746113989637,26.0,1.4136791622386753,0.13020833333333334
2024-01-01 01:56:08.000000,2024-01-01 01:56:14.000000,8,-1.3730569948186528,11.0,24.025717546557125,0.026041666666666668,945.8668984730127,5963.0,0.0,-46.75647668393783,-57.0,19.525564759777268,0.005208333333333333,30.89637305699482,26.0,12.235094558690735,0.08854166666666667
2024-01-01 01:56:10.000000,2024-01-01 01:56:16.000000,8,-12.321243523316062,-17.0,23.425200428433097,0.046875,2085.1057763072577,8171.0,0.0,-29.803108808290155,-17.0,24.793156622039355,0.005208333333333333,42.33678756476684,42.0,17.51712091193007,0.046875
2024-01-01 01:56:12.000000,2024-01-01 01:56:18.000000,8,-25.025906735751295,-23.0,15.689511900590045,0.09895833333333333,1230.8954385289137,10323.0,0.0,-12.709844559585493,-6.0,16.437024913181386,0.036458333333333336,53.487046632124354,59.0,13.288900760397324,0.078125
2024-01-01 01:56:14.000000,2024-01-01 01:56:20.000000,8,-24.813471502590673,-25.0,5.777689207062146,0.140625,200.00996565260692,11433.0,0.0,-5.373056994818653,-5.0,1.260662640681348,0.18229166666666666,59.23834196891192,59.0,3.1680667980039283,0.25
2024-01-01 01:56:16.000000,2024-01-01 01:56:22.000000,8,-25.036269430051814,-25.0,5.37002973396759,0.10416666666666667,192.96949012508782,11429.0,0.0,-5.227979274611399,-5.0,1.0457476191230621,0.19791666666666666,59.21761658031088,59.0,3.1098466799919566,0.23958333333333334
2024-01-01 01:56:18.000000,2024-01-01 01:56:24.000000,8,-24.94300518134715,-25.0,3.9924231996597435,0.21875,109.9839018600009,11460.000000000002,0.0,-5.186528497409326,-5.0,1.1348755761767082,0.203125,59.37823834196891,59.0,2.6412084917824834,0.3385416666666667
2024-01-01 01:56:20.000000,2024-01-01 01:56:26.000000,8,-24.906735751295336,-25.0,4.0274586457654165,0.203125,116.52012330576376,11455.000000000002,0.0,-5.5025906735751295,-5.0,1.237960151534599,0.2708333333333333,59.35233160621762,59.0,2.8957956689192117,0.3697916666666667
2024-01-01 01:56:22.000000,2024-01-01 01:56:28.000000,8,-25.305699481865286,-26.0,3.749280299388824,0.22395833333333334,80.95338972262846,11399.0,0.0,-5.4974093264248705,-5.0,1.283405107563819,0.2864583333333333,59.06217616580311,59.0,2.923730035925109,0.3697916666666667
2024-01-01 01:56:24.000000,2024-01-01 01:56:30.000000,8,-24.860103626943005,-25.0,4.266648029293274,0.19791666666666666,120.9789250798587,11436.0,0.0,-5.450777202072539,-5.0,1.2071453572972128,0.3020833333333333,59.25388601036269,59.0,3.5784071653607774,0.3802083333333333
2024-01-01 01:56:26.000000,2024-01-01 01:56:32.000000,8,-24.756476683937823,-26.0,3.9879730676442144,0.19270833333333334,101.77026833040472,11439.0,0.0,-5.290155440414508,-5.0,1.1984175662983394,0.2708333333333333,59.26943005181347,59.0,3.3024530318588705,0.3229166666666667
2024-01-01 01:56:28.000000,2024-01-01 01:56:34.000000,8,-25.502590673575128,-27.0,4.211992244784045,0.13541666666666666,82.12724698362805,11407.999999999998,0.0,-5.150259067357513,-5.0,1.668710965596261,0.23958333333333334,59.10880829015544,59.0,2.8674856744653927,0.2604166666666667
2024-01-01 01:56:30.000000,2024-01-01 01:56:36.000000,8,-27.590673575129532,-28.0,3.7379411754913283,0.203125,107.91669325147282,11218.0,0.0,-5.0,-5.0,1.689427911059441,0.20833333333333334,58.12435233160622,58.0,1.9297770057399286,0.3125
2024-01-01 01:56:32.000000,2024-01-01 01:56:38.000000,8,-26.238341968911918,-28.0,5.7504693057710385,0.078125,187.21593563084275,11334.0,0.0,-4.849740932642487,-5.0,1.7979190619624337,0.2552083333333333,58.72538860103627,58.0,3.3232495359829755,0.2760416666666667
2024-01-01 01:56:34.000000,2024-01-01 01:56:40.000000,8,-26.518134715025905,-28.0,5.513329741265615,0.09375,179.63988759439803,11318.0,0.0,-4.746113989637306,-5.0,1.3041591829369155,0.2604166666666667,58.64248704663213,58.0,3.3058751411767013,0.2708333333333333
2024-01-01 01:56:36.000000,2024-01-01 01:56:42.000000,8,-25.45077720207254,-26.0,5.020677236553273,0.1875,112.16557802624469,11414.999999999998,0.0,-4.709844559585492,-5.0,1.1853078347891053,0.28125,59.145077720207254,58.0,3.1490225201591953,0.3072916666666667
2024-01-01 01:56:38.000000,2024-01-01 01:56:44.000000,8,-26.71502590673575,-27.0,3.0476480214859167,0.203125,72.70254418340335,11325.0,0.0,-4.694300518134715,-5.0,0.8808250469787656,0.234375,58.67875647668394,59.0,1.7649405407158953,0.3072916666666667
2024-01-01 01:56:40.000000,2024-01-01 01:56:46.000000,8,-25.020725388601036,-26.0,4.501109295244618,0.21354166666666666,122.35442457419822,11452.0,0.0,-4.891191709844559,-5.0,1.0224435240789171,0.21354166666666666,59.33678756476684,59.0,2.5648960426973595,0.265625
2024-01-01 01:56:42.000000,2024-01-01 01:56:48.000000,8,-22.83419689119171,-22.0,4.641689650892071,0.13020833333333334,150.6313208205577,11620.0,0.0,-5.077720207253886,-5.0,1.045412092019997,0.21875,60.20725388601036,60.0,2.781739043670553,0.2864583333333333
2024-01-01 01:56:44.000000,2024-01-01 01:56:50.000000,8,-22.787564766839377,-21.0,4.917173431920569,0.15625,157.90763429851182,11620.000000000002,0.0,-5.160621761658031,-5.0,1.0104163884585544,0.21354166666666666,60.20725388601036,61.0,3.0291206821586307,0.3333333333333333
2024-01-01 01:56:46.000000,2024-01-01 01:56:52.000000,8,-23.590673575129532,-23.0,4.053459949816557,0.140625,151.1342220747045,11546.0,0.0,-5.16580310880829,-5.0,0.8250451392895315,0.21354166666666666,59.82383419689119,60.0,2.404434231241548,0.21875
2024-01-01 01:56:48.000000,2024-01-01 01:56:54.000000,8,-24.53886010362694,-24.0,3.6685306927799783,0.16666666666666666,96.21174933421348,11472.000000000002,0.0,-5.217616580310881,-5.0,0.812852819636083,0.22395833333333334,59.44041450777202,59.0,2.406117168237744,0.2864583333333333
2024-01-01 01:56:50.000000,2024-01-01 01:56:56.000000,8,-22.917098445595855,-23.0,3.4480320286311588,0.16666666666666666,90.93345211193656,11590.999999999998,0.0,-5.259067357512953,-5.0,1.427130410642631,0.23958333333333334,60.056994818652846,60.0,2.4626089834119704,0.3229166666666667
2024-01-01 01:56:52.000000,2024-01-01 01:56:58.000000,8,-23.015544041450777,-24.0,4.8136921509743775,0.171875,119.56282892935404,11552.0,0.0,-5.569948186528498,-5.0,3.5320745346233444,0.18229166666666666,59.854922279792746,60.0,3.821497459435211,0.34375
2024-01-01 01:56:54.000000,2024-01-01 01:57:00.000000,8,-22.145077720207254,-22.0,5.337533091151419,0.13541666666666666,181.86657993780244,11619.0,0.0,-5.430051813471502,-5.0,4.701122261559968,0.13541666666666666,60.2020725388601,60.0,5.345909247472379,0.22916666666666666
2024-01-01 01:56:56.000000,2024-01-01 01:57:02.000000,8,-22.326424870466322,-22.0,5.467915523552981,0.15625,179.7731532146191,11613.0,0.0,-5.637305699481865,-5.0,4.647250194427103,0.14583333333333334,60.170984455958546,60.0,5.372265541336556,0.2552083333333333
2024-01-01 01:56:58.000000,2024-01-01 01:57:04.000000,8,-21.29015544041451,-22.0,4.238803447107737,0.24479166666666666,168.1517666643958,11731.0,0.0,-5.414507772020725,-5.0,3.433019336044884,0.19791666666666666,60.78238341968912,61.0,4.798469864417579,0.34375
2024-01-01 01:57:00.000000,2024-01-01 01:57:06.000000,8,-20.632124352331605,-21.0,4.322229862519571,0.203125,115.74934672471304,11742.0,0.0,-5.4974093264248705,-5.0,1.6524109668766496,0.2552083333333333,60.83937823834197,61.0,3.4399769298740384,0.390625
2024-01-01 01:57:02.000000,2024-01-01 01:57:08.000000,8,-22.906735751295336,-23.0,5.5557408575890195,0.14583333333333334,150.24888175473265,11578.0,0.0,-4.813471502590674,-5.0,1.566719260132167,0.20833333333333334,59.98963730569948,60.0,3.5633984792518483,0.265625
2024-01-01 01:57:04.000000,2024-01-01 01:57:10.000000,8,-25.523316062176164,-28.0,6.1050461870865,0.057291666666666664,202.7738940189712,11360.0,0.0,-4.466321243523316,-4.0,1.524164880767536,0.21354166666666666,58.86010362694301,58.0,3.3488359279813733,0.24479166666666666
2024-01-01 01:57:06.000000,2024-01-01 01:57:12.000000,8,-29.05699481865285,-30.0,3.648896135159418,0.125,88.53856200574779,11101.0,0.0,-4.404145077720207,-4.0,1.37021265825522,0.20833333333333334,57.51813471502591,57.0,2.212872530428268,0.23958333333333334
2024-01-01 01:57:08.000000,2024-01-01 01:57:14.000000,8,-28.512953367875646,-30.0,4.1270308236902125,0.08854166666666667,115.51437896878714,11132.0,0.0,-4.585492227979275,-4.0,1.2559014405297466,0.234375,57.67875647668394,57.0,2.657617688631903,0.1875
2024-01-01 01:57:10.000000,2024-01-01 01:57:16.000000,8,-25.259067357512954,-26.0,5.970869663819027,0.09895833333333333,184.25453828456187,11372.0,0.0,-4.83419689119171,-5.0,1.2219654176224817,0.2760416666666667,58.92227979274612,58.0,3.9645789741335244,0.22395833333333334
2024-01-01 01:57:12.000000,2024-01-01 01:57:18.000000,8,-22.212435233160623,-22.0,6.008800037687959,0.16666666666666666,194.42150201441638,11604.0,0.0,-5.041450777202073,-5.0,1.4427772584902274,0.2708333333333333,60.12435233160622,60.0,4.328331775470689,0.3125
2024-01-01 01:57:14.000000,2024-01-01 01:57:20.000000,8,-23.409326424870468,-23.0,6.740990597192186,0.07291666666666667,268.84235579493907,11505.0,0.0,-4.829015544041451,-5.0,1.5534865239085442,0.16145833333333334,59.61139896373057,59.0,4.212985210853926,0.24479166666666666
2024-01-01 01:57:16.000000,2024-01-01 01:57:22.000000,8,-26.66321243523316,-31.0,13.482841875627619,0.07291666666666667,422.67457972484425,10851.0,0.0,-6.989637305699482,-4.0,10.043130756323002,0.06770833333333333,56.22279792746114,57.0,10.615294510633968,0.16145833333333334
2024-01-01 01:57:18.000000,2024-01-01 01:57:24.000000,8,-15.207253886010363,-31.0,24.487210718531177,0.015625,1922.805334612478,8408.0,0.0,-24.020725388601036,-4.0,25.78415181633357,0.005208333333333333,43.56476683937824,56.0,17.944567483193758,0.015625
2024-01-01 01:57:20.000000,2024-01-01 01:57:26.000000,8,-0.9119170984455959,12.0,24.035943417995714,0.036458333333333336,1595.7921064589978,6459.0,0.0,-41.512953367875646,-56.0,23.86334986444739,0.036458333333333336,33.46632124352332,27.0,16.062383444467336,0.026041666666666668
2024-01-01 01:57:22.000000,2024-01-01 01:57:28.000000,8,13.533678756476684,14.0,4.556377792036687,0.19791666666666666,312.9294684698277,4988.0,0.0,-56.16580310880829,-56.0,5.207513752441293,0.0625,25.844559585492227,27.0,3.864459311283591,0.052083333333333336
2024-01-01 01:57:24.000000,2024-01-01 01:57:30.000000,8,13.233160621761659,13.0,0.7377745676071696,0.17708333333333334,159.42574880718914,5432.0,0.0,-55.58031088082902,-55.0,0.7739414186593272,0.057291666666666664,28.145077720207254,28.0,1.6707312268793475,0.06770833333333333
2024-01-01 01:57:26.000000,2024-01-01 01:57:32.000000,8,13.32642487046632,13.0,0.5324629934354483,0.17708333333333334,96.57512498462972,5681.0,0.0,-54.95336787564767,-55.0,0.5132632065236943,0.11979166666666667,29.435233160621763,30.0,1.0883866464763219,0.06770833333333333
2024-01-01 01:57:28.000000,2024-01-01 01:57:34.000000,8,13.031088082901555,13.0,0.3806071869298574,0.15625,51.707070256929306,5845.0,0.0,-54.575129533678755,-55.0,0.4956089570840788,0.203125,30.28497409326425,30.0,0.6095012684156993,0.15104166666666666
2024-01-01 01:57:30.000000,2024-01-01 01:57:36.000000,8,13.067357512953368,13.0,0.5309403623701836,0.140625,38.29937208150727,5880.0,0.0,-54.38860103626943,-54.0,0.48870003090572217,0.2864583333333333,30.466321243523318,30.0,0.612504626185343,0.25
2024-01-01 01:57:32.000000,2024-01-01 01:57:38.000000,8,13.575129533678757,13.0,0.9161758774067171,0.08854166666666667,71.31416092932523,5820.0,0.0,-54.424870466321245,-54.0,0.49560895708407876,0.296875,30.155440414507773,30.0,0.857979662870763,0.19270833333333334
2024-01-01 01:57:34.000000,2024-01-01 01:57:40.000000,8,14.310880829015543,15.0,1.0035020715470917,0.09895833333333333,108.90694730175217,5652.0,0.0,-54.69430051813472,-55.0,0.4619012485208803,0.21354166666666666,29.28497409326425,29.0,1.0881138709713898,0.08854166666666667
2024-01-01 01:57:36.000000,2024-01-01 01:57:42.000000,8,14.83419689119171,15.0,0.6153179247608126,0.16145833333333334,66.78926621732813,5530.999999999999,0.0,-54.89119170984456,-55.0,0.3122084131862043,0.109375,28.6580310880829,29.0,0.7549491284374699,0.13020833333333334
2024-01-01 01:57:38.000000,2024-01-01 01:57:44.000000,8,14.937823834196891,15.0,0.5460744665067556,0.16666666666666666,25.98115526600417,5480.0,0.0,-55.0,-55.0,0.0,0.0,28.39378238341969,28.0,0.5207793581703992,0.22395833333333334
2024-01-01 01:57:40.000000,2024-01-01 01:57:46.000000,8,14.963730569948186,15.0,0.5624820089235681,0.15625,28.268135685326516,5475.0,0.0,-55.0,-55.0,0.0,0.0,28.367875647668395,28.0,0.534637869143802,0.23958333333333334
2024-01-01 01:57:42.000000,2024-01-01 01:57:48.000000,8,14.917098445595855,15.0,0.7795350347908179,0.09895833333333333,39.7103038140047,5478.0,0.0,-55.0,-55.0,0.0,0.0,28.383419689119172,28.0,0.60219625385084,0.21354166666666666
2024-01-01 01:57:44.000000,2024-01-01 01:57:50.000000,8,14.860103626943005,15.0,0.7945871501638613,0.11458333333333333,49.812797647019536,5491.0,0.0,-55.0,-55.0,0.0,0.0,28.45077720207254,28.0,0.6114463020665684,0.171875
2024-01-01 01:57:46.000000,2024-01-01 01:57:52.000000,8,14.808290155440414,15.0,0.7634445507291272,0.13541666666666666,41.92334475800331,5508.0,0.0,-55.0,-55.0,0.0,0.0,28.53886010362694,29.0,0.5949376246314169,0.25
2024-01-01 01:57:48.000000,2024-01-01 01:57:54.000000,8,14.968911917098445,15.0,0.65277241879744,0.140625,32.07977176939864,5495.0,0.0,-55.01036269430052,-55.0,0.10153187644463979,0.020833333333333332,28.471502590673577,28.0,0.5405112560918637,0.34375
2024-01-01 01:57:50.000000,2024-01-01 01:57:56.000000,8,14.626943005181348,15.0,1.9299448075725734,0.11979166666666667,184.89221990700625,5251.0,0.0,-55.66839378238342,-55.0,1.052717718159909,0.026041666666666668,27.207253886010363,28.0,2.3910748155898096,0.036458333333333336
2024-01-01 01:57:52.000000,2024-01-01 01:57:58.000000,8,14.196891191709845,14.0,1.9612365023901186,0.13541666666666666,191.4269390480597,5087.0,0.0,-56.16062176165803,-56.0,1.0104163884585557,0.17708333333333334,26.357512953367877,26.0,2.2939363073946524,0.046875
2024-01-01 01:57:54.000000,2024-01-01 01:58:00.000000,8,14.373056994818652,14.0,2.1543801027077394,0.15625,72.33321317500739,4889.0,0.0,-56.523316062176164,-56.0,0.7002420627607376,0.22916666666666666,25.33160621761658,25.0,1.8857707338895946,0.19270833333333334
2024-01-01 01:57:56.000000,2024-01-01 01:58:02.000000,8,14.917098445595855,15.0,1.2963763100014558,0.13020833333333334,79.12041563442514,4977.0,0.0,-56.15025906735751,-56.0,0.513578575651161,0.21354166666666666,25.787564766839377,26.0,1.216831086436744,0.13541666666666666
2024-01-01 01:57:58.000000,2024-01-01 01:58:04.000000,8,15.642487046632125,16.0,1.1047520607433832,0.109375,100.33449883584376,4985.0,0.0,-55.968911917098445,-56.0,0.3940539270319812,0.125,25.82901554404145,26.0,1.3527701381358643,0.13541666666666666
2024-01-01 01:58:00.000000,2024-01-01 01:58:06.000000,8,8.461139896373057,16.0,20.569490775835998,0.026041666666666668,670.6460074278737,5594.0,0.0,-49.865284974093264,-56.0,15.38405854578829,0.005208333333333333,28.984455958549223,26.0,10.12344467680603,0.046875
2024-01-01 01:58:02.000000,2024-01-01 01:58:08.000000,8,-3.9326424870466323,10.0,24.119075735505707,0.015625,2091.1331092051014,7756.0,0.0,-33.07253886010363,-55.0,24.668318968022874,0.005208333333333333,40.18652849740933,28.0,17.396013218744567,0.026041666666666668
2024-01-01 01:58:04.000000,2024-01-01 01:58:10.000000,8,-17.28497409326425,-24.0,20.295643829720376,0.078125,1483.5975799432545,9902.0,0.0,-16.5440414507772,-6.0,20.05927098205729,0.026041666666666668,51.30569948186528,59.0,15.357368571146928,0.026041666666666668
2024-01-01 01:58:06.000000,2024-01-01 01:58:12.000000,8,-24.036269430051814,-25.0,5.260280665233496,0.140625,91.41699540512109,11490.000000000002,0.0,-5.66321243523316,-6.0,1.7486733189796264,0.24479166666666666,59.53367875647668,60.0,2.933313584287422,0.34375
2024-01-01 01:58:08.000000,2024-01-01 01:58:14.000000,8,-24.269430051813472,-24.0,3.332283405459463,0.19270833333333334,99.81142383004021,11504.0,0.0,-5.616580310880829,-6.0,1.1762115717358508,0.23958333333333334,59.60621761658031,60.0,2.861446803028678,0.3802083333333333
2024-01-01 01:58:10.000000,2024-01-01 01:58:16.000000,8,-24.378238341968913,-25.0,4.167951011036147,0.25,105.61929529193266,11501.0,0.0,-5.2642487046632125,-5.0,1.4096455598803919,0.296875,59.590673575129536,59.0,3.5638982726924415,0.359375
2024-01-01 01:58:12.000000,2024-01-01 01:58:18.000000,8,-24.83937823834197,-25.0,4.426494995448691,0.234375,123.30654869514609,11456.0,0.0,-4.9067357512953365,-5.0,1.3962771250784263,0.2552083333333333,59.35751295336787,59.0,3.584058748920939,0.3489583333333333
2024-01-01 01:58:14.000000,2024-01-01 01:58:20.000000,8,-23.7720207253886,-24.0,4.970731476979506,0.171875,176.85216832574986,11534.0,0.0,-4.766839378238342,-5.0,1.2552136521755743,0.3072916666666667,59.76165803108808,59.0,3.493324190979349,0.3177083333333333
2024-01-01 01:58:16.000000,2024-01-01 01:58:22.000000,8,-22.124352331606218,-22.0,4.908016159836466,0.18229166666666666,146.8287740711764,11638.0,0.0,-4.626943005181347,-5.0,1.2398334405380185,0.3385416666666667,60.30051813471503,60.0,3.2327828796262876,0.3229166666666667
2024-01-01 01:58:18.000000,2024-01-01 01:58:24.000000,8,-19.46113989637306,-20.0,3.2595680865009404,0.25,118.31207184651075,11846.0,0.0,-4.865284974093265,-5.0,1.212988323758777,0.2552083333333333,61.37823834196891,61.0,2.962780050965179,0.40625
2024-01-01 01:58:20.000000,2024-01-01 01:58:26.000000,8,-19.704663212435232,-20.0,3.285198658304401,0.265625,100.68463491782279,11820.999999999998,0.0,-4.932642487046632,-5.0,1.1639649200300042,0.203125,61.248704663212436,61.0,3.178756124785849,0.390625
2024-01-01 01:58:22.000000,2024-01-01 01:58:28.000000,8,-20.54922279792746,-21.0,3.6981008522813723,0.24479166666666666,119.69021930417036,11762.0,0.0,-4.984455958549223,-5.0,1.1568486465475927,0.21875,60.943005181347154,61.0,3.420505762580735,0.4010416666666667
2024-01-01 01:58:24.000000,2024-01-01 01:58:30.000000,8,-21.00518134715026,-22.0,3.7976108296950186,0.2708333333333333,151.26434096699305,11737.0,0.0,-4.844559585492228,-5.0,1.329428110843089,0.28125,60.81347150259067,61.0,4.288602247827267,0.4166666666666667
2024-01-01 01:58:26.000000,2024-01-01 01:58:32.000000,8,-20.689119170984455,-22.0,4.154156521798296,0.24479166666666666,144.96963860917705,11746.0,0.0,-4.787564766839378,-5.0,1.4110615009933107,0.3541666666666667,60.86010362694301,61.0,4.388207918866828,0.3958333333333333
2024-01-01 01:58:28.000000,2024-01-01 01:58:34.000000,8,-19.735751295336787,-21.0,4.137936354169452,0.18229166666666666,176.09922770359123,11810.0,0.0,-4.72020725388601,-5.0,1.3285549631669136,0.3385416666666667,61.19170984455958,61.0,4.459252282095208,0.40625
2024-01-01 01:58:30.000000,2024-01-01 01:58:36.000000,8,-18.76683937823834,-19.0,3.9755160645222656,0.234375,177.26963864058536,11859.0,0.0,-4.647668393782383,-5.0,1.2033837941950434,0.3125,61.44559585492228,61.0,3.7760751479964036,0.4375
2024-01-01 01:58:32.000000,2024-01-01 01:58:38.000000,8,-18.487046632124354,-19.0,3.6487851978006494,0.2916666666666667,156.53638458629092,11871.0,0.0,-4.652849740932642,-5.0,1.1631067696101476,0.3072916666666667,61.50777202072539,62.0,3.7515540821222433,0.421875
2024-01-01 01:58:34.000000,2024-01-01 01:58:40.000000,8,-18.860103626943005,-19.0,3.7881550574396403,0.2864583333333333,112.67549570446172,11864.0,0.0,-4.606217616580311,-5.0,1.177197720533687,0.3177083333333333,61.47150259067357,62.0,3.588242710756245,0.3802083333333333
2024-01-01 01:58:36.000000,2024-01-01 01:58:42.000000,8,-20.580310880829014,-20.0,4.299349018884497,0.3020833333333333,122.67069972314518,11764.000000000002,0.0,-4.435233160621761,-4.0,1.4314918181957283,0.3333333333333333,60.95336787564767,61.0,3.8028089336486075,0.4375
2024-01-01 01:58:38.000000,2024-01-01 01:58:44.000000,8,-21.99481865284974,-23.0,3.950866742098101,0.2708333333333333,98.9493496976168,11689.000000000002,0.0,-4.321243523316062,-4.0,1.3920961816373136,0.3541666666666667,60.56476683937824,60.0,3.4425647646623383,0.46875
2024-01-01 01:58:40.000000,2024-01-01 01:58:46.000000,8,-22.010362694300518,-22.0,3.2483804254737567,0.25,119.78063368067514,11680.0,0.0,-4.409326424870466,-4.0,1.2555360998793184,0.3489583333333333,60.51813471502591,60.0,2.965238298898986,0.484375
2024-01-01 01:58:42.000000,2024-01-01 01:58:48.000000,8,-22.39378238341969,-23.0,2.7003785796124404,0.203125,85.35003365980889,11653.0,0.0,-4.362694300518135,-4.0,1.182800787510769,0.328125,60.37823834196891,60.0,2.3885453656421443,0.375
2024-01-01 01:58:44.000000,2024-01-01 01:58:50.000000,8,-22.031088082901555,-22.0,3.1637707192645914,0.17708333333333334,94.42835811231329,11683.000000000002,0.0,-4.424870466321243,-4.0,1.2607054526502093,0.2760416666666667,60.53367875647668,60.0,2.7367398945518704,0.3697916666666667
2024-01-01 01:58:46.000000,2024-01-01 01:58:52.000000,8,-23.61139896373057,-24.0,3.201444109597094,0.19270833333333334,91.64038106672562,11564.0,0.0,-4.544041450777202,-5.0,1.2371751418478405,0.22395833333333334,59.917098445595855,60.0,2.727821145859756,0.3489583333333333
2024-01-01 01:58:48.000000,2024-01-01 01:58:54.000000,8,-23.1139896373057,-23.0,3.386163810871933,0.203125,118.97843043056797,11589.0,0.0,-4.829015544041451,-5.0,1.024078633031724,0.22395833333333334,60.04663212435233,60.0,2.958550735158063,0.3125
2024-01-01 01:58:50.000000,2024-01-01 01:58:56.000000,8,-23.22279792746114,-23.0,3.0630694106014533,0.21354166666666666,115.02925206835423,11584.000000000002,0.0,-4.564766839378239,-5.0,1.0979156732469533,0.22395833333333334,60.020725388601036,60.0,2.9046631854779315,0.3072916666666667
2024-01-01 01:58:52.000000,2024-01-01 01:58:58.000000,8,-21.77720207253886,-22.0,3.2511373723917507,0.20833333333333334,137.90991469587874,11697.0,0.0,-4.424870466321243,-4.0,1.1927747363502048,0.2916666666666667,60.60621761658031,60.0,3.1738453763896093,0.4166666666666667
2024-01-01 01:58:54.000000,2024-01-01 01:59:00.000000,8,-23.269430051813472,-23.0,4.284170012301159,0.15104166666666666,123.42451897072031,11569.0,0.0,-4.409326424870466,-4.0,1.4337146036665875,0.2552083333333333,59.943005181347154,60.0,3.101052456588678,0.3177083333333333
2024-01-01 01:58:56.000000,2024-01-01 01:59:02.000000,8,-27.813471502590673,-26.0,8.323312195678819,0.046875,371.79940257153766,11091.0,0.0,-4.8549222797927465,-5.0,1.713819175351678,0.22395833333333334,57.46632124352332,58.0,4.986456181541334,0.140625
2024-01-01 01:58:58.000000,2024-01-01 01:59:04.000000,8,-35.89637305699482,-34.0,9.156602655648937,0.036458333333333336,671.1097852070528,10168.0,0.0,-5.046632124352332,-5.0,1.5853829566294018,0.15625,52.6839378238342,55.0,5.958065352621949,0.015625
2024-01-01 01:59:00.000000,2024-01-01 01:59:06.000000,8,-31.60103626943005,-38.0,22.22286264009551,0.07291666666666667,1201.3366690197477,8113.000000000001,0.0,-18.66839378238342,-5.0,22.526463280494365,0.005208333333333333,42.03626943005181,46.0,14.05471935011022,0.005208333333333333
2024-01-01 01:59:02.000000,2024-01-01 01:59:08.000000,8,-15.818652849740932,-11.0,29.140880224507086,0.026041666666666668,1397.5803600035053,6352.0,0.0,-35.80829015544042,-57.0,25.330513830464877,0.015625,32.9119170984456,27.0,12.306735662220026,0.015625
2024-01-01 01:59:04.000000,2024-01-01 01:59:10.000000,8,2.6528497409326426,11.0,21.20408531449021,0.005208333333333333,450.9582625617197,5164.0,0.0,-52.78756476683938,-57.0,13.315539589501624,0.015625,26.756476683937823,26.0,7.7538815562436465,0.052083333333333336
2024-01-01 01:59:06.000000,2024-01-01 01:59:12.000000,8,11.031088082901555,11.0,0.9942896111006381,0.020833333333333332,160.33182148305573,5294.000000000001,0.0,-56.44559585492228,-56.0,0.528750278155384,0.08854166666666667,27.430051813471504,28.0,1.4742683557620624,0.057291666666666664
2024-01-01 01:59:08.000000,2024-01-01 01:59:14.000000,8,10.77720207253886,11.0,0.6900320385042625,0.20833333333333334,57.834670659203766,5513.0,0.0,-56.06217616580311,-56.0,0.376758971984265,0.078125,28.564766839378237,29.0,0.8643410740141735,0.171875
2024-01-01 01:59:10.000000,2024-01-01 01:59:16.000000,8,11.16580310880829,11.0,0.843770988992445,0.19270833333333334,32.939235525787225,5564.0,0.0,-55.932642487046635,-56.0,0.25129199826851273,0.08333333333333333,28.82901554404145,29.0,0.7683773248208143,0.19791666666666666
2024-01-01 01:59:12.000000,2024-01-01 01:59:18.000000,8,12.917098445595855,12.0,3.2457292252742915,0.06770833333333333,476.1255620006924,5049.0,0.0,-56.512953367875646,-56.0,1.0709653369845598,0.005208333333333333,26.16062176165803,29.0,4.841240331230449,0.015625
2024-01-01 01:59:14.000000,2024-01-01 01:59:20.000000,8,14.217616580310882,15.0,3.0744749751879556,0.046875,492.44205345320756,4671.0,0.0,-56.96373056994819,-57.0,1.0019411212055813,0.005208333333333333,24.202072538860104,24.0,4.440063327124668,0.015625
2024-01-01 01:59:16.000000,2024-01-01 01:59:22.000000,8,15.103626943005182,15.0,2.5289237882487328,0.09375,325.4331753302899,4472.0,0.0,-57.1139896373057,-57.0,0.8882691150351854,0.11458333333333333,23.17098445595855,24.0,3.5291623718146092,0.052083333333333336
2024-01-01 01:59:18.000000,2024-01-01 01:59:24.000000,8,14.595854922279793,15.0,0.7921380743549894,0.16666666666666666,160.41594058674926,4812.0,0.0,-56.54922279792746,-56.0,0.6446186833916215,0.09895833333333333,24.932642487046632,26.0,1.4862641090085933,0.015625
2024-01-01 01:59:20.000000,2024-01-01 01:59:26.000000,8,6.658031088082901,14.0,21.24257591536069,0.005208333333333333,804.7489360660203,5852.0,0.0,-50.09844559585492,-56.0,13.780483167191328,0.005208333333333333,30.321243523316063,26.0,11.943461186451044,0.015625
2024-01-01 01:59:22.000000,2024-01-01 01:59:28.000000,8,-9.2279792746114,14.0,28.630546125008422,0.057291666666666664,1560.4710447393895,7613.0,0.0,-33.751295336787564,-40.0,23.303037867072117,0.005208333333333333,39.44559585492228,31.0,15.968667034434944,0.046875
2024-01-01 01:59:24.000000,2024-01-01 01:59:30.000000,8,-24.11917098445596,-30.0,24.649866787520107,0.08854166666666667,970.3458766006861,9516.0,0.0,-16.844559585492227,-10.0,19.26829984980251,0.057291666666666664,49.30569948186528,52.0,14.436456262880151,0.13020833333333334
2024-01-01 01:59:26.000000,2024-01-01 01:59:32.000000,8,-32.523316062176164,-33.0,12.725905558340152,0.13541666666666666,355.74066580752225,10535.0,0.0,-5.373056994818653,-4.0,5.374098711437697,0.109375,54.58549222797927,55.0,7.905970640070583,0.15104166666666666
2024-01-01 01:59:28.000000,2024-01-01 01:59:34.000000,8,-32.18652849740933,-33.0,7.649647654635423,0.19270833333333334,229.38263233369787,10732.0,0.0,-3.9585492227979273,-3.0,2.9542240184099025,0.078125,55.60621761658031,56.0,5.332717675497463,0.25
2024-01-01 01:59:30.000000,2024-01-01 01:59:36.000000,8,-32.66321243523316,-33.0,4.152753108061124,0.22916666666666666,113.9848948730634,10743.0,0.0,-3.2797927461139897,-3.0,1.5459813356426495,0.03125,55.66321243523316,56.0,2.9554934799191592,0.25
2024-01-01 01:59:32.000000,2024-01-01 01:59:38.000000,8,-32.32124352331606,-32.0,0.5500137382488922,0.2552083333333333,16.275829955361456,10793.0,0.0,-3.005181347150259,-3.0,0.21644402005351301,0.03125,55.92227979274612,56.0,0.3807489664791723,0.17708333333333334
2024-01-01 01:59:34.000000,2024-01-01 01:59:40.000000,8,-32.07772020725388,-32.0,0.3941908701906028,0.15104166666666666,12.22500631908958,10807.0,0.0,-3.005181347150259,-3.0,0.21644402005351338,0.03125,55.994818652849744,56.0,0.3306781120922977,0.07291666666666667
2024-01-01 01:59:36.000000,2024-01-01 01:59:42.000000,8,-32.005181347150256,-32.0,0.27946021866613874,0.07291666666666667,7.560898140249535,10815.000000000002,0.0,-2.994818652849741,-3.0,0.1248920086191497,0.020833333333333332,56.03626943005181,56.0,0.21343073122060263,0.08333333333333333
2024-01-01 01:59:38.000000,2024-01-01 01:59:44.000000,8,-31.979274611398964,-32.0,0.2030637528892791,0.0625,5.513041783723511,10815.0,0.0,-3.0,-3.0,0.0,0.0,56.03626943005181,56.0,0.18744601986357118,0.06770833333333333
2024-01-01 01:59:40.000000,2024-01-01 01:59:46.000000,8,-31.93782383419689,-32.0,0.452158515313644,0.11979166666666667,17.47949270693753,10833.0,0.0,-2.9844559585492227,-3.0,0.12402469251053035,0.010416666666666666,56.129533678756474,56.0,0.529158422004775,0.09895833333333333
2024-01-01 01:59:42.000000,2024-01-01 01:59:48.000000,8,-28.476683937823836,-32.0,8.987301538641029,0.026041666666666668,224.49304289038372,10963.000000000002,0.0,-5.61139896373057,-3.0,4.502230305105154,0.026041666666666668,56.803108808290155,56.0,4.467777070494987,0.13020833333333334
2024-01-01 01:59:44.000000,2024-01-01 01:59:50.000000,8,-29.316062176165804,-32.0,11.120486024125952,0.0625,272.9701220119865,10840.0,0.0,-6.404145077720207,-3.0,4.746970900357701,0.052083333333333336,56.16580310880829,56.0,6.367517790724937,0.140625
2024-01-01 01:59:46.000000,2024-01-01 01:59:52.000000,8,-31.55440414507772,-36.0,12.292799119402499,0.078125,391.54703161790417,10565.000000000002,0.0,-5.994818652849741,-4.0,5.119913542286003,0.052083333333333336,54.740932642487046,54.0,6.886371894956565,0.140625
2024-01-01 01:59:48.000000,2024-01-01 01:59:54.000000,8,-36.89119170984456,-37.0,6.839192746706117,0.203125,207.24591183747478,10233.000000000002,0.0,-3.139896373056995,-2.0,3.035572775035854,0.078125,53.020725388601036,53.0,4.9402245112009755,0.22395833333333334
2024-01-01 01:59:50.000000,2024-01-01 01:59:56.000000,8,-39.61658031088083,-41.0,3.472831264950639,0.046875,258.73100757963437,9897.0,0.0,-1.9740932642487046,-2.0,0.8256010005382801,0.15625,51.27979274611399,50.0,2.729937415062004,0.057291666666666664
2024-01-01 01:59:52.000000,2024-01-01 01:59:58.000000,8,-41.21243523316062,-42.0,3.170740380350536,0.046875,209.73591524801418,9647.0,0.0,-2.1088082901554404,-2.0,0.5037103267397341,0.19791666666666666,49.984455958549226,49.0,2.6818772264377877,0.08854166666666667
2024-01-01 01:59:54.000000,2024-01-01 02:00:00.000000,8,-44.932642487046635,-43.0,3.137578312710899,0.005208333333333333,333.6309215174701,9011.000000000002,0.0,-1.6269430051813472,-2.0,0.8451451316843004,0.057291666666666664,46.689119170984455,49.0,2.9715203304480355,0.005208333333333333
2024-01-01 01:59:56.000000,2024-01-01 02:00:02.000000,8,-46.39378238341969,-48.0,2.888620398488357,0.020833333333333332,289.7642720028331,8754.0,0.0,-1.0155440414507773,-1.0,1.2352322822121335,0.06770833333333333,45.35751295336787,44.0,2.694836503831625,0.020833333333333332
2024-01-01 01:59:58.000000,2024-01-01 02:00:04.000000,8,-47.45077720207254,-48.0,1.7908656883318224,0.046875,132.524977084153,8577.000000000002,0.0,-0.3005181347150259,0.0,0.9589760929266361,0.234375,44.44041450777202,44.0,1.7071613360454334,0.026041666666666668
2024-01-01 02:00:00.000000,2024-01-01 02:00:06.000000,8,-46.55958549222798,-46.0,1.3985944708724891,0.08854166666666667,83.891220413143,8753.0,0.0,-0.05699481865284974,0.0,0.8731321044653039,0.17708333333333334,45.35233160621762,46.0,1.282984498268758,0.09895833333333333
2024-01-01 02:00:02.000000,2024-01-01 02:00:08.000000,8,-46.129533678756474,-46.0,0.8713066637213644,0.09375,48.167993404951424,8836.0,0.0,0.0051813471502590676,0.0,0.41454555095541074,0.07291666666666667,45.78238341968912,46.0,0.8504291307277358,0.10416666666666667
2024-01-01 02:00:04.000000,2024-01-01 02:00:10.000000,8,-45.968911917098445,-46.0,0.5093575994092899,0.10416666666666667,18.293126695210216,8871.0,0.0,0.0,0.0,0.27003086243366087,0.03125,45.96373056994819,46.0,0.47184320527341866,0.10416666666666667
2024-01-01 02:00:06.000000,2024-01-01 02:00:12.000000,8,-46.031088082901555,-46.0,0.5294133521260367,0.125,28.946882861355217,8861.0,0.0,-0.010362694300518135,0.0,0.1764711173753458,0.010416666666666666,45.9119170984456,46.0,0.4868189188581357,0.14583333333333334
2024-01-01 02:00:08.000000,2024-01-01 02:00:14.000000,8,-46.248704663212436,-46.0,0.4452420699614517,0.22916666666666666,20.66532402767299,8825.0,0.0,0.0,0.0,0.0,0.0,45.72538860103627,46.0,0.4474790256660677,0.234375
2024-01-01 02:00:10.000000,2024-01-01 02:00:16.000000,8,-46.3160621761658,-46.0,0.48798163843255776,0.2760416666666667,25.629499798889963,8810.0,0.0,0.0,0.0,0.10206207261596575,0.010416666666666666,45.64766839378238,46.0,0.48969298830790703,0.3125
2024-01-01 02:00:12.000000,2024-01-01 02:00:18.000000,8,-46.20725388601036,-46.0,0.41901325406384615,0.21875,24.22116513888453,8834.000000000002,0.0,0.0,0.0,0.10206207261596575,0.010416666666666666,45.7720207253886,46.0,0.4446962441579886,0.22916666666666666
2024-01-01 02:00:14.000000,2024-01-01 02:00:20.000000,8,-44.829015544041454,-46.0,3.663841842469748,0.078125,165.4961818126717,9037.0,0.0,-0.41450777202072536,0.0,0.9265734878166423,0.078125,46.82383419689119,46.0,2.7080227668355166,0.057291666666666664
2024-01-01 02:00:16.000000,2024-01-01 02:00:22.000000,8,-42.398963730569946,-43.0,4.324277271470077,0.026041666666666668,394.62083538282667,9441.000000000002,0.0,-0.7772020725388601,-1.0,0.9225747742933073,0.06770833333333333,48.917098445595855,48.0,3.4176880397621083,0.036458333333333336
2024-01-01 02:00:18.000000,2024-01-01 02:00:24.000000,8,-40.37823834196891,-40.0,3.4861247296098288,0.026041666666666668,216.14791304290554,9768.0,0.0,-1.1865284974093264,-1.0,0.7815748461082157,0.17708333333333334,50.61139896373057,51.0,2.7193892182266346,0.026041666666666668
2024-01-01 02:00:20.000000,2024-01-01 02:00:26.000000,8,-39.92746113989637,-40.0,2.1877790964318375,0.109375,61.80243742551503,9934.000000000002,0.0,-1.1917098445595855,-1.0,0.6689027697441015,0.234375,51.47150259067357,51.0,0.8841582162120872,0.16145833333333334
2024-01-01 02:00:22.000000,2024-01-01 02:00:28.000000,8,-44.67875647668394,-40.0,12.218940834305672,0.06770833333333333,2318.5946815617604,7173.0,0.0,-7.652849740932642,-1.0,12.818391111635123,0.020833333333333332,37.16580310880829,51.0,23.925524016870874,0.036458333333333336
2024-01-01 02:00:24.000000,2024-01-01 02:00:30.000000,8,-49.61139896373057,-44.0,16.16739499899536,0.13020833333333334,2684.4273492335915,3570.0,0.0,-3.4922279792746114,-2.0,24.53168002191768,0.036458333333333336,18.497409326424872,21.0,31.476367516018335,0.08854166666666667
2024-01-01 02:00:26.000000,2024-01-01 02:00:32.000000,8,-53.21761658031088,-52.0,16.832331875680712,0.20833333333333334,1724.9617125147404,1770.0,0.0,-10.466321243523316,-19.0,26.406875592992183,0.078125,9.17098445595855,10.0,26.45666243211021,0.17708333333333334
2024-01-01 02:00:28.000000,2024-01-01 02:00:34.000000,8,-54.020725388601036,-55.0,14.307252877045874,0.125,2435.574633097342,2785.0,0.0,-9.202072538860104,-18.0,24.608297970715967,0.036458333333333336,14.430051813471502,16.0,25.523406914401825,0.13541666666666666
2024-01-01 02:00:30.000000,2024-01-01 02:00:36.000000,8,-55.93782383419689,-58.0,10.865478083804565,0.16666666666666666,1712.1188759419483,3427.0,0.0,-19.66321243523316,-19.0,6.212851603183323,0.20833333333333334,17.756476683937823,14.0,19.230990939667905,0.09375
2024-01-01 02:00:32.000000,2024-01-01 02:00:38.000000,8,-52.05181347150259,-58.0,15.99307823346377,0.11458333333333333,2395.6373564576033,4575.0,0.0,-15.94818652849741,-18.0,6.068824821580033,0.11458333333333333,23.704663212435232,22.0,22.856454891879554,0.0625
2024-01-01 02:00:34.000000,2024-01-01 02:00:40.000000,8,-51.020725388601036,-59.0,19.241870185121584,0.08333333333333333,2971.0263020553266,4008.0,0.0,-12.606217616580311,-13.0,7.519444425835576,0.109375,20.76683937823834,11.0,26.808396905558176,0.08333333333333333
2024-01-01 02:00:36.000000,2024-01-01 02:00:42.000000,8,-50.766839378238345,-58.0,18.944066212034343,0.03125,4279.0919919732405,2440.9999999999995,0.16580310880829016,-8.362694300518134,-8.0,5.701156406344484,0.24479166666666666,12.647668393782384,5.0,33.15447128049947,0.020833333333333332
2024-01-01 02:00:38.000000,2024-01-01 02:00:44.000000,8,-53.994818652849744,-60.0,18.67470922612943,0.07291666666666667,3505.2019159970405,974.0,0.16580310880829016,-7.139896373056994,-7.0,3.3828787650765038,0.28125,5.046632124352332,-3.0,29.876706742642135,0.020833333333333332
2024-01-01 02:00:40.000000,2024-01-01 02:00:46.000000,8,-43.9119170984456,-58.0,31.24912520364516,0.03125,4008.3927476442555,1625.0,-0.16580310880829016,-7.823834196891192,-7.0,8.53851883949237,0.21354166666666666,8.419689119170984,-3.0,34.50279315243211,0.010416666666666666
2024-01-01 02:00:42.000000,2024-01-01 02:00:48.000000,8,-37.3419689119171,-50.0,32.59868271653313,0.03125,3734.0173174309393,4639.0,0.0,-14.139896373056995,-10.0,12.469383922466749,0.026041666666666668,24.036269430051814,32.0,32.907125155661376,0.026041666666666668
2024-01-01 02:00:44.000000,2024-01-01 02:00:50.000000,8,-36.75647668393783,-47.0,31.836459903517166,0.06770833333333333,2922.9594931415204,4383.0,0.0,-22.34715025906736,-24.0,14.550869986276192,0.15104166666666666,22.70984455958549,20.0,32.10576201654795,0.08854166666666667
2024-01-01 02:00:46.000000,2024-01-01 02:00:52.000000,8,-48.12435233160622,-52.0,20.09910543511533,0.19791666666666666,1516.2599454913302,3609.9999999999995,0.0,-29.383419689119172,-30.0,7.669483272130223,0.17708333333333334,18.704663212435232,19.0,24.51638119484993,0.171875
2024-01-01 02:00:48.000000,2024-01-01 02:00:54.000000,8,-35.119170984455955,-49.0,33.063248972877524,0.078125,2483.8237500561004,5322.0,0.0,-24.34715025906736,-28.0,13.981710697342436,0.0625,27.575129533678755,23.0,26.400674768617968,0.09375
2024-01-01 02:00:50.000000,2024-01-01 02:00:56.000000,8,-26.077720207253886,-31.0,30.69845223745774,0.06770833333333333,2161.642270942889,7839.0,0.0,-22.53886010362694,-27.0,12.556944988486206,0.06770833333333333,40.61658031088083,44.0,21.920265896991726,0.08854166666666667
2024-01-01 02:00:52.000000,2024-01-01 02:00:58.000000,8,-23.59585492227979,-29.0,28.92613407852565,0.10416666666666667,1453.3086520132933,8856.0,0.0,-21.248704663212436,-25.0,12.110184715114666,0.09895833333333333,45.8860103626943,47.0,17.814362801423055,0.14583333333333334
2024-01-01 02:00:54.000000,2024-01-01 02:01:00.000000,8,-32.93782383419689,-31.0,19.504974510526893,0.08854166666666667,1028.8333938095045,8636.0,0.0,-24.40414507772021,-25.0,7.398788148215635,0.15625,44.74611398963731,47.0,16.286267154910156,0.14583333333333334
2024-01-01 02:00:56.000000,2024-01-01 02:01:02.000000,8,-40.398963730569946,-38.0,17.560057628622772,0.109375,1455.0431186060648,7834.0,0.0,-19.367875647668395,-21.0,9.374966896890314,0.06770833333333333,40.590673575129536,44.0,18.2329633968654,0.078125
2024-01-01 02:00:58.000000,2024-01-01 02:01:04.000000,8,-46.3160621761658,-50.0,20.018704821893802,0.041666666666666664,2668.6587848378717,6056.0,0.0,-14.202072538860104,-13.0,7.862463291840798,0.09375,31.378238341968913,28.0,24.48504949890301,0.03125
2024-01-01 02:01:00.000000,2024-01-01 02:01:06.000000,8,-56.90155440414508,-61.0,13.718359340238546,0.109375,2038.4109176415031,2454.0,0.0,-10.316062176165802,-10.0,5.234958714843315,0.20833333333333334,12.715025906735752,7.0,24.385716279471204,0.078125
2024-01-01 02:01:02.000000,2024-01-01 02:01:08.000000,8,-48.0880829015544,-62.0,30.579089958004932,0.03125,2654.910443831106,2393.0,0.16580310880829016,-7.2072538860103625,-8.0,6.202196286296319,0.18229166666666666,12.398963730569948,2.0,27.973786072927027,0.041666666666666664
2024-01-01 02:01:04.000000,2024-01-01 02:01:10.000000,8,-45.36787564766839,-60.0,29.7959100266763,0.052083333333333336,3221.34210905925,2522.0,0.16580310880829016,-11.38860103626943,-10.0,10.821432948253227,0.09895833333333333,13.067357512953368,1.0,29.952403593062904,0.026041666666666668
2024-01-01 02:01:06.000000,2024-01-01 02:01:12.000000,8,-43.80829015544042,-57.0,28.889688429992425,0.03125,3041.050129550916,2682.0,0.16580310880829016,-16.082901554404145,-22.0,11.902965661427949,0.015625,13.896373056994818,5.0,30.050992033432724,0.052083333333333336
2024-01-01 02:01:08.000000,2024-01-01 02:01:14.000000,8,-56.170984455958546,-57.0,8.660662236801844,0.2760416666666667,1575.924120255395,1217.0,0.16580310880829016,-22.082901554404145,-22.0,5.661765761415157,0.17708333333333334,-6.305699481865285,-11.0,20.901924219954463,0.08854166666666667
2024-01-01 02:01:10.000000,2024-01-01 02:01:16.000000,8,-57.865284974093264,-58.0,4.603269563427185,0.3177083333333333,1007.0352990167914,2877.0000000000005,0.0,-20.818652849740932,-21.0,3.714171095377004,0.18229166666666666,-14.906735751295336,-17.0,13.100238794643552,0.171875
2024-01-01 02:01:12.000000,2024-01-01 02:01:18.000000,8,-57.94818652849741,-58.0,4.878461306090878,0.3489583333333333,619.3173300788446,2982.0,0.0,-20.54922279792746,-20.0,4.669148735438209,0.24479166666666666,-15.450777202072539,-17.0,13.025172420367833,0.21354166666666666
2024-01-01 02:01:14.000000,2024-01-01 02:01:20.000000,8,-58.590673575129536,-58.0,4.972142820900611,0.3958333333333333,1089.5637859361425,1551.0,0.0,-23.870466321243523,-23.0,6.1516265032573765,0.09895833333333333,-8.036269430051814,-9.0,12.559182006684566,0.16145833333333334
2024-01-01 02:01:16.000000,2024-01-01 02:01:22.000000,8,-58.398963730569946,-58.0,5.042671969027861,0.359375,546.5592098145639,233.99999999999997,-0.6632124352331606,-26.78238341968912,-27.0,5.24844228062546,0.21354166666666666,-1.2124352331606219,0.0,11.06427484713385,0.18229166666666666
2024-01-01 02:01:18.000000,2024-01-01 02:01:24.000000,8,-57.7720207253886,-57.0,5.072376637195648,0.3854166666666667,563.2056776845671,197.00000000000003,-0.6632124352331606,-29.196891191709845,-29.0,3.671765962717953,0.19270833333333334,1.0207253886010363,2.0,8.913331862313756,0.265625
2024-01-01 02:01:20.000000,2024-01-01 02:01:26.000000,8,-57.284974093264246,-57.0,5.167671151450494,0.34375,449.08843424847504,364.0,0.6632124352331606,-29.497409326424872,-30.0,3.3324858594530107,0.16666666666666666,1.8860103626943006,2.0,8.19218766187592,0.2552083333333333
2024-01-01 02:01:22.000000,2024-01-01 02:01:28.000000,8,-56.917098445595855,-57.0,6.471360614569368,0.3489583333333333,710.655026068867,554.0,0.16580310880829016,-30.031088082901555,-31.0,3.605416549777476,0.23958333333333334,-2.8704663212435233,-1.0,10.883799518959906,0.21354166666666666
2024-01-01 02:01:24.000000,2024-01-01 02:01:30.000000,8,-40.03626943005181,-54.0,26.609125364750895,0.005208333333333333,3318.1685875583753,2611.0,0.16580310880829016,-23.424870466321245,-29.0,12.505240697603888,0.036458333333333336,13.528497409326425,1.0,35.741555913035306,0.005208333333333333
2024-01-01 02:01:26.000000,2024-01-01 02:01:32.000000,8,-37.61139896373057,-51.0,28.122856855593607,0.020833333333333332,4062.1127317700275,4072.0,0.0,-18.207253886010363,-17.0,13.414410364992364,0.046875,21.098445595854923,9.0,37.260983387290125,0.020833333333333332
2024-01-01 02:01:28.000000,2024-01-01 02:01:34.000000,8,-38.67357512953368,-52.0,28.989440896747986,0.03125,3147.9129458744756,5118.0,0.0,-12.89119170984456,-13.0,10.837510819368566,0.19791666666666666,26.518134715025905,24.0,34.3223222529584,0.03125
2024-01-01 02:01:30.000000,2024-01-01 02:01:36.000000,8,-57.005181347150256,-62.0,15.667607709767008,0.16145833333333334,1556.023872132967,1496.0,0.16580310880829016,-13.601036269430052,-14.0,7.598067117402474,0.234375,7.751295336787565,3.0,23.123768230276188,0.13020833333333334
2024-01-01 02:01:32.000000,2024-01-01 02:01:38.000000,8,-61.689119170984455,-63.0,6.967688502958926,0.328125,1140.2013298537154,290.0,-0.16580310880829016,-13.010362694300518,-13.0,3.372668387978238,0.2864583333333333,-1.5025906735751295,-3.0,15.899791780715901,0.16666666666666666
2024-01-01 02:01:34.000000,2024-01-01 02:01:40.000000,8,-61.51813471502591,-61.0,5.255050412310429,0.3385416666666667,1048.2492562743291,1875.0,0.0,-12.145077720207254,-12.0,3.061809296119387,0.2760416666666667,-9.715025906735752,-13.0,14.12137240011986,0.11458333333333333
2024-01-01 02:01:36.000000,2024-01-01 02:01:42.000000,8,-61.33678756476684,-61.0,5.417520193149066,0.4010416666666667,1028.7735769141834,2276.0,0.0,-11.875647668393782,-12.0,3.3904089171095424,0.2708333333333333,-11.792746113989637,-16.0,15.303817239730785,0.15104166666666666
2024-01-01 02:01:38.000000,2024-01-01 02:01:44.000000,8,-60.49222797927461,-60.0,6.968021577015583,0.375,652.2270492933443,2690.0,0.0,-15.637305699481866,-12.0,7.583772216797484,0.08854166666666667,-13.937823834196891,-16.0,13.590218197523694,0.18229166666666666
2024-01-01 02:01:40.000000,2024-01-01 02:01:46.000000,8,-47.90155440414508,-57.0,24.14875013303816,0.08333333333333333,3029.6499787481957,1159.0,0.16580310880829016,-20.7720207253886,-20.0,10.665356913057414,0.09375,6.005181347150259,-6.0,32.01130942881204,0.06770833333333333
2024-01-01 02:01:42.000000,2024-01-01 02:01:48.000000,8,-37.55958549222798,-43.0,25.406647420716926,0.057291666666666664,3048.7233112273416,5202.0,0.0,-23.072538860103627,-23.0,9.854404804017884,0.16145833333333334,26.95336787564767,37.0,32.60660243650822,0.036458333333333336
2024-01-01 02:01:44.000000,2024-01-01 02:01:50.000000,8,-27.34715025906736,-30.0,24.506986772976525,0.09375,1385.379672151387,8376.0,0.0,-23.564766839378237,-23.0,10.184608591344816,0.125,43.398963730569946,47.0,22.221456386127198,0.09375
2024-01-01 02:01:46.000000,2024-01-01 02:01:52.000000,8,-38.181347150259064,-43.0,23.158495207138724,0.09375,3031.1458306327954,5965.0,0.0,-26.2279792746114,-28.0,9.138964460825687,0.078125,30.906735751295336,34.0,24.83805057722292,0.026041666666666668
2024-01-01 02:01:48.000000,2024-01-01 02:01:54.000000,8,-44.01036269430052,-49.0,19.574906778541777,0.171875,1701.7068066619588,3818.0,0.0,-32.48186528497409,-34.0,6.902666501861723,0.11458333333333333,19.78238341968912,15.0,20.89518237233301,0.057291666666666664
2024-01-01 02:01:50.000000,2024-01-01 02:01:56.000000,8,-52.134715025906736,-53.0,6.659304819091489,0.2552083333333333,905.5232444154104,1330.0,0.0,-36.20725388601036,-37.0,3.330501279649631,0.15104166666666666,6.891191709844559,5.0,11.755476344804752,0.13020833333333334
2024-01-01 02:01:52.000000,2024-01-01 02:01:58.000000,8,-40.47150259067357,-49.0,21.897737381244713,0.036458333333333336,2481.0175003963764,3668.0000000000005,0.0,-36.02590673575129,-37.0,4.131226655456764,0.140625,19.00518134715026,11.0,23.011205922632925,0.057291666666666664
2024-01-01 02:01:54.000000,2024-01-01 02:02:00.000000,8,-27.4559585492228,-32.0,26.06061400526869,0.041666666666666664,3212.793304995162,6072.0,0.0,-33.601036269430054,-35.0,5.481160818709176,0.09375,31.46113989637306,39.0,27.03276932620609,0.026041666666666668
2024-01-01 02:01:56.000000,2024-01-01 02:02:02.000000,8,-21.025906735751295,-24.0,22.108971414611073,0.052083333333333336,1274.2575027859875,8821.0,0.0,-30.316062176165804,-32.0,9.69367282025312,0.057291666666666664,45.704663212435236,48.0,16.870858412003177,0.09375
2024-01-01 02:01:58.000000,2024-01-01 02:02:04.000000,8,-32.461139896373055,-34.0,22.34809352295037,0.046875,818.3340949532861,8591.0,0.0,-19.673575129533678,-26.0,15.414825661443972,0.005208333333333333,44.512953367875646,43.0,9.554726583547842,0.08854166666666667
2024-01-01 02:02:00.000000,2024-01-01 02:02:06.000000,8,-47.87564766839378,-55.0,12.991386478171403,0.015625,604.1946511154874,7338.0,0.0,-10.373056994818652,-2.0,14.532137499129686,0.015625,38.020725388601036,34.0,6.118583841140933,0.06770833333333333
2024-01-01 02:02:02.000000,2024-01-01 02:02:08.000000,8,-55.295336787564764,-55.0,0.7294611421168189,0.2708333333333333,55.02252092475403,6603.0,0.0,-1.7927461139896372,-2.0,1.211296319546897,0.15104166666666666,34.21243523316062,34.0,1.3545643430954173,0.06770833333333333
2024-01-01 02:02:04.000000,2024-01-01 02:02:10.000000,8,-55.54922279792746,-56.0,0.4988652927503379,0.328125,25.07877927594307,6511.0,0.0,-1.6994818652849741,-2.0,0.48180405436737034,0.21354166666666666,33.73575129533679,34.0,0.46504545063592134,0.2604166666666667
2024-01-01 02:02:06.000000,2024-01-01 02:02:12.000000,8,-55.69430051813472,-56.0,0.4619012485208801,0.359375,20.14409581250159,6482.0,0.0,-1.3937823834196892,-1.0,0.4898582855238574,0.21354166666666666,33.58549222797927,34.0,0.4939181055512791,0.34375
2024-01-01 02:02:08.000000,2024-01-01 02:02:14.000000,8,-55.55440414507772,-56.0,1.4173014934431072,0.3645833333333333,74.7973430186646,6513.0,0.0,-1.6269430051813472,-1.0,0.9496158663426345,0.203125,33.74611398963731,34.0,1.8882305229425838,0.34375
2024-01-01 02:02:10.000000,2024-01-01 02:02:16.000000,8,-55.7979274611399,-56.0,1.5088612755576236,0.2604166666666667,91.54734088416147,6416.000000000001,0.0,-1.782383419689119,-2.0,0.9322355065774217,0.11979166666666667,33.24352331606217,33.0,2.066037879998558,0.19270833333333334
2024-01-01 02:02:12.000000,2024-01-01 02:02:18.000000,8,-55.994818652849744,-56.0,1.525810608764056,0.125,116.91486409227673,6325.0,0.0,-2.0673575129533677,-2.0,0.7909789304360657,0.0625,32.7720207253886,32.0,2.0965856567845993,0.16145833333333334
2024-01-01 02:02:14.000000,2024-01-01 02:02:20.000000,8,-56.35751295336787,-56.0,0.5220732219239826,0.2708333333333333,15.79066456662105,6201.0,0.0,-1.8134715025906736,-2.0,0.42869092215225596,0.140625,32.129533678756474,32.0,0.4550735862604173,0.17708333333333334
2024-01-01 02:02:16.000000,2024-01-01 02:02:22.000000,8,-56.284974093264246,-56.0,0.45257610358223677,0.2552083333333333,20.30343370809178,6212.0,0.0,-1.6580310880829014,-2.0,0.4756029715303488,0.2708333333333333,32.18652849740933,32.0,0.4163643117140132,0.16666666666666666
2024-01-01 02:02:18.000000,2024-01-01 02:02:24.000000,8,-55.56476683937824,-56.0,3.619565189203621,0.08854166666666667,175.47318647322533,6416.0,0.0,-1.6839378238341969,-2.0,2.9595539212490554,0.3125,33.24352331606217,32.0,3.621085820798638,0.06770833333333333
2024-01-01 02:02:20.000000,2024-01-01 02:02:26.000000,8,-51.66321243523316,-55.0,8.451796162740278,0.03125,857.2573089975418,7236.0,0.0,-2.0259067357512954,-2.0,3.1182180293809574,0.14583333333333334,37.49222797927461,33.0,8.868905871888677,0.08333333333333333
2024-01-01 02:02:22.000000,2024-01-01 02:02:28.000000,8,-45.02590673575129,-54.0,22.200186568557406,0.026041666666666668,930.6436514339835,7105.000000000001,0.0,-8.424870466321243,-3.0,16.990064593903362,0.026041666666666668,36.81347150259067,35.0,10.393127981511105,0.109375
2024-01-01 02:02:24.000000,2024-01-01 02:02:30.000000,8,-25.55440414507772,-33.0,30.672979317144648,0.015625,1002.7829865699856,6373.0,0.0,-27.150259067357513,-6.0,27.370779972202133,0.005208333333333333,33.020725388601036,29.0,14.178533711955916,0.078125
2024-01-01 02:02:26.000000,2024-01-01 02:02:32.000000,8,-10.481865284974093,0.0,28.54347803210497,0.041666666666666664,429.08822884630007,5169.0,0.0,-45.56476683937824,-58.0,22.979773762134666,0.005208333333333333,26.78238341968912,27.0,9.435322625099987,0.265625
2024-01-01 02:02:28.000000,2024-01-01 02:02:34.000000,8,4.865284974093265,4.0,10.010020346644742,0.17708333333333334,319.7262909277176,4993.0,0.0,-57.72020725388601,-58.0,2.105166253962402,0.140625,25.870466321243523,27.0,8.70337627794976,0.203125
2024-01-01 02:02:30.000000,2024-01-01 02:02:36.000000,8,-8.953367875647668,1.0,24.226640414754943,0.015625,976.6472044373965,6435.0,0.0,-41.590673575129536,-57.0,23.93248568156053,0.005208333333333333,33.3419689119171,29.0,11.859294450058785,0.005208333333333333
2024-01-01 02:02:32.000000,2024-01-01 02:02:38.000000,8,-26.22279792746114,-44.0,28.585527705714338,0.005208333333333333,1013.9764550342154,7361.0,0.0,-22.865284974093264,-5.0,25.65886962969288,0.015625,38.13989637305699,39.0,11.180624702547062,0.078125
2024-01-01 02:02:34.000000,2024-01-01 02:02:40.000000,8,-44.373056994818654,-47.0,13.989419345596254,0.18229166666666666,444.70355676022604,8554.0,0.0,-4.937823834196891,-2.0,9.569715111902278,0.036458333333333336,44.32124352331606,45.0,7.661484741588656,0.17708333333333334
2024-01-01 02:02:36.000000,2024-01-01 02:02:42.000000,8,-49.015544041450774,-50.0,3.478320781308948,0.08854166666666667,280.80244874341025,8165.999999999999,0.0,-2.2487046632124352,-2.0,2.8303251581511897,0.20833333333333334,42.310880829015545,42.0,4.601487050320363,0.078125
2024-01-01 02:02:38.000000,2024-01-01 02:02:44.000000,8,-49.81347150259067,-51.0,4.476376053617751,0.06770833333333333,392.85598502303765,7979.000000000002,0.0,-2.1036269430051813,-2.0,2.913624122423879,0.17708333333333334,41.3419689119171,41.0,5.518637952719418,0.06770833333333333
2024-01-01 02:02:40.000000,2024-01-01 02:02:46.000000,8,-51.626943005181346,-51.0,3.350326396080885,0.22395833333333334,180.21639721768562,7594.0,0.0,-1.5751295336787565,-1.0,2.8985993580248324,0.09895833333333333,39.347150259067355,40.0,4.446288792260302,0.125
2024-01-01 02:02:42.000000,2024-01-01 02:02:48.000000,8,-51.865284974093264,-52.0,2.8011320342988406,0.21354166666666666,119.05832509648636,7583.0,0.0,-1.077720207253886,-1.0,0.7282763501182923,0.03125,39.29015544041451,40.0,3.098850001190623,0.11979166666666667
2024-01-01 02:02:44.000000,2024-01-01 02:02:50.000000,8,-51.35233160621762,-51.0,0.5002158428764476,0.3385416666666667,16.534086565132572,7692.0,0.0,-0.927461139896373,-1.0,0.2600526384871156,0.11458333333333333,39.854922279792746,40.0,0.38145707377952914,0.13020833333333334
2024-01-01 02:02:46.000000,2024-01-01 02:02:52.000000,8,-51.2020725388601,-51.0,0.40259038183250456,0.2708333333333333,7.217425884923995,7712.0,0.0,-0.8704663212435233,-1.0,0.3366629901131358,0.17708333333333334,39.95854922279793,40.0,0.24652156961054605,0.0625
2024-01-01 02:02:48.000000,2024-01-01 02:02:54.000000,8,-51.16580310880829,-51.0,0.372871043658016,0.23958333333333334,8.953584759541979,7718.0,0.0,-0.7823834196891192,-1.0,0.4136984083326823,0.3020833333333333,39.98963730569948,40.0,0.2698309136002947,0.052083333333333336
2024-01-01 02:02:50.000000,2024-01-01 02:02:56.000000,8,-51.10362694300518,-51.0,0.33794308214593377,0.16145833333333334,10.673925453619912,7726.0,0.0,-0.7098445595854922,-1.0,0.4550142816942873,0.3177083333333333,40.031088082901555,40.0,0.30459562933391926,0.09375
2024-01-01 02:02:52.000000,2024-01-01 02:02:58.000000,8,-51.129533678756474,-51.0,0.36629947071385593,0.17708333333333334,10.535475843943797,7724.0,0.0,-0.6010362694300518,-1.0,0.4909588447307402,0.390625,40.020725388601036,40.0,0.2879263002994783,0.07291666666666667
2024-01-01 02:02:54.000000,2024-01-01 02:03:00.000000,8,-48.89119170984456,-51.0,9.408748983079397,0.026041666666666668,367.73415722727776,8098.000000000001,0.0,-0.6683937823834197,-1.0,4.435167933024387,0.375,41.95854922279793,40.0,6.157510824265752,0.036458333333333336
2024-01-01 02:02:56.000000,2024-01-01 02:03:02.000000,8,-42.58549222797927,-51.0,12.677662314545927,0.046875,972.6727564030653,9147.000000000002,0.0,-1.6839378238341969,-1.0,6.53664358924216,0.09895833333333333,47.39378238341969,40.0,9.958788136108549,0.057291666666666664
2024-01-01 02:02:58.000000,2024-01-01 02:03:04.000000,8,-36.46632124352332,-32.0,12.03251477942572,0.07291666666666667,723.556279212779,10116.0,0.0,-2.1139896373056994,-2.0,6.547698477637683,0.23958333333333334,52.41450777202073,57.0,9.084911764109654,0.0625
2024-01-01 02:03:00.000000,2024-01-01 02:03:06.000000,8,-33.4559585492228,-32.0,7.621199752331621,0.10416666666666667,302.21026725923167,10616.0,0.0,-1.7253886010362693,-2.0,5.138927009770085,0.078125,55.005181347150256,57.0,6.090034045921556,0.08333333333333333
2024-01-01 02:03:02.000000,2024-01-01 02:03:08.000000,8,-32.917098445595855,-30.0,5.832145820404887,0.020833333333333332,333.9799452509601,10662.0,0.0,-1.5233160621761659,-2.0,2.1434797906969147,0.041666666666666664,55.24352331606217,57.0,3.9722700296248212,0.041666666666666664
2024-01-01 02:03:04.000000,2024-01-01 02:03:10.000000,8,-31.61139896373057,-30.0,5.031077855377899,0.015625,237.35472772716145,10832.0,0.0,-1.994818652849741,-3.0,2.1274432261481397,0.036458333333333336,56.12435233160622,57.0,3.277937251567802,0.046875
2024-01-01 02:03:06.000000,2024-01-01 02:03:12.000000,8,-32.487046632124354,-30.0,6.683397346137351,0.015625,403.49325956200545,10686.0,0.0,-2.238341968911917,-3.0,1.8071563029471243,0.020833333333333332,55.36787564766839,57.0,4.546565112014707,0.005208333333333333
2024-01-01 02:03:08.000000,2024-01-01 02:03:14.000000,8,-37.72538860103627,-41.0,8.535601178500041,0.005208333333333333,687.0279494724336,9981.0,0.0,-1.0259067357512954,0.0,2.085253864342777,0.015625,51.715025906735754,50.0,5.838684937226909,0.015625
2024-01-01 02:03:10.000000,2024-01-01 02:03:16.000000,8,-43.4559585492228,-46.0,5.8807045211385764,0.046875,291.3320183599142,9220.0,0.0,0.2849740932642487,1.0,1.4129726806277367,0.2552083333333333,47.7720207253886,46.0,4.044008500184964,0.057291666666666664
2024-01-01 02:03:12.000000,2024-01-01 02:03:18.000000,8,-46.12435233160622,-46.0,1.0729038285027637,0.08854166666666667,57.476377384414924,8843.0,0.0,0.6321243523316062,1.0,0.5147857008399632,0.3020833333333333,45.818652849740936,46.0,0.9753547691655713,0.08854166666666667
2024-01-01 02:03:14.000000,2024-01-01 02:03:20.000000,8,-40.968911917098445,-46.0,11.497240038261763,0.005208333333333333,557.8856661451719,9376.0,0.0,-0.7564766839378239,1.0,3.1635574682503056,0.026041666666666668,48.58031088082902,46.0,6.362735416955751,0.026041666666666668
2024-01-01 02:03:16.000000,2024-01-01 02:03:22.000000,8,-31.564766839378237,-26.0,14.75731464366835,0.015625,1036.3521343402058,10387.0,0.0,-3.2694300518134716,-5.0,3.9290515430105795,0.015625,53.818652849740936,57.0,8.313096109496998,0.015625
2024-01-01 02:03:18.000000,2024-01-01 02:03:24.000000,8,-22.72020725388601,-18.0,10.344808277109596,0.06770833333333333,496.0670054781066,11394.0,0.0,-5.725388601036269,-7.0,2.991694750206155,0.036458333333333336,59.03626943005181,61.0,5.822346549604913,0.036458333333333336
2024-01-01 02:03:20.000000,2024-01-01 02:03:26.000000,8,-19.911917098445596,-20.0,2.3312891983674797,0.015625,98.16806088994481,11776.000000000002,0.0,-6.917098445595855,-7.0,0.4249606300976467,0.140625,61.015544041450774,61.0,0.954576061760227,0.18229166666666666
2024-01-01 02:03:22.000000,2024-01-01 02:03:28.000000,8,-21.21761658031088,-22.0,1.7303361059989657,0.09375,58.616142079294896,11700.0,0.0,-6.927461139896373,-7.0,0.4620180820243349,0.125,60.62176165803109,60.0,0.8581369143269441,0.4166666666666667
2024-01-01 02:03:24.000000,2024-01-01 02:03:30.000000,8,-20.580310880829014,-22.0,1.8777829088714535,0.026041666666666668,74.90427755376419,11741.0,0.0,-6.927461139896373,-7.0,0.3459923526863624,0.13541666666666666,60.83419689119171,61.0,0.8375755579042531,0.3177083333333333
2024-01-01 02:03:26.000000,2024-01-01 02:03:32.000000,8,-24.502590673575128,-21.0,9.15612519956564,0.005208333333333333,469.9642215174991,11329.0,0.0,-5.652849740932642,-7.0,2.2520140668994393,0.015625,58.69948186528497,61.0,4.882243522548981,0.005208333333333333
2024-01-01 02:03:28.000000,2024-01-01 02:03:34.000000,8,-31.471502590673577,-37.0,11.861635739558075,0.005208333333333333,784.2286666841724,10574.0,0.0,-3.9637305699481864,-3.0,2.5685863836676166,0.015625,54.78756476683938,53.0,6.2725801091936875,0.036458333333333336
2024-01-01 02:03:30.000000,2024-01-01 02:03:36.000000,8,-39.73575129533679,-43.0,7.573777168922435,0.015625,325.7390418229335,9734.0,0.0,-2.3471502590673574,-2.0,1.5440425374687516,0.057291666666666664,50.43523316062176,49.0,4.247205217421763,0.036458333333333336
2024-01-01 02:03:32.000000,2024-01-01 02:03:38.000000,8,-42.968911917098445,-43.0,0.6527724187974416,0.11458333333333333,43.448138915442385,9354.0,0.0,-1.927461139896373,-2.0,0.31444772981230396,0.057291666666666664,48.46632124352332,48.0,0.5684000209052728,0.22395833333333334
2024-01-01 02:03:34.000000,2024-01-01 02:03:40.000000,8,-43.23834196891192,-43.0,0.48431797745027055,0.3020833333333333,28.4876993598817,9302.0,0.0,-2.0,-2.0,0.0,0.0,48.196891191709845,48.0,0.39868360677036624,0.171875
2024-01-01 02:03:36.000000,2024-01-01 02:03:42.000000,8,-43.196891191709845,-43.0,2.2736238222217175,0.3072916666666667,60.928313510608376,9321.0,0.0,-1.839378238341969,-2.0,2.1384631423989906,0.041666666666666664,48.295336787564764,48.0,1.5847019355465686,0.08333333333333333
2024-01-01 02:03:38.000000,2024-01-01 02:03:44.000000,8,-38.20725388601036,-43.0,7.5379974423194485,0.036458333333333336,552.8119684602607,9963.0,0.0,-2.290155440414508,-2.0,2.3692378514082884,0.08854166666666667,51.62176165803109,48.0,4.913516964835937,0.046875
2024-01-01 02:03:40.000000,2024-01-01 02:03:46.000000,8,-34.15025906735751,-32.0,7.148951877958608,0.036458333333333336,524.6157629872548,10503.0,0.0,-2.7927461139896375,-3.0,2.5532963218320712,0.109375,54.41968911917098,56.0,4.597896474061061,0.036458333333333336
2024-01-01 02:03:42.000000,2024-01-01 02:03:48.000000,8,-30.55440414507772,-32.0,3.083625062052139,0.06770833333333333,158.33993889314047,10970.000000000002,0.0,-3.621761658031088,-4.0,1.1351133410650707,0.18229166666666666,56.83937823834197,56.0,1.8874872038592216,0.16145833333333334
2024-01-01 02:03:44.000000,2024-01-01 02:03:50.000000,8,-30.860103626943005,-31.0,2.461392303664504,0.11458333333333333,122.40315069607365,10936.0,0.0,-3.8808290155440415,-4.0,0.9849361954734452,0.171875,56.66321243523316,56.0,1.4489737896794024,0.16666666666666666
2024-01-01 02:03:46.000000,2024-01-01 02:03:52.000000,8,-28.756476683937823,-29.0,3.3444250908423094,0.046875,175.45582233235626,11135.0,0.0,-4.2642487046632125,-4.0,0.6017479576122393,0.22395833333333334,57.69430051813472,57.0,1.6970619994719736,0.19270833333333334
2024-01-01 02:03:48.000000,2024-01-01 02:03:54.000000,8,-26.38860103626943,-25.0,2.539126041286766,0.041666666666666664,120.68493422362194,11342.0,0.0,-4.575129533678757,-5.0,0.7258637877329099,0.265625,58.766839378238345,59.0,1.3395190601883746,0.10416666666666667
2024-01-01 02:03:50.000000,2024-01-01 02:03:56.000000,8,-25.870466321243523,-25.0,1.7496452885023848,0.046875,78.92961749518362,11388.0,0.0,-4.865284974093265,-5.0,0.5327669974530407,0.18229166666666666,59.005181347150256,59.0,0.9492179309745424,0.2760416666666667
2024-01-01 02:03:52.000000,2024-01-01 02:03:58.000000,8,-26.989637305699482,-28.0,1.6297674850320532,0.026041666666666668,75.60235126955406,11283.0,0.0,-4.984455958549223,-5.0,0.4266717602783186,0.0625,58.461139896373055,58.0,0.777142700668336,0.06770833333333333
2024-01-01 02:03:54.000000,2024-01-01 02:04:00.000000,8,-28.098445595854923,-28.0,0.427745626796491,0.21875,2.997527522219388,11197.000000000002,0.0,-5.005181347150259,-5.0,0.07198157507486969,0.010416666666666666,58.015544041450774,58.0,0.12402469251053026,0.020833333333333332
2024-01-01 02:03:56.000000,2024-01-01 02:04:02.000000,8,-28.16062176165803,-28.0,0.3681366748898625,0.22916666666666666,1.1247751378249735e-12,11194.0,0.0,-5.0,-5.0,0.0,0.0,58.0,58.0,0.0,0.0
2024-01-01 02:03:58.000000,2024-01-01 02:04:04.000000,8,-28.248704663212436,-28.0,0.43338647209724007,0.2864583333333333,1.9997350429145566,11192.0,0.0,-4.974093264248705,-5.0,0.15927024860221078,0.020833333333333332,57.98963730569948,58.0,0.10153187644463979,0.010416666666666666
2024-01-01 02:04:00.000000,2024-01-01 02:04:06.000000,8,-28.373056994818654,-28.0,0.4848748569919931,0.2552083333333333,3.7761035374901732,11190.0,0.0,-4.963730569948186,-5.0,0.18744601986357143,0.041666666666666664,57.979274611398964,58.0,0.14283400997012272,0.03125
2024-01-01 02:04:02.000000,2024-01-01 02:04:08.000000,8,-28.559585492227978,-29.0,0.4977279986315438,0.3177083333333333,4.674783095607762,11189.000000000002,0.0,-4.958549222797927,-5.0,0.1998488202364826,0.052083333333333336,57.97409326424871,58.0,0.15927024860221073,0.041666666666666664
2024-01-01 02:04:04.000000,2024-01-01 02:04:10.000000,8,-28.61139896373057,-29.0,0.4887000309057225,0.3645833333333333,5.222847639350632,11188.0,0.0,-4.984455958549223,-5.0,0.12402469251053029,0.03125,57.968911917098445,58.0,0.17400717631559445,0.0625
2024-01-01 02:04:06.000000,2024-01-01 02:04:12.000000,8,-28.580310880829014,-29.0,0.4947915246341043,0.4010416666666667,3.8348994224856705,11190.0,0.0,-4.994818652849741,-5.0,0.07198157507486963,0.010416666666666666,57.979274611398964,58.0,0.14283400997012277,0.041666666666666664
2024-01-01 02:04:08.000000,2024-01-01 02:04:14.000000,8,-28.440414507772022,-28.0,0.5182340146643168,0.4322916666666667,5.143696175853573,11190.0,0.0,-4.989637305699482,-5.0,0.1015318764446398,0.020833333333333332,57.979274611398964,58.0,0.17555119216573786,0.046875
2024-01-01 02:04:10.000000,2024-01-01 02:04:16.000000,8,-28.10362694300518,-28.0,0.7357233584056092,0.3020833333333333,15.414496466616772,11212.000000000002,0.0,-4.984455958549223,-5.0,0.21594472522460842,0.052083333333333336,58.09326424870466,58.0,0.3409640401625039,0.109375
2024-01-01 02:04:12.000000,2024-01-01 02:04:18.000000,8,-27.528497409326423,-28.0,0.8480776799888884,0.15104166666666666,31.679476017958738,11248.0,0.0,-4.974093264248705,-5.0,0.461375131633479,0.09375,58.27979274611399,58.0,0.5443420709034351,0.24479166666666666
2024-01-01 02:04:14.000000,2024-01-01 02:04:20.000000,8,-27.186528497409327,-27.0,0.6742471654141995,0.24479166666666666,26.411364759771573,11261.0,0.0,-5.005181347150259,-5.0,0.47321384927985555,0.08333333333333333,58.347150259067355,58.0,0.5578088300182127,0.34375
2024-01-01 02:04:16.000000,2024-01-01 02:04:22.000000,8,-27.031088082901555,-27.0,0.48847909959655555,0.20833333333333334,20.59249403465283,11256.0,0.0,-5.015544041450777,-5.0,0.4387088529830068,0.07291666666666667,58.32124352331606,58.0,0.530737014847455,0.3385416666666667
2024-01-01 02:04:18.000000,2024-01-01 02:04:24.000000,8,-26.409326424870468,-27.0,1.5822307769202022,0.046875,68.31341060162742,11310.0,0.0,-5.098445595854923,-5.0,0.4397533262070792,0.16145833333333334,58.601036269430054,58.0,0.8424907045299338,0.2604166666666667
2024-01-01 02:04:20.000000,2024-01-01 02:04:26.000000,8,-25.367875647668395,-25.0,1.751310266949472,0.026041666666666668,100.4461778550301,11421.0,0.0,-5.160621761658031,-5.0,0.489582759158889,0.2604166666666667,59.17616580310881,59.0,0.9736378377162723,0.171875
2024-01-01 02:04:22.000000,2024-01-01 02:04:28.000000,8,-24.46113989637306,-24.0,1.4067518534560648,0.15625,44.7346170867051,11518.0,0.0,-5.316062176165803,-5.0,0.6111814346934875,0.3958333333333333,59.67875647668394,60.0,0.7640452291995053,0.28125
2024-01-01 02:04:24.000000,2024-01-01 02:04:30.000000,8,-24.632124352331605,-24.0,0.9378633435221931,0.109375,50.37580700157794,11502.000000000002,0.0,-5.518134715025907,-6.0,0.5505041652194899,0.375,59.59585492227979,60.0,0.6393220853707714,0.265625
2024-01-01 02:04:26.000000,2024-01-01 02:04:32.000000,8,-24.036269430051814,-25.0,2.43321858389857,0.0625,90.00173410335783,11523.0,0.0,-5.6735751295336785,-6.0,0.5610408535732827,0.3697916666666667,59.704663212435236,59.0,1.02613200475948,0.25
2024-01-01 02:04:28.000000,2024-01-01 02:04:34.000000,8,-22.46113989637306,-24.0,3.153997586746394,0.005208333333333333,132.52314151305205,11616.0,0.0,-5.83419689119171,-6.0,0.42508761669247075,0.24479166666666666,60.18652849740933,60.0,1.1886726098478149,0.046875
2024-01-01 02:04:30.000000,2024-01-01 02:04:36.000000,8,-20.34715025906736,-19.0,2.4106328403235264,0.005208333333333333,63.85016421520083,11751.000000000002,0.0,-5.896373056994818,-6.0,0.3813863222118659,0.15625,60.8860103626943,61.0,0.9560449888605579,0.057291666666666664
2024-01-01 02:04:32.000000,2024-01-01 02:04:38.000000,8,-19.487046632124354,-19.0,0.5960705380706094,0.4114583333333333,11.794173677559652,11806.0,0.0,-6.010362694300518,-6.0,0.32258134157816604,0.09375,61.170984455958546,61.0,0.4291313473737278,0.3541666666666667
2024-01-01 02:04:34.000000,2024-01-01 02:04:40.000000,8,-19.647668393782382,-20.0,0.8102258262142689,0.2916666666666667,15.12170253710338,11799.000000000002,0.0,-6.072538860103627,-6.0,0.4017180289507941,0.16145833333333334,61.134715025906736,61.0,0.4359938916718096,0.3020833333333333
2024-01-01 02:04:36.000000,2024-01-01 02:04:42.000000,8,-19.958549222797927,-20.0,0.7276832307283492,0.18229166666666666,12.26654363539137,11787.0,0.0,-6.124352331606218,-6.0,0.4270510803357002,0.22916666666666666,61.07253886010363,61.0,0.38853662390750804,0.20833333333333334
2024-01-01 02:04:38.000000,2024-01-01 02:04:44.000000,8,-20.253886010362695,-20.0,0.7519404948345447,0.171875,10.883918773519815,11776.0,0.0,-6.155440414507772,-6.0,0.4526357275998295,0.23958333333333334,61.015544041450774,61.0,0.4015164475904636,0.13541666666666666
2024-01-01 02:04:40.000000,2024-01-01 02:04:46.000000,8,-20.621761658031087,-21.0,0.808124761653321,0.24479166666666666,16.14716226820342,11760.0,0.0,-6.015544041450777,-6.0,0.5992763338830693,0.21354166666666666,60.932642487046635,61.0,0.5109445518453531,0.21354166666666666
2024-01-01 02:04:42.000000,2024-01-01 02:04:48.000000,8,-20.927461139896373,-21.0,0.7252314858839496,0.234375,16.40184987779427,11752.000000000002,0.0,-5.870466321243524,-6.0,0.6198187656446444,0.2604166666666667,60.89119170984456,61.0,0.503710326739734,0.2604166666666667
2024-01-01 02:04:44.000000,2024-01-01 02:04:50.000000,8,-21.139896373056995,-21.0,0.666234747822061,0.2916666666666667,16.645533958404044,11744.0,0.0,-5.678756476683938,-6.0,0.5686373586002369,0.3958333333333333,60.84974093264249,61.0,0.4712709270697797,0.2916666666666667
2024-01-01 02:04:46.000000,2024-01-01 02:04:52.000000,8,-20.746113989637305,-21.0,0.942513222421143,0.203125,14.928136332604511,11764.0,0.0,-5.715025906735751,-6.0,0.527012140467699,0.3645833333333333,60.95336787564767,61.0,0.5331720665079125,0.23958333333333334
2024-01-01 02:04:48.000000,2024-01-01 02:04:54.000000,8,-20.590673575129532,-21.0,0.9427995004772611,0.2864583333333333,19.0193848107635,11775.0,0.0,-5.787564766839378,-6.0,0.5117889144157233,0.3020833333333333,61.01036269430052,61.0,0.5589204373322766,0.171875
2024-01-01 02:04:50.000000,2024-01-01 02:04:56.000000,8,-19.704663212435232,-20.0,1.5977943832645398,0.09895833333333333,27.667589406917756,11821.0,0.0,-6.051813471502591,-6.0,0.5928474073142599,0.14583333333333334,61.248704663212436,61.0,0.7432409888658079,0.3020833333333333
2024-01-01 02:04:52.000000,2024-01-01 02:04:58.000000,8,-18.917098445595855,-19.0,1.774638424336911,0.046875,45.69288213745116,11864.0,0.0,-6.357512953367876,-6.0,0.6305239480385234,0.24479166666666666,61.47150259067357,61.0,0.7433499072635121,0.3385416666666667
2024-01-01 02:04:54.000000,2024-01-01 02:05:00.000000,8,-18.430051813471504,-18.0,4.181622554081296,0.07291666666666667,65.67925399722414,11867.0,0.0,-6.549222797927461,-7.0,1.014946589880907,0.3020833333333333,61.487046632124354,62.0,1.9015038135703146,0.390625
2024-01-01 02:04:56.000000,2024-01-01 02:05:02.000000,8,-25.787564766839377,-18.0,11.88405140904897,0.005208333333333333,677.4027893524229,11121.000000000002,0.0,-5.062176165803109,-7.0,2.6093320964640196,0.015625,57.62176165803109,61.0,6.318536140889804,0.046875
2024-01-01 02:04:58.000000,2024-01-01 02:05:04.000000,8,-33.66839378238342,-41.0,11.73242861733213,0.046875,680.4936894434402,10370.0,0.0,-3.7253886010362693,-3.0,2.413552874583656,0.036458333333333336,53.73056994818653,50.0,6.153416072472849,0.036458333333333336
2024-01-01 02:05:00.000000,2024-01-01 02:05:06.000000,8,-41.15544041450777,-41.0,3.6050722279264336,0.24479166666666666,136.06569030586493,9650.0,0.0,-2.533678756476684,-3.0,1.1134384807575943,0.18229166666666666,50.0,50.0,2.6398390102428593,0.13802083333333334
2024-01-01 02:05:02.000000,2024-01-01 02:05:08.000000,8,-40.865284974093264,-41.0,1.7267765750790676,0.07291666666666667,69.23886521373568,9716.0,0.0,-3.0414507772020727,-3.0,0.6023754789303595,0.041666666666666664,50.3419689119171,50.0,1.2571256314287624,0.17708333333333334
2024-01-01 02:05:04.000000,2024-01-01 02:05:10.000000,8,-41.248704663212436,-41.0,2.2639178064136694,0.125,122.75156041578958,9648.0,0.0,-2.94300518134715,-3.0,0.7302006609017466,0.11979166666666667,49.98963730569948,50.0,1.7677364213218256,0.052083333333333336
2024-01-01 02:05:06.000000,2024-01-01 02:05:12.000000,8,-41.295336787564764,-41.0,2.268633265028026,0.14583333333333334,123.7078473192201,9644.0,0.0,-2.937823834196891,-3.0,0.7333352959622021,0.125,49.968911917098445,50.0,1.7674921491789752,0.07291666666666667
2024-01-01 02:05:08.000000,2024-01-01 02:05:14.000000,8,-41.77720207253886,-41.0,1.474469694781487,0.2552083333333333,65.7926857328194,9581.0,0.0,-2.7875647668393784,-3.0,0.49101380793771027,0.11458333333333333,49.64248704663213,50.0,1.2126323085407014,0.057291666666666664
2024-01-01 02:05:10.000000,2024-01-01 02:05:16.000000,8,-41.30051813471503,-41.0,0.45967576994170795,0.3125,5.454696675125498,9647.0,0.0,-2.9689119170984455,-3.0,0.1740071763155951,0.046875,49.984455958549226,50.0,0.19030359346492887,0.052083333333333336
2024-01-01 02:05:12.000000,2024-01-01 02:05:18.000000,8,-41.44041450777202,-41.0,0.8943246021188817,0.3177083333333333,21.53324654750297,9626.0,0.0,-2.9533678756476682,-3.0,0.21139801127490399,0.052083333333333336,49.87564766839378,50.0,0.494846062140429,0.07291666666666667
2024-01-01 02:05:14.000000,2024-01-01 02:05:20.000000,8,-41.461139896373055,-41.0,0.9573143565214478,0.3020833333333333,27.754453669315364,9619.0,0.0,-2.917098445595855,-3.0,0.3436444923652752,0.07291666666666667,49.83937823834197,50.0,0.5774437445029875,0.09375
2024-01-01 02:05:16.000000,2024-01-01 02:05:22.000000,8,-41.523316062176164,-41.0,0.957821632556263,0.296875,29.252682294109466,9616.0,0.0,-2.911917098445596,-3.0,0.36445300532652625,0.07291666666666667,49.82383419689119,50.0,0.5863479959598631,0.125
2024-01-01 02:05:18.000000,2024-01-01 02:05:24.000000,8,-41.38341968911917,-41.0,0.5934843397136262,0.3125,14.128975299735526,9638.0,0.0,-2.948186528497409,-3.0,0.31854049720442307,0.041666666666666664,49.93782383419689,50.0,0.36267155430771447,0.08333333333333333
2024-01-01 02:05:20.000000,2024-01-01 02:05:26.000000,8,-41.26943005181347,-41.0,0.46764947090085757,0.265625,5.836547915973459,9647.0,0.0,-3.005181347150259,-3.0,0.1908699744597319,0.03125,49.984455958549226,50.0,0.19030359346492887,0.052083333333333336
2024-01-01 02:05:22.000000,2024-01-01 02:05:28.000000,8,-41.170984455958546,-41.0,0.864091264449995,0.24479166666666666,17.65583043701876,9656.0,0.0,-2.937823834196891,-3.0,0.5166694523296678,0.041666666666666664,50.031088082901555,50.0,0.6030023472115675,0.06770833333333333
2024-01-01 02:05:24.000000,2024-01-01 02:05:30.000000,8,-40.90673575129534,-41.0,0.9251161062360083,0.22395833333333334,46.11629394834458,9707.0,0.0,-2.8082901554404147,-3.0,0.6034049900671994,0.16666666666666666,50.295336787564764,50.0,0.7436039881494105,0.15104166666666666
2024-01-01 02:05:26.000000,2024-01-01 02:05:32.000000,8,-40.55958549222798,-40.0,0.9616737981015717,0.2708333333333333,52.69171760818496,9770.0,0.0,-2.7461139896373057,-3.0,0.6062160020202,0.25,50.62176165803109,51.0,0.7684826806098074,0.13020833333333334
2024-01-01 02:05:28.000000,2024-01-01 02:05:34.000000,8,-40.29015544041451,-40.0,0.5940297382110615,0.3020833333333333,16.181667224398176,9821.0,0.0,-2.761658031088083,-3.0,0.5729868264467516,0.2916666666666667,50.8860103626943,51.0,0.4299480829806339,0.14583333333333334
2024-01-01 02:05:30.000000,2024-01-01 02:05:36.000000,8,-40.21761658031088,-40.0,0.553681352154523,0.234375,12.35735449646138,9830.000000000002,0.0,-2.854922279792746,-3.0,0.5201052769742309,0.21875,50.932642487046635,51.0,0.36886899444172444,0.09375
2024-01-01 02:05:32.000000,2024-01-01 02:05:38.000000,8,-40.310880829015545,-40.0,0.5833950127766304,0.3072916666666667,11.973392210471976,9825.0,0.0,-2.8704663212435233,-3.0,0.5090926263905702,0.1875,50.90673575129534,51.0,0.38406571922515664,0.125
2024-01-01 02:05:34.000000,2024-01-01 02:05:40.000000,8,-40.26943005181347,-40.0,0.4786571782607241,0.3229166666666667,7.318936616346474,9832.0,0.0,-2.8860103626943006,-3.0,0.334572394844607,0.14583333333333334,50.943005181347154,51.0,0.25385626874542017,0.10416666666666667
2024-01-01 02:05:36.000000,2024-01-01 02:05:42.000000,8,-40.259067357512954,-40.0,0.4734989007178395,0.3072916666666667,7.378115410214724,9830.0,0.0,-2.8963730569948187,-3.0,0.3221627851003692,0.13541666666666666,50.932642487046635,51.0,0.2712274600044193,0.13541666666666666
2024-01-01 02:05:38.000000,2024-01-01 02:05:44.000000,8,-40.20725388601036,-40.0,0.44317653414244135,0.28125,8.498193145583967,9831.0,0.0,-2.911917098445596,-3.0,0.3019260280679199,0.109375,50.93782383419689,51.0,0.28186401503320485,0.14583333333333334
2024-01-01 02:05:40.000000,2024-01-01 02:05:46.000000,8,-40.17616580310881,-40.0,0.3819519677910843,0.2604166666666667,6.573707897512013,9834.0,0.0,-2.9533678756476682,-3.0,0.21139801127490349,0.08333333333333333,50.95336787564767,51.0,0.23474621581114175,0.10416666666666667
2024-01-01 02:05:42.000000,2024-01-01 02:05:48.000000,8,-40.15025906735751,-40.0,0.3582544999036418,0.2604166666666667,4.319864464085938,9840.0,0.0,-2.9689119170984455,-3.0,0.1740071763155947,0.0625,50.984455958549226,51.0,0.16062002060452568,0.041666666666666664
2024-01-01 02:05:44.000000,2024-01-01 02:05:50.000000,8,-35.020725388601036,-40.0,12.9119447884922,0.015625,393.1826216709026,10247.000000000002,0.0,-3.8290155440414506,-3.0,6.068771461064598,0.057291666666666664,53.09326424870466,51.0,7.8939326791752285,0.046875
2024-01-01 02:05:46.000000,2024-01-01 02:05:52.000000,8,-31.93782383419689,-33.0,12.972176532472773,0.078125,406.551202527996,10608.0,0.0,-3.373056994818653,-3.0,6.416588160926572,0.08333333333333333,54.96373056994819,52.0,8.213538783234426,0.078125
2024-01-01 02:05:48.000000,2024-01-01 02:05:54.000000,8,-29.10880829015544,-29.0,11.933565020280573,0.13541666666666666,335.7531800682371,10946.0,0.0,-3.005181347150259,-2.0,6.506004765892586,0.11458333333333333,56.715025906735754,56.0,7.853252519149845,0.14583333333333334
2024-01-01 02:05:50.000000,2024-01-01 02:05:56.000000,8,-31.870466321243523,-32.0,4.466170093295292,0.09895833333333333,150.05705366985376,10838.000000000002,0.0,-1.6062176165803108,-1.0,2.114031174453919,0.22395833333333334,56.15544041450777,56.0,2.8771158768055423,0.14583333333333334
2024-01-01 02:05:52.000000,2024-01-01 02:05:58.000000,8,-32.94818652849741,-34.0,2.505703769740661,0.140625,103.80588933082578,10745.0,0.0,-1.5803108808290156,-2.0,0.9492463604616791,0.328125,55.67357512953368,55.0,1.6079801530838491,0.2916666666666667
2024-01-01 02:05:54.000000,2024-01-01 02:06:00.000000,8,-34.129533678756474,-34.0,1.079548656728938,0.13020833333333334,47.235722809192254,10624.0,0.0,-1.461139896373057,-1.0,0.5949376246314169,0.4166666666666667,55.04663212435233,55.0,0.7990238539436633,0.21875
2024-01-01 02:05:56.000000,2024-01-01 02:06:02.000000,8,-34.715025906735754,-35.0,0.8270379653923677,0.13020833333333334,37.71802736814465,10557.0,0.0,-1.5854922279792747,-2.0,0.5535838644608103,0.46875,54.69948186528497,55.0,0.6636779943151419,0.40625
2024-01-01 02:05:58.000000,2024-01-01 02:06:04.000000,8,-35.06217616580311,-35.0,0.48548668670792355,0.17708333333333334,15.253936260827947,10507.0,0.0,-1.5803108808290156,-2.0,0.4947915246341033,0.40625,54.44041450777202,54.0,0.5281885654023192,0.4635416666666667
2024-01-01 02:06:00.000000,2024-01-01 02:06:06.000000,8,-35.09326424870466,-35.0,0.34096404016250415,0.14583333333333334,19.268326901961593,10508.0,0.0,-1.6373056994818653,-2.0,0.4820280451067449,0.3489583333333333,54.44559585492228,54.0,0.5086683824615627,0.4270833333333333
2024-01-01 02:06:02.000000,2024-01-01 02:06:08.000000,8,-35.09844559585492,-35.0,0.36177753925608713,0.14583333333333334,14.426523722565896,10508.0,0.0,-1.7046632124352332,-2.0,0.4573804665611664,0.296875,54.44559585492228,54.0,0.5086683824615627,0.4583333333333333
2024-01-01 02:06:04.000000,2024-01-01 02:06:10.000000,8,-35.17616580310881,-35.0,0.8780018825147708,0.140625,27.13016133394346,10512.0,0.0,-1.7564766839378239,-2.0,0.44226220155274343,0.25,54.46632124352332,55.0,0.835510971660524,0.4583333333333333
2024-01-01 02:06:06.000000,2024-01-01 02:06:12.000000,8,-38.740932642487046,-35.0,5.836775754556704,0.026041666666666668,540.3479779608135,9913.0,0.0,-3.4041450777202074,-2.0,3.534411699586815,0.015625,51.362694300518136,54.0,5.681939314142906,0.057291666666666664
2024-01-01 02:06:08.000000,2024-01-01 02:06:14.000000,8,-24.21761658031088,-35.0,28.88743059486352,0.005208333333333333,1433.2437037571744,8059.0,0.0,-18.730569948186528,-7.0,22.6837393161041,0.005208333333333333,41.75647668393783,48.0,14.527551841985934,0.046875
2024-01-01 02:06:10.000000,2024-01-01 02:06:16.000000,8,-10.870466321243523,1.0,32.280328250637595,0.020833333333333332,1342.546072294163,6275.0,0.0,-36.373056994818654,-53.0,23.48704650710564,0.005208333333333333,32.512953367875646,30.0,13.552025067114112,0.078125
2024-01-01 02:06:12.000000,2024-01-01 02:06:18.000000,8,-0.5544041450777202,8.0,26.841129699088984,0.046875,799.2914937038131,5319.000000000001,0.0,-50.26943005181347,-53.0,10.239829719985615,0.07291666666666667,27.559585492227978,25.0,11.382910428677212,0.10416666666666667
2024-01-01 02:06:14.000000,2024-01-01 02:06:20.000000,8,-1.0362694300518134,5.0,21.566846918600845,0.078125,616.2117091708718,5816.000000000001,0.0,-52.233160621761655,-52.0,4.148611572475135,0.052083333333333336,30.134715025906736,32.0,9.239999495323312,0.13541666666666666
2024-01-01 02:06:16.000000,2024-01-01 02:06:22.000000,8,-5.606217616580311,-5.0,17.78899363295264,0.10416666666666667,429.97423848148077,6132.0,0.0,-52.26943005181347,-53.0,3.4565680514493735,0.015625,31.7720207253886,33.0,6.835861668404962,0.109375
2024-01-01 02:06:18.000000,2024-01-01 02:06:24.000000,8,-3.33160621761658,-6.0,9.689657609746986,0.14583333333333334,179.50172378769543,6215.0,0.0,-54.523316062176164,-55.0,1.6741681356600409,0.109375,32.2020725388601,32.0,3.5260335149963304,0.20833333333333334
2024-01-01 02:06:20.000000,2024-01-01 02:06:26.000000,8,-7.917098445595855,-7.0,4.462035208713577,0.19270833333333334,128.5057339344794,6072.0,0.0,-55.25388601036269,-55.0,0.6147475154663278,0.23958333333333334,31.46113989637306,32.0,2.7079729400178154,0.203125
2024-01-01 02:06:22.000000,2024-01-01 02:06:28.000000,8,-6.134715025906735,-5.0,4.842572388745652,0.140625,102.31860310957218,6134.000000000001,0.0,-55.196891191709845,-55.0,0.48152391942051487,0.20833333333333334,31.78238341968912,32.0,1.9563732703799142,0.17708333333333334
2024-01-01 02:06:24.000000,2024-01-01 02:06:30.000000,8,-1.6062176165803108,-2.0,6.1475234422676035,0.078125,127.98499662545912,6322.999999999999,0.0,-54.704663212435236,-55.0,0.8604922377289107,0.046875,32.76165803108808,33.0,1.985672993373995,0.20833333333333334
2024-01-01 02:06:26.000000,2024-01-01 02:06:32.000000,8,0.6528497409326425,1.0,5.099908563642384,0.07291666666666667,94.07696523167549,6392.0,0.0,-54.58549222797927,-55.0,0.7867369922606675,0.052083333333333336,33.119170984455955,33.0,1.7592894330250806,0.1875
2024-01-01 02:06:28.000000,2024-01-01 02:06:34.000000,8,-0.06217616580310881,1.0,5.480673376174141,0.026041666666666668,73.54886143592566,6433.0,0.0,-54.50777202072539,-55.0,0.7438579822484618,0.10416666666666667,33.33160621761658,33.0,1.6182185454364575,0.22916666666666666
2024-01-01 02:06:30.000000,2024-01-01 02:06:36.000000,8,-1.5958549222797926,-3.0,4.426763233881253,0.020833333333333332,77.41644909246327,6435.0,0.0,-54.63212435233161,-55.0,0.6726844117335353,0.125,33.3419689119171,33.0,1.6160491493748466,0.21354166666666666
2024-01-01 02:06:32.000000,2024-01-01 02:06:38.000000,8,-17.585492227979273,-4.0,28.867589180515075,0.005208333333333333,268.4214460174419,6305.0,0.0,-38.803108808290155,-54.0,24.552507311575592,0.005208333333333333,32.66839378238342,33.0,4.902580741554509,0.07291666666666667
2024-01-01 02:06:34.000000,2024-01-01 02:06:40.000000,8,-34.61658031088083,-58.0,31.625875065545422,0.015625,549.8258963557902,6153.0,0.0,-20.787564766839377,-1.0,26.087821447811983,0.015625,31.88082901554404,32.0,7.2104738153943115,0.041666666666666664
2024-01-01 02:06:36.000000,2024-01-01 02:06:42.000000,8,-47.50777202072539,-58.0,20.919767160059127,0.010416666666666666,1490.1198515360554,7279.0,0.0,-3.528497409326425,-1.0,11.301754395577815,0.078125,37.715025906735754,34.0,12.28763911943762,0.036458333333333336
2024-01-01 02:06:38.000000,2024-01-01 02:06:44.000000,8,-45.46632124352332,-42.0,9.114443405044826,0.036458333333333336,1190.1140324905843,8527.0,0.0,-1.4145077720207253,-1.0,1.9854147580941433,0.234375,44.181347150259064,50.0,11.158575936280291,0.015625
2024-01-01 02:06:40.000000,2024-01-01 02:06:46.000000,8,-40.38860103626943,-41.0,2.6099318739909543,0.15625,99.8367679510723,9786.0,0.0,-1.7875647668393781,-2.0,1.4036599396763325,0.359375,50.704663212435236,50.0,2.196310593819792,0.2708333333333333
2024-01-01 02:06:42.000000,2024-01-01 02:06:48.000000,8,-41.5699481865285,-42.0,2.410162619299381,0.2552083333333333,75.59105245238736,9613.0,0.0,-1.5336787564766838,-2.0,0.6292815351110963,0.375,49.80829015544042,50.0,1.9417382887603574,0.203125
2024-01-01 02:06:44.000000,2024-01-01 02:06:50.000000,8,-43.50777202072539,-43.0,3.4597675304016278,0.10416666666666667,265.36489610665575,9269.0,0.0,-1.3575129533678756,-1.0,0.5965683384017451,0.2760416666666667,48.02590673575129,48.0,3.0626024356348447,0.14583333333333334
2024-01-01 02:06:46.000000,2024-01-01 02:06:52.000000,8,-36.119170984455955,-44.0,23.14292763046961,0.015625,867.9676781394248,8063.0,0.0,-11.922279792746114,-1.0,21.66215909003859,0.005208333333333333,41.77720207253886,46.0,10.729491019964353,0.026041666666666668
2024-01-01 02:06:48.000000,2024-01-01 02:06:54.000000,8,-18.5440414507772,-3.0,30.65567134585278,0.005208333333333333,1208.0319122472451,6450.000000000001,0.0,-30.735751295336787,-43.0,28.061272552597437,0.005208333333333333,33.41968911917098,31.0,11.691566846215114,0.026041666666666668
2024-01-01 02:06:50.000000,2024-01-01 02:06:56.000000,8,0.7357512953367875,11.0,24.368644824948532,0.026041666666666668,518.6451725795864,5106.0,0.0,-49.66839378238342,-58.0,19.587248350073576,0.026041666666666668,26.4559585492228,25.0,8.470498942305955,0.078125
2024-01-01 02:06:52.000000,2024-01-01 02:06:58.000000,8,10.953367875647668,11.0,2.199171613548531,0.15625,145.87416181966873,4727.0,0.0,-57.968911917098445,-58.0,0.9123386601162202,0.109375,24.492227979274613,25.0,2.6123089463323512,0.15625
2024-01-01 02:06:54.000000,2024-01-01 02:07:00.000000,8,10.89119170984456,11.0,0.8741514513692213,0.22395833333333334,163.20742572276978,4959.0,0.0,-57.487046632124354,-58.0,0.7712868595335447,0.046875,25.694300518134714,25.0,1.9485086853074307,0.057291666666666664
2024-01-01 02:06:56.000000,2024-01-01 02:07:02.000000,8,10.393782383419689,11.0,1.3031862772565195,0.2864583333333333,152.6085808938449,5167.0,0.0,-57.06217616580311,-57.0,0.8076905283815727,0.052083333333333336,26.7720207253886,27.0,1.5843783479864326,0.026041666666666668
2024-01-01 02:06:58.000000,2024-01-01 02:07:04.000000,8,7.746113989637306,10.0,4.1661830461993254,0.026041666666666668,84.67917327458859,5241.0,0.0,-57.15025906735751,-57.0,0.8679552331204683,0.046875,27.155440414507773,27.0,1.449383467282955,0.23958333333333334
2024-01-01 02:07:00.000000,2024-01-01 02:07:06.000000,8,1.8911917098445596,4.0,8.544831230628896,0.046875,177.83023031187747,5086.0,0.0,-57.66839378238342,-58.0,0.9703339257498621,0.11979166666666667,26.352331606217618,27.0,3.1656040849730305,0.15104166666666666
2024-01-01 02:07:02.000000,2024-01-01 02:07:08.000000,8,-4.072538860103627,-5.0,7.2222833906448285,0.06770833333333333,206.04089431021544,5144.0,0.0,-57.73575129533679,-58.0,1.024500173006575,0.140625,26.65284974093264,27.0,3.911615270470703,0.17708333333333334
2024-01-01 02:07:04.000000,2024-01-01 02:07:10.000000,8,-6.098445595854923,-6.0,5.788426641835431,0.18229166666666666,352.8396133179486,5381.0,0.0,-57.145077720207254,-57.0,1.2498704596089594,0.13020833333333334,27.88082901554404,29.0,4.421926349735715,0.09895833333333333
2024-01-01 02:07:06.000000,2024-01-01 02:07:12.000000,8,-3.699481865284974,-4.0,4.7272315873181165,0.036458333333333336,129.0932224263808,5704.0,0.0,-56.487046632124354,-56.0,0.9191754020257059,0.171875,29.55440414507772,30.0,3.0204845400447606,0.11979166666666667
2024-01-01 02:07:08.000000,2024-01-01 02:07:14.000000,8,-1.621761658031088,0.0,4.264307168860753,0.10416666666666667,189.64196279892306,5682.0,0.0,-56.67875647668394,-56.0,1.1816366244588572,0.125,29.440414507772022,30.0,3.0970119729542143,0.09895833333333333
2024-01-01 02:07:10.000000,2024-01-01 02:07:16.000000,8,-2.290155440414508,-1.0,4.387334573885656,0.09895833333333333,283.42125404217995,5417.0,0.0,-57.39378238341969,-57.0,1.3151214671009326,0.036458333333333336,28.067357512953368,29.0,3.2692732630347363,0.08854166666666667
2024-01-01 02:07:12.000000,2024-01-01 02:07:18.000000,8,-2.7305699481865284,-2.0,4.528836792632354,0.11458333333333333,169.96261442213714,5226.999999999999,0.0,-57.96373056994819,-58.0,1.0673812238508633,0.08854166666666667,27.082901554404145,27.0,2.995372798801448,0.171875
2024-01-01 02:07:14.000000,2024-01-01 02:07:20.000000,8,-1.077720207253886,-1.0,4.7728803088011365,0.078125,133.18070341827098,5086.0,0.0,-58.29015544041451,-58.0,0.7764478925717434,0.14583333333333334,26.352331606217618,27.0,2.4109574632217394,0.19791666666666666
2024-01-01 02:07:16.000000,2024-01-01 02:07:22.000000,8,2.471502590673575,4.0,3.9291202261187315,0.09895833333333333,246.49975883480454,4919.0,0.0,-58.5440414507772,-59.0,0.8096927390104316,0.078125,25.487046632124354,25.0,2.4283670960179085,0.078125
2024-01-01 02:07:18.000000,2024-01-01 02:07:24.000000,8,4.658031088082901,5.0,2.362279588278066,0.06770833333333333,135.42109660124265,4715.000000000001,0.0,-58.89119170984456,-59.0,0.589469331911551,0.026041666666666668,24.430051813471504,24.0,1.9084593746793272,0.06770833333333333
2024-01-01 02:07:20.000000,2024-01-01 02:07:26.000000,8,5.476683937823834,5.0,0.540760834188966,0.3854166666666667,27.968521235214055,4615.0,0.0,-59.03626943005181,-59.0,0.1874460198635706,0.0625,23.911917098445596,24.0,0.41772318556455973,0.10416666666666667
2024-01-01 02:07:22.000000,2024-01-01 02:07:28.000000,8,5.310880829015544,5.0,0.5559673919688468,0.3072916666666667,30.841643667519456,4680.0,0.0,-59.0,-59.0,0.10206207261596575,0.0078125,24.248704663212436,24.0,0.4898031926500934,0.14583333333333334
2024-01-01 02:07:24.000000,2024-01-01 02:07:30.000000,8,-4.512953367875648,5.0,19.124076450546728,0.005208333333333333,1577.332159797092,6462.999999999999,0.0,-44.0,-59.0,23.079572497485014,0.005208333333333333,33.487046632124354,24.0,17.80803564180197,0.015625
2024-01-01 02:07:26.000000,2024-01-01 02:07:32.000000,8,-18.860103626943005,-22.0,23.21673502898011,0.026041666666666668,1913.3877311669612,8188.0,0.0,-25.22279792746114,-7.0,26.12364626567588,0.005208333333333333,42.424870466321245,46.0,18.00219324337107,0.036458333333333336
2024-01-01 02:07:28.000000,2024-01-01 02:07:34.000000,8,-34.78238341968912,-42.0,16.961485185749215,0.036458333333333336,733.2538274615347,9722.0,0.0,-6.005181347150259,-2.0,11.240504052183358,0.057291666666666664,50.373056994818654,49.0,12.951258766117782,0.0625
2024-01-01 02:07:30.000000,2024-01-01 02:07:36.000000,8,-41.32642487046632,-43.0,7.486249628889305,0.026041666666666668,277.66276426226995,9520.0,0.0,-1.5233160621761659,-1.0,1.4436374013094158,0.140625,49.32642487046632,48.0,4.288086228849054,0.057291666666666664
2024-01-01 02:07:32.000000,2024-01-01 02:07:38.000000,8,-43.49222797927461,-44.0,0.8786778122581419,0.24479166666666666,34.79913265867935,9309.0,0.0,-1.0880829015544042,-1.0,0.3019260280679198,0.13541666666666666,48.233160621761655,48.0,0.6229456738817132,0.109375
2024-01-01 02:07:34.000000,2024-01-01 02:07:40.000000,8,-43.40414507772021,-44.0,2.6619196197812145,0.15104166666666666,61.044164225397715,9319.0,0.0,-1.2797927461139897,-1.0,1.1293692738967653,0.13020833333333334,48.284974093264246,48.0,1.4918640899448623,0.046875
2024-01-01 02:07:36.000000,2024-01-01 02:07:42.000000,8,-37.38341968911917,-44.0,9.740814835602068,0.005208333333333333,590.6302264463718,10001.0,0.0,-2.606217616580311,-1.0,2.279976858046964,0.026041666666666668,51.818652849740936,48.0,5.415377819297008,0.005208333333333333
2024-01-01 02:07:38.000000,2024-01-01 02:07:44.000000,8,-39.233160621761655,-44.0,11.561544503767994,0.010416666666666666,839.5710363461505,9618.0,0.0,-2.6321243523316062,-1.0,2.407541135222678,0.03125,49.83419689119171,48.0,7.554901244569552,0.010416666666666666
2024-01-01 02:07:40.000000,2024-01-01 02:07:46.000000,8,-42.74611398963731,-50.0,13.47075528101914,0.005208333333333333,1048.1260494151427,8857.0,0.0,-2.5025906735751295,-1.0,2.3119354093026785,0.026041666666666668,45.89119170984456,41.0,10.161896513935325,0.015625
2024-01-01 02:07:42.000000,2024-01-01 02:07:48.000000,8,-52.20725388601036,-52.0,4.338364373864246,0.19270833333333334,468.05523809587663,7406.0,0.0,-1.150259067357513,-1.0,0.9482508212675258,0.109375,38.373056994818654,39.0,5.029672318048464,0.11458333333333333
2024-01-01 02:07:44.000000,2024-01-01 02:07:50.000000,8,-52.968911917098445,-52.0,2.6651820133109108,0.17708333333333334,361.13657261100263,7239.000000000001,0.0,-0.9637305699481865,-1.0,0.5339812827831079,0.078125,37.50777202072539,39.0,3.914608285778809,0.041666666666666664
2024-01-01 02:07:46.000000,2024-01-01 02:07:52.000000,8,-52.15544041450777,-52.0,2.0581858764212284,0.09895833333333333,228.46187469013307,7461.0,0.0,-0.6010362694300518,-1.0,0.6385195798767722,0.057291666666666664,38.6580310880829,40.0,2.9960304048070907,0.09895833333333333
2024-01-01 02:07:48.000000,2024-01-01 02:07:54.000000,8,-46.15544041450777,-51.0,11.952452848762874,0.036458333333333336,660.7125379447388,8510.000000000002,0.0,-1.61139896373057,0.0,4.2240968723354255,0.046875,44.09326424870466,41.0,7.448546154117409,0.036458333333333336
2024-01-01 02:07:50.000000,2024-01-01 02:07:56.000000,8,-43.41968911917098,-45.0,11.435281019117232,0.09375,677.3622299877838,9060.000000000002,0.0,-2.295336787564767,-2.0,4.219353847592271,0.07291666666666667,46.943005181347154,47.0,6.885360775237659,0.06770833333333333
2024-01-01 02:07:52.000000,2024-01-01 02:07:58.000000,8,-41.41450777202073,-44.0,10.476869209278327,0.07291666666666667,344.5406067286675,9476.0,0.0,-3.088082901554404,-3.0,3.977477340361796,0.16666666666666666,49.09844559585492,48.0,5.425215785684804,0.09375
2024-01-01 02:07:54.000000,2024-01-01 02:08:00.000000,8,-41.4300518134715,-44.0,16.51188109165038,0.0625,447.87204587165644,8745.0,0.0,-6.787564766839378,-3.0,12.978806874783167,0.036458333333333336,45.310880829015545,47.0,7.592261393963327,0.09895833333333333
2024-01-01 02:07:56.000000,2024-01-01 02:08:02.000000,8,-24.533678756476682,-43.0,28.13583412513477,0.015625,1335.4415077968356,7154.000000000001,0.0,-25.357512953367877,-6.0,26.7971091808249,0.015625,37.067357512953365,42.0,12.253427316539945,0.026041666666666668
2024-01-01 02:07:58.000000,2024-01-01 02:08:04.000000,8,-6.958549222797927,6.0,26.662792856043474,0.005208333333333333,922.0210261741666,6056.0,0.0,-43.12435233160622,-56.0,23.165731644504913,0.015625,31.378238341968913,29.0,10.207582098472868,0.046875
2024-01-01 02:08:00.000000,2024-01-01 02:08:06.000000,8,5.875647668393782,8.0,7.425678821397359,0.08333333333333333,441.3600271180349,5119.0,0.0,-57.47150259067357,-57.0,1.9393046222710877,0.10416666666666667,26.523316062176164,28.0,5.388135634254773,0.16666666666666666
2024-01-01 02:08:02.000000,2024-01-01 02:08:08.000000,8,5.580310880829016,9.0,7.617484404503212,0.07291666666666667,280.18497145668425,5304.0,0.0,-57.129533678756474,-57.0,1.5608518941842544,0.14583333333333334,27.481865284974095,28.0,4.439516284002573,0.14583333333333334
2024-01-01 02:08:04.000000,2024-01-01 02:08:10.000000,8,5.5025906735751295,8.0,6.803893150502457,0.057291666666666664,240.60561537631835,5234.000000000001,0.0,-57.26943005181347,-57.0,1.3956585163644146,0.14583333333333334,27.11917098445596,27.0,4.110618279831759,0.15625
2024-01-01 02:08:06.000000,2024-01-01 02:08:12.000000,8,7.839378238341969,8.0,3.229116175993913,0.23958333333333334,191.75789816881831,5383.000000000001,0.0,-56.751295336787564,-56.0,1.0509474301141577,0.005208333333333333,27.89119170984456,29.0,2.3526525653534707,0.0625
2024-01-01 02:08:08.000000,2024-01-01 02:08:14.000000,8,9.321243523316062,8.0,3.2851329418451023,0.046875,110.09001708303182,5503.0,0.0,-56.17616580310881,-56.0,0.4895276352765806,0.020833333333333332,28.512953367875646,29.0,1.6269501384561387,0.09895833333333333
2024-01-01 02:08:10.000000,2024-01-01 02:08:16.000000,8,9.393782383419689,8.0,3.235603159623109,0.07291666666666667,110.9681830233167,5375.0,0.0,-56.51813471502591,-56.0,0.7575540701872968,0.015625,27.849740932642487,28.0,1.5522874368818431,0.15104166666666666
2024-01-01 02:08:12.000000,2024-01-01 02:08:18.000000,8,8.533678756476684,8.0,5.951203960860785,0.16666666666666666,81.62585060130318,5256.0,0.0,-56.932642487046635,-57.0,0.9017470090850218,0.036458333333333336,27.23316062176166,27.0,1.8378369475939051,0.20833333333333334
2024-01-01 02:08:14.000000,2024-01-01 02:08:20.000000,8,7.538860103626943,8.0,6.4444576273364875,0.125,133.58789384638732,5065.0,0.0,-57.58549222797927,-58.0,0.8255029345746517,0.22395833333333334,26.243523316062177,27.0,2.2425274108147715,0.13020833333333334
2024-01-01 02:08:16.000000,2024-01-01 02:08:22.000000,8,2.010362694300518,8.0,16.76429416116093,0.026041666666666668,977.3440995423836,5911.0,0.0,-49.90155440414508,-58.0,17.68637798762775,0.005208333333333333,30.626943005181346,26.0,12.705219542650296,0.026041666666666668
2024-01-01 02:08:18.000000,2024-01-01 02:08:24.000000,8,-13.357512953367875,-10.0,25.422915721497862,0.026041666666666668,1758.6046272952485,7344.0,0.0,-31.66839378238342,-41.0,26.83211473702351,0.005208333333333333,38.05181347150259,28.0,15.1759613000855,0.005208333333333333
2024-01-01 02:08:20.000000,2024-01-01 02:08:26.000000,8,-31.740932642487046,-44.0,22.69923900065776,0.026041666666666668,956.601145072804,8618.0,0.0,-12.61139896373057,-1.0,21.040617332203137,0.015625,44.652849740932645,46.0,11.981700659374178,0.052083333333333336
2024-01-01 02:08:22.000000,2024-01-01 02:08:28.000000,8,-45.6839378238342,-48.0,7.145700997530909,0.109375,395.0568965634138,8783.0,0.0,-1.2849740932642486,-1.0,1.6791094255190826,0.078125,45.50777202072539,44.0,4.902294499968496,0.036458333333333336
2024-01-01 02:08:24.000000,2024-01-01 02:08:30.000000,8,-48.932642487046635,-50.0,2.2104443750206606,0.036458333333333336,170.12067226389124,8273.0,0.0,-0.7616580310880829,-1.0,0.4392006792058195,0.2604166666666667,42.865284974093264,42.0,2.1022029731312353,0.046875
2024-01-01 02:08:26.000000,2024-01-01 02:08:32.000000,8,-49.89119170984456,-50.0,0.31220841318620607,0.20833333333333334,6.7845813686819385,8096.0,0.0,-0.7512953367875648,-1.0,0.43338647209723963,0.3385416666666667,41.94818652849741,42.0,0.22222671987388612,0.08333333333333333
2024-01-01 02:08:28.000000,2024-01-01 02:08:34.000000,8,-49.932642487046635,-50.0,0.2512919982685126,0.13541666666666666,5.655419531218134,8099.0,0.0,-0.6373056994818653,-1.0,0.4820280451067448,0.4479166666666667,41.96373056994819,42.0,0.18744601986357073,0.07291666666666667
2024-01-01 02:08:30.000000,2024-01-01 02:08:36.000000,8,-49.93782383419689,-50.0,0.2627368575285396,0.125,4.532307161368121,8101.0,0.0,-0.6321243523316062,-1.0,0.4834814554761045,0.4375,41.97409326424871,42.0,0.1592702486022106,0.052083333333333336
2024-01-01 02:08:32.000000,2024-01-01 02:08:38.000000,8,-49.95336787564767,-50.0,0.23474621581114175,0.09375,2.9784883568097205,8103.0,0.0,-0.6580310880829016,-1.0,0.47560297153034936,0.4114583333333333,41.984455958549226,42.0,0.1240246925105303,0.03125
2024-01-01 02:08:34.000000,2024-01-01 02:08:40.000000,8,-49.89119170984456,-50.0,0.32846728898159017,0.18229166666666666,1.9997350429145169,8104.0,0.0,-0.7305699481865285,-1.0,0.44481759666240556,0.3489583333333333,41.98963730569948,42.0,0.10153187644463944,0.020833333333333332
2024-01-01 02:08:36.000000,2024-01-01 02:08:42.000000,8,-49.854922279792746,-50.0,0.3530951228820762,0.23958333333333334,3.8802371236585236,8104.0,0.0,-0.7564766839378239,-1.0,0.4303245150530156,0.3020833333333333,41.98963730569948,42.0,0.143963150149739,0.015625
2024-01-01 02:08:38.000000,2024-01-01 02:08:44.000000,8,-49.84974093264249,-50.0,0.3582544999036416,0.25,3.880237123658576,8103.999999999999,0.0,-0.8238341968911918,-1.0,0.3819519677910842,0.20833333333333334,41.98963730569948,42.0,0.14396315014973918,0.020833333333333332
2024-01-01 02:08:40.000000,2024-01-01 02:08:46.000000,8,-49.90673575129534,-50.0,0.2915587019520048,0.16145833333333334,5.027362170050126,8102.000000000001,0.0,-0.8601036269430051,-1.0,0.34778164491367375,0.17708333333333334,41.979274611398964,42.0,0.17555119216573753,0.041666666666666664
2024-01-01 02:08:42.000000,2024-01-01 02:08:48.000000,8,-49.73575129533679,-50.0,0.6103419297059374,0.13020833333333334,33.02739840847937,8135.0,0.0,-0.8186528497409327,-1.0,0.3863076395836496,0.16145833333333334,42.15025906735751,42.0,0.5526568736879534,0.026041666666666668
2024-01-01 02:08:44.000000,2024-01-01 02:08:50.000000,8,-49.58031088082902,-50.0,0.7180891213373698,0.18229166666666666,49.16522952429115,8152.0,0.0,-0.7098445595854922,-1.0,0.4550142816942878,0.20833333333333334,42.23834196891192,42.0,0.6576325493375368,0.03125
2024-01-01 02:08:46.000000,2024-01-01 02:08:52.000000,8,-46.652849740932645,-49.0,6.991714193065458,0.015625,361.14889069018994,8571.0,0.0,-1.2953367875647668,-1.0,1.692763093640604,0.026041666666666668,44.409326424870464,42.0,5.163303616042107,0.026041666666666668
2024-01-01 02:08:48.000000,2024-01-01 02:08:54.000000,8,-40.74611398963731,-44.0,10.04483687478823,0.036458333333333336,925.7538625839785,9450.0,0.0,-1.6424870466321244,-1.0,1.920736086951237,0.041666666666666664,48.96373056994819,44.0,7.426285703074992,0.026041666666666668
2024-01-01 02:08:50.000000,2024-01-01 02:08:56.000000,8,-37.49222797927461,-38.0,8.317976999512648,0.10416666666666667,560.86824492122,10034.0,0.0,-1.5129533678756477,-1.0,2.0819382202703425,0.09375,51.98963730569948,52.0,5.901967925073883,0.11458333333333333
2024-01-01 02:08:52.000000,2024-01-01 02:08:58.000000,8,-37.94818652849741,-39.0,7.1266379203913,0.09895833333333333,385.7653995510829,10035.000000000002,0.0,-0.689119170984456,0.0,1.7960418724515606,0.1875,51.994818652849744,52.0,4.828838509118956,0.09895833333333333
2024-01-01 02:08:54.000000,2024-01-01 02:09:00.000000,8,-43.803108808290155,-45.0,5.389282446205069,0.036458333333333336,356.38653171253094,9173.0,0.0,-0.23834196891191708,0.0,1.2686858962255074,0.23958333333333334,47.52849740932643,47.0,4.5392347833045585,0.026041666666666668
2024-01-01 02:08:56.000000,2024-01-01 02:09:02.000000,8,-46.87564766839378,-49.0,4.233433117287822,0.03125,300.03573816450114,8636.0,0.0,-0.3471502590673575,0.0,1.135921369423498,0.3177083333333333,44.74611398963731,43.0,3.5048772457494026,0.03125
2024-01-01 02:08:58.000000,2024-01-01 02:09:04.000000,8,-48.704663212435236,-49.0,0.6776406800006233,0.34375,30.822478422062787,8330.0,0.0,-0.45595854922279794,0.0,0.5197938677394635,0.3489583333333333,43.16062176165803,43.0,0.6615194212812637,0.23958333333333334
2024-01-01 02:09:00.000000,2024-01-01 02:09:06.000000,8,-48.50777202072539,-49.0,0.5314991669056643,0.3958333333333333,33.01107509671752,8367.0,0.0,-0.41450777202072536,0.0,0.5043528146625452,0.375,43.35233160621762,43.0,0.5002158428764474,0.265625
2024-01-01 02:09:02.000000,2024-01-01 02:09:08.000000,8,-46.50259067357513,-48.0,6.298250709796667,0.005208333333333333,241.8180573720163,8649.0,0.0,-1.0259067357512954,0.0,3.3671749304260694,0.026041666666666668,44.81347150259067,44.0,4.213869074069865,0.026041666666666668
2024-01-01 02:09:04.000000,2024-01-01 02:09:10.000000,8,-37.1139896373057,-48.0,13.74308390988204,0.015625,1031.9308886921326,9786.999999999998,0.0,-2.6321243523316062,-1.0,3.895029437345662,0.036458333333333336,50.70984455958549,44.0,8.57192343233881,0.026041666666666668
2024-01-01 02:09:06.000000,2024-01-01 02:09:12.000000,8,-30.89119170984456,-29.0,12.327711632467073,0.041666666666666664,867.7534373678984,10638.0,0.0,-3.533678756476684,-3.0,3.684165927827502,0.07291666666666667,55.119170984455955,57.0,7.378974588370684,0.0625
2024-01-01 02:09:08.000000,2024-01-01 02:09:14.000000,8,-29.523316062176164,-36.0,9.523585053948574,0.020833333333333332,543.7755309429646,10943.0,0.0,-3.1295336787564767,-3.0,2.1478691694123073,0.0625,56.69948186528497,55.0,4.6337585694701655,0.046875
2024-01-01 02:09:10.000000,2024-01-01 02:09:16.000000,8,-35.67875647668394,-39.0,6.68334485460655,0.026041666666666668,302.99299028869956,10365.0,0.0,-1.6528497409326426,-1.0,1.5133794492832755,0.09895833333333333,53.704663212435236,52.0,3.340226572832799,0.06770833333333333
2024-01-01 02:09:12.000000,2024-01-01 02:09:18.000000,8,-37.984455958549226,-39.0,2.7050814142435096,0.0625,106.65604723281594,10147.0,0.0,-1.2797927461139897,-1.0,1.4231918201079248,0.07291666666666667,52.575129533678755,52.0,1.5665125507557556,0.16145833333333334
2024-01-01 02:09:14.000000,2024-01-01 02:09:20.000000,8,-35.538860103626945,-38.0,6.487952998483836,0.078125,178.08825439572,10387.000000000002,0.0,-2.1658031088082903,-1.0,2.112332710977435,0.06770833333333333,53.818652849740936,53.0,2.8746855351036253,0.078125
2024-01-01 02:09:16.000000,2024-01-01 02:09:22.000000,8,-30.6580310880829,-35.0,8.390045581115464,0.041666666666666664,390.65502436208396,10861.0,0.0,-3.2694300518134716,-3.0,2.2173436121405534,0.09375,56.27461139896373,55.0,3.8327302033595307,0.07291666666666667
2024-01-01 02:09:18.000000,2024-01-01 02:09:24.000000,8,-32.01036269430052,-36.0,9.209929897775252,0.03125,556.3525252176084,10682.0,0.0,-2.7357512953367875,-3.0,2.4361890877263948,0.06770833333333333,55.347150259067355,54.0,4.49405911815954,0.03125
2024-01-01 02:09:20.000000,2024-01-01 02:09:26.000000,8,-35.24352331606217,-41.0,8.834577665151242,0.005208333333333333,524.4306109401443,10318.000000000002,0.0,-1.5129533678756477,0.0,2.3119003913856435,0.015625,53.461139896373055,51.0,4.7246905483007176,0.026041666666666668
2024-01-01 02:09:22.000000,2024-01-01 02:09:28.000000,8,-41.0880829015544,-41.0,1.1803570052141814,0.3645833333333333,45.37582180276701,9697.0,0.0,-0.13471502590673576,0.0,0.8431630962681302,0.052083333333333336,50.24352331606217,50.0,0.8402455126859908,0.140625
2024-01-01 02:09:24.000000,2024-01-01 02:09:30.000000,8,-41.512953367875646,-42.0,0.7507552328749469,0.4010416666666667,12.53586208342997,9645.0,0.0,-0.025906735751295335,0.0,0.25890863013131954,0.03125,49.97409326424871,50.0,0.3877718557216483,0.07291666666666667
2024-01-01 02:09:26.000000,2024-01-01 02:09:32.000000,8,-40.29015544041451,-42.0,5.314951049935685,0.026041666666666668,132.44067898803067,9773.0,0.0,-0.39378238341968913,0.0,1.5647026788593759,0.026041666666666668,50.637305699481864,50.0,2.6305609736840223,0.036458333333333336
2024-01-01 02:09:28.000000,2024-01-01 02:09:34.000000,8,-37.50259067357513,-41.0,7.99487098103867,0.036458333333333336,376.9074290579126,10096.0,0.0,-1.1243523316062176,0.0,2.484342158107298,0.057291666666666664,52.310880829015545,50.0,4.237326170389293,0.046875
2024-01-01 02:09:30.000000,2024-01-01 02:09:36.000000,8,-34.25388601036269,-39.0,9.852178160578097,0.052083333333333336,393.70449675792736,10427.000000000002,0.0,-1.932642487046632,0.0,2.8904695699938534,0.07291666666666667,54.02590673575129,52.0,5.307654881906238,0.08333333333333333
2024-01-01 02:09:32.000000,2024-01-01 02:09:38.000000,8,-35.66321243523316,-40.0,9.408304401423491,0.046875,394.94911821725435,10260.0,0.0,-1.528497409326425,0.0,2.7310838662751915,0.078125,53.16062176165803,51.0,5.337573538422277,0.046875
2024-01-01 02:09:34.000000,2024-01-01 02:09:40.000000,8,-37.21761658031088,-42.0,8.84615621082911,0.057291666666666664,383.9282711728466,10064.0,0.0,-1.3989637305699483,0.0,2.867090381185425,0.046875,52.145077720207254,49.0,4.9275679767815594,0.046875
2024-01-01 02:09:36.000000,2024-01-01 02:09:42.000000,8,-40.61139896373057,-42.0,5.085649193584541,0.052083333333333336,186.46445030450036,9683.0,0.0,-0.46632124352331605,0.0,2.0438310229644143,0.09375,50.170984455958546,49.0,2.7607342706785043,0.020833333333333332
2024-01-01 02:09:38.000000,2024-01-01 02:09:44.000000,8,-40.60621761658031,-42.0,4.983343369656208,0.041666666666666664,164.9733989608959,9689.0,0.0,-0.44559585492227977,0.0,2.022888246208718,0.041666666666666664,50.2020725388601,49.0,2.668410078844216,0.015625
2024-01-01 02:09:40.000000,2024-01-01 02:09:46.000000,8,-39.398963730569946,-42.0,7.484803977875395,0.015625,281.67918531165157,9812.0,0.0,-0.8341968911917098,0.0,3.166141102646137,0.026041666666666668,50.83937823834197,49.0,3.686984939585772,0.015625
2024-01-01 02:09:42.000000,2024-01-01 02:09:48.000000,8,-34.39378238341969,-41.0,9.503308782027608,0.015625,573.3226718593371,10383.0,0.0,-2.481865284974093,-1.0,3.6186629440430953,0.015625,53.7979274611399,54.0,4.809452049406883,0.015625
2024-01-01 02:09:44.000000,2024-01-01 02:09:50.000000,8,-30.94300518134715,-31.0,7.832349137084052,0.052083333333333336,301.670464912372,10830.999999999998,0.0,-3.7512953367875648,-4.0,3.1041489173143035,0.125,56.119170984455955,57.0,3.6402402817882398,0.13541666666666666
2024-01-01 02:09:46.000000,2024-01-01 02:09:52.000000,8,-26.466321243523318,-30.0,6.433971965312857,0.010416666666666666,245.14927518410153,11275.0,0.0,-4.430051813471502,-4.0,1.5365439091680322,0.18229166666666666,58.41968911917098,58.0,2.4885207090792716,0.06770833333333333
2024-01-01 02:09:48.000000,2024-01-01 02:09:54.000000,8,-27.3419689119171,-30.0,7.414593595506667,0.010416666666666666,333.37819692532844,11185.0,0.0,-3.9326424870466323,-4.0,1.6896195829418084,0.15104166666666666,57.95336787564767,57.0,3.4038736442232467,0.10416666666666667
2024-01-01 02:09:50.000000,2024-01-01 02:09:56.000000,8,-29.300518134715027,-34.0,8.91527538255577,0.010416666666666666,485.850147833626,10971.0,0.0,-3.4455958549222796,-3.0,1.8731640406851915,0.0625,56.84455958549223,55.0,4.195320301864109,0.0625
2024-01-01 02:09:52.000000,2024-01-01 02:09:58.000000,8,-32.16580310880829,-37.0,8.076036537097384,0.010416666666666666,401.1996752271064,10711.0,0.0,-2.9792746113989637,-2.0,1.6644523286667412,0.21354166666666666,55.49740932642487,53.0,3.813523567968905,0.052083333333333336
2024-01-01 02:09:54.000000,2024-01-01 02:10:00.000000,8,-30.295336787564768,-29.0,7.859497241630131,0.005208333333333333,433.81234716247957,10918.000000000002,0.0,-3.2590673575129534,-3.0,1.6410213919937178,0.08854166666666667,56.5699481865285,57.0,3.833314560290443,0.026041666666666668
2024-01-01 02:09:56.000000,2024-01-01 02:10:02.000000,8,-30.238341968911918,-27.0,9.198345715577428,0.010416666666666666,541.0046668651928,10863.000000000002,0.0,-2.922279792746114,-3.0,2.2956414736354103,0.09375,56.284974093264246,58.0,4.876242589966207,0.0625
2024-01-01 02:09:58.000000,2024-01-01 02:10:04.000000,8,-34.09326424870466,-41.0,9.329702021501923,0.005208333333333333,601.5487247343142,10430.0,0.0,-2.0362694300518136,-1.0,2.2921356875985133,0.036458333333333336,54.04145077720207,50.0,5.261727176914749,0.036458333333333336
2024-01-01 02:10:00.000000,2024-01-01 02:10:06.000000,8,-38.62176165803109,-42.0,7.67686886890723,0.010416666666666666,297.48884024256944,9915.0,0.0,-1.2020725388601037,-1.0,2.024741715761309,0.03125,51.373056994818654,50.0,3.9098832412587865,0.020833333333333332
2024-01-01 02:10:02.000000,2024-01-01 02:10:08.000000,8,-35.36787564766839,-41.0,8.600775409875698,0.015625,520.1106683978302,10306.0,0.0,-2.098445595854922,-1.0,2.3597421443687856,0.036458333333333336,53.398963730569946,50.0,4.627971901443729,0.026041666666666668
2024-01-01 02:10:04.000000,2024-01-01 02:10:10.000000,8,-34.067357512953365,-38.0,9.245529424270979,0.03125,562.3319380079082,10433.0,0.0,-2.3678756476683938,-1.0,2.4525505739513873,0.07291666666666667,54.056994818652846,53.0,5.0282395532811845,0.041666666666666664
2024-01-01 02:10:06.000000,2024-01-01 02:10:12.000000,8,-36.30569948186528,-42.0,9.015889830186008,0.015625,615.0777050398436,10162.0,0.0,-1.8445595854922279,-1.0,2.2859817224188754,0.078125,52.652849740932645,49.0,5.389873284612507,0.036458333333333336
2024-01-01 02:10:08.000000,2024-01-01 02:10:14.000000,8,-41.984455958549226,-44.0,5.900632631988333,0.057291666666666664,246.5507725705445,9452.0,0.0,-0.5854922279792746,0.0,1.3362715897818167,0.22395833333333334,48.97409326424871,48.0,3.545001224083908,0.057291666666666664
2024-01-01 02:10:10.000000,2024-01-01 02:10:16.000000,8,-44.20725388601036,-44.0,0.9674651279233994,0.3072916666666667,47.30966558142516,9182.000000000002,0.0,-0.06735751295336788,0.0,0.36886899444172405,0.171875,47.575129533678755,47.0,0.9161758774067171,0.328125
2024-01-01 02:10:12.000000,2024-01-01 02:10:18.000000,8,-38.968911917098445,-44.0,10.35158338117456,0.036458333333333336,530.8540245619508,9786.0,0.0,-2.093264248704663,0.0,4.307407164023844,0.057291666666666664,50.704663212435236,48.0,6.703608249134073,0.046875
2024-01-01 02:10:14.000000,2024-01-01 02:10:20.000000,8,-33.38860103626943,-29.0,10.49003865834345,0.046875,579.4574623948666,10504.000000000002,0.0,-2.7357512953367875,-2.0,4.115217767160949,0.13541666666666666,54.424870466321245,57.0,6.920365710833168,0.06770833333333333
2024-01-01 02:10:16.000000,2024-01-01 02:10:22.000000,8,-28.0,-28.0,7.1224410609471995,0.203125,194.31448743749002,11176.0,0.0,-3.4922279792746114,-2.0,3.727878042231907,0.0625,57.90673575129534,58.0,4.975105339925032,0.16145833333333334
2024-01-01 02:10:18.000000,2024-01-01 02:10:24.000000,8,-28.93782383419689,-28.0,3.325449441750289,0.18229166666666666,97.25783882606412,11144.000000000002,0.0,-2.160621761658031,-2.0,0.9736655541811902,0.3177083333333333,57.740932642487046,58.0,1.9725282952717476,0.11979166666666667
2024-01-01 02:10:20.000000,2024-01-01 02:10:26.000000,8,-33.04663212435233,-29.0,10.429470541970845,0.078125,773.9971173847229,10242.0,0.0,-3.678756476683938,-3.0,3.2388292811234316,0.078125,53.067357512953365,58.0,12.844041329285492,0.057291666666666664
2024-01-01 02:10:22.000000,2024-01-01 02:10:28.000000,8,-43.95854922279793,-38.0,16.430356241348406,0.041666666666666664,2935.270215684992,7054.999999999998,0.0,-5.652849740932642,-5.0,3.6938440714490883,0.09895833333333333,36.55440414507772,52.0,25.208265711666538,0.010416666666666666
2024-01-01 02:10:24.000000,2024-01-01 02:10:30.000000,8,-41.78756476683938,-38.0,20.134481482262846,0.041666666666666664,2946.605654196482,7136.000000000002,0.0,-6.590673575129534,-7.0,3.2633246183557727,0.16666666666666666,36.97409326424871,52.0,25.65951643501405,0.010416666666666666
2024-01-01 02:10:26.000000,2024-01-01 02:10:32.000000,8,-40.95336787564767,-37.0,18.399300868579335,0.015625,2590.6653725668757,7661.0,0.0,-4.979274611398964,-5.0,3.2818289953018756,0.046875,39.69430051813472,53.0,24.51752814002089,0.005208333333333333
2024-01-01 02:10:28.000000,2024-01-01 02:10:34.000000,8,-32.73056994818653,-37.0,10.554913359551252,0.036458333333333336,276.0631739954396,10597.0,0.0,-2.8860103626943006,-2.0,2.251726453352049,0.078125,54.90673575129534,54.0,3.6043385629937568,0.046875
2024-01-01 02:10:30.000000,2024-01-01 02:10:36.000000,8,-36.96373056994819,-37.0,0.5983750304193516,0.21875,23.513051735522634,10279.0,0.0,-1.8238341968911918,-2.0,0.4208768296063366,0.19270833333333334,53.259067357512954,53.0,0.5256277602204211,0.3854166666666667
2024-01-01 02:10:32.000000,2024-01-01 02:10:38.000000,8,-36.994818652849744,-37.0,0.4620764876982937,0.15625,21.670766898836995,10258.0,0.0,-1.9119170984455958,-2.0,0.31870988860017657,0.13541666666666666,53.15025906735751,53.0,0.35825449990364105,0.21875
2024-01-01 02:10:34.000000,2024-01-01 02:10:40.000000,8,-37.10880829015544,-37.0,0.3122084131862059,0.16666666666666666,3.918972525365352,10233.0,0.0,-1.9170984455958548,-2.0,0.2764504846556092,0.11979166666666667,53.020725388601036,53.0,0.1428340099701229,0.03125
2024-01-01 02:10:36.000000,2024-01-01 02:10:42.000000,8,-37.07253886010363,-37.0,0.374892039727142,0.109375,8.57086468586026,10239.0,0.0,-1.922279792746114,-2.0,0.2684271014787626,0.10416666666666667,53.05181347150259,53.0,0.2839625239814344,0.078125
2024-01-01 02:10:38.000000,2024-01-01 02:10:44.000000,8,-25.523316062176164,-37.0,21.97633019742967,0.005208333333333333,1407.19022518081,8706.0,0.0,-16.585492227979273,-2.0,24.172216249825443,0.005208333333333333,45.10880829015544,53.0,14.126791004798795,0.005208333333333333
2024-01-01 02:10:40.000000,2024-01-01 02:10:46.000000,8,-9.528497409326425,8.0,25.11101323625345,0.005208333333333333,1677.796143489263,7173.0,0.0,-34.373056994818654,-55.0,26.48222083386531,0.005208333333333333,37.16580310880829,32.0,14.29501193243758,0.005208333333333333
2024-01-01 02:10:42.000000,2024-01-01 02:10:48.000000,8,6.0932642487046635,10.0,16.11649020341229,0.057291666666666664,604.911777276375,5870.0,0.0,-51.63212435233161,-55.0,13.393655375504844,0.015625,30.414507772020727,31.0,8.949755402336878,0.052083333333333336
2024-01-01 02:10:44.000000,2024-01-01 02:10:50.000000,8,10.595854922279793,10.0,3.070759850945066,0.17708333333333334,500.3650715424696,5729.0,0.0,-55.145077720207254,-54.0,2.3138372528053432,0.057291666666666664,29.683937823834196,32.0,6.953611249759413,0.046875
2024-01-01 02:10:46.000000,2024-01-01 02:10:52.000000,8,11.528497409326425,10.0,3.837922930174863,0.13020833333333334,1252.5196143152093,4651.0,0.0,-56.92227979274612,-54.0,3.629906303952618,0.005208333333333333,24.098445595854923,32.0,10.925202499476924,0.005208333333333333
2024-01-01 02:10:48.000000,2024-01-01 02:10:54.000000,8,11.896373056994818,12.0,6.615137100627896,0.22395833333333334,973.276220797607,3564.0000000000005,0.0,-58.870466321243526,-60.0,3.238570976358544,0.020833333333333332,18.466321243523318,15.0,10.22253206975153,0.08333333333333333
2024-01-01 02:10:50.000000,2024-01-01 02:10:56.000000,8,13.751295336787564,15.0,6.1619050491059095,0.2916666666666667,929.6098947704086,3676.0,0.0,-58.39378238341969,-60.0,3.1540917033640135,0.015625,19.04663212435233,17.0,8.782256114034956,0.057291666666666664
2024-01-01 02:10:52.000000,2024-01-01 02:10:58.000000,8,14.160621761658032,15.0,6.12033016087087,0.22916666666666666,759.1369764294396,4756.0,0.0,-56.233160621761655,-55.0,2.878175575940646,0.015625,24.642487046632123,29.0,7.916995039094683,0.015625
2024-01-01 02:10:54.000000,2024-01-01 02:11:00.000000,8,15.849740932642487,16.0,2.537882244451309,0.16666666666666666,276.47028363345373,5962.0,0.0,-53.3160621761658,-54.0,1.731630083509175,0.06770833333333333,30.89119170984456,30.0,2.9936695586850552,0.13020833333333334
2024-01-01 02:10:56.000000,2024-01-01 02:11:02.000000,8,15.73056994818653,16.0,2.42382879503356,0.203125,265.7939989609528,6026.000000000001,0.0,-53.119170984455955,-54.0,1.597946382857398,0.13541666666666666,31.22279792746114,31.0,2.8407559230180843,0.08333333333333333
2024-01-01 02:10:58.000000,2024-01-01 02:11:04.000000,8,16.435233160621763,17.0,2.3155277639366205,0.171875,271.4714800358507,5968.0,0.0,-53.020725388601036,-54.0,1.4894019675933032,0.109375,30.922279792746114,30.0,3.0275077388519276,0.09895833333333333
2024-01-01 02:11:00.000000,2024-01-01 02:11:06.000000,8,16.5440414507772,17.0,1.5032528058423482,0.16666666666666666,160.15069615128525,5725.0,0.0,-53.7720207253886,-54.0,0.6691447896892142,0.125,29.66321243523316,29.0,1.902723935969489,0.14583333333333334
2024-01-01 02:11:02.000000,2024-01-01 02:11:08.000000,8,3.7512953367875648,17.0,25.89744016630853,0.015625,524.265889675438,6150.0,0.0,-35.0880829015544,-54.0,37.74513645482145,0.005208333333333333,31.865284974093264,29.0,10.907398437463222,0.09375
2024-01-01 02:11:04.000000,2024-01-01 02:11:10.000000,8,-17.077720207253886,-21.0,32.80734754759683,0.036458333333333336,569.4720387088124,6834.0,0.0,-16.191709844559586,-23.0,40.17526101448549,0.036458333333333336,35.409326424870464,32.0,14.806857788361672,0.13020833333333334
2024-01-01 02:11:06.000000,2024-01-01 02:11:12.000000,8,-36.30569948186528,-41.0,23.007807068400073,0.140625,657.6362822090007,8048.0,0.0,-0.8860103626943006,-6.0,30.710297220216876,0.03125,41.69948186528497,46.0,15.39185558924389,0.109375
2024-01-01 02:11:08.000000,2024-01-01 02:11:14.000000,8,-42.865284974093264,-42.0,10.547140560687916,0.21875,584.6509872131795,8831.0,0.0,-3.4974093264248705,-7.0,15.183641262999313,0.036458333333333336,45.75647668393783,49.0,11.299325755176248,0.06770833333333333
2024-01-01 02:11:10.000000,2024-01-01 02:11:16.000000,8,-40.917098445595855,-41.0,2.3481747955521386,0.13541666666666666,108.35065072374587,9608.0,0.0,-7.5595854922279795,-7.0,1.3493145768457508,0.125,49.78238341968912,50.0,1.8155292267151744,0.21875
2024-01-01 02:11:12.000000,2024-01-01 02:11:18.000000,8,-39.979274611398964,-40.0,1.9010922003953783,0.11979166666666667,156.15527858344257,9737.0,0.0,-7.917098445595855,-8.0,0.9317143001655542,0.08854166666666667,50.45077720207254,51.0,1.5541985867248564,0.14583333333333334
2024-01-01 02:11:14.000000,2024-01-01 02:11:20.000000,8,-38.979274611398964,-39.0,1.5577713421436876,0.16145833333333334,58.053042580200405,9883.000000000002,0.0,-8.362694300518134,-8.0,0.5890113492987751,0.3385416666666667,51.20725388601036,51.0,1.2069888595513933,0.24479166666666666
2024-01-01 02:11:16.000000,2024-01-01 02:11:22.000000,8,-37.16580310880829,-38.0,3.143026590490758,0.07291666666666667,169.76768782031763,10099.999999999998,0.0,-8.678756476683938,-9.0,0.7708318746193534,0.265625,52.33160621761658,52.0,1.9615804667311378,0.08854166666666667
2024-01-01 02:11:18.000000,2024-01-01 02:11:24.000000,8,-35.32124352331606,-34.0,3.443050746880719,0.046875,196.54615629177036,10307.0,0.0,-9.33160621761658,-9.0,1.0674570689858234,0.078125,53.40414507772021,54.0,2.0772536505787715,0.06770833333333333
2024-01-01 02:11:20.000000,2024-01-01 02:11:26.000000,8,-33.704663212435236,-34.0,2.250191893563389,0.17708333333333334,66.70894298756818,10490.000000000002,0.0,-10.046632124352332,-10.0,0.8055158507674776,0.23958333333333334,54.35233160621762,54.0,1.342497382789974,0.3072916666666667
2024-01-01 02:11:22.000000,2024-01-01 02:11:28.000000,8,-33.66321243523316,-34.0,1.063379068431333,0.24479166666666666,31.735780085333484,10493.000000000002,0.0,-10.362694300518134,-10.0,0.5134209153018899,0.3333333333333333,54.36787564766839,54.0,0.7103433332710509,0.3541666666666667
2024-01-01 02:11:24.000000,2024-01-01 02:11:30.000000,8,-34.119170984455955,-34.0,0.7914223329889768,0.2864583333333333,15.839945438457306,10446.000000000002,0.0,-10.414507772020725,-10.0,0.4939181055512794,0.4010416666666667,54.12435233160622,54.0,0.4733278904549734,0.28125
2024-01-01 02:11:26.000000,2024-01-01 02:11:32.000000,8,-34.248704663212436,-34.0,0.7639745856572857,0.375,15.570017433573321,10434.0,0.0,-10.476683937823834,-10.0,0.5007550430360934,0.3385416666666667,54.06217616580311,54.0,0.44048911031258453,0.19791666666666666
2024-01-01 02:11:28.000000,2024-01-01 02:11:34.000000,8,-34.45077720207254,-34.0,0.6838249632112602,0.4166666666666667,14.990359960231388,10417.0,0.0,-10.606217616580311,-11.0,0.48985828552385785,0.3489583333333333,53.97409326424871,54.0,0.4382164747661567,0.1875
2024-01-01 02:11:30.000000,2024-01-01 02:11:36.000000,8,-34.64766839378238,-35.0,0.6848108421050253,0.3802083333333333,12.614972036679676,10403.000000000002,0.0,-10.487046632124352,-10.0,0.5011321379527751,0.28125,53.90155440414508,54.0,0.43975332620707897,0.21875
2024-01-01 02:11:32.000000,2024-01-01 02:11:38.000000,8,-34.73575129533679,-35.0,0.7483430170430984,0.4010416666666667,14.83785105153294,10386.0,0.0,-10.606217616580311,-11.0,0.5106804022377468,0.22916666666666666,53.81347150259067,54.0,0.4962619335953057,0.3072916666666667
2024-01-01 02:11:34.000000,2024-01-01 02:11:40.000000,8,-34.7720207253886,-35.0,0.8538177496212067,0.4010416666666667,25.633958363254948,10371.0,0.0,-10.740932642487047,-11.0,0.5354448701603215,0.13541666666666666,53.73575129533679,54.0,0.6354268417034074,0.3385416666666667
2024-01-01 02:11:36.000000,2024-01-01 02:11:42.000000,8,-34.75647668393783,-35.0,0.9172944937453902,0.4427083333333333,20.28622173122035,10361.0,0.0,-11.046632124352332,-11.0,0.3429369998084938,0.13541666666666666,53.6839378238342,54.0,0.6443674516769572,0.40625
2024-01-01 02:11:38.000000,2024-01-01 02:11:44.000000,8,-34.69430051813472,-35.0,0.9325249398193838,0.4114583333333333,24.704408714701504,10357.0,0.0,-11.2279792746114,-11.0,0.4562580588163757,0.19270833333333334,53.66321243523316,54.0,0.6735664108642587,0.3802083333333333
2024-01-01 02:11:40.000000,2024-01-01 02:11:46.000000,8,-34.09326424870466,-34.0,1.3962771250784254,0.3385416666666667,55.75384725946838,10419.0,0.0,-11.290155440414507,-11.0,0.529107421241127,0.21875,53.984455958549226,54.0,0.9708066015873937,0.3072916666666667
2024-01-01 02:11:42.000000,2024-01-01 02:11:48.000000,8,-33.33160621761658,-33.0,1.4193183554537077,0.18229166666666666,64.89763209410647,10494.000000000002,0.0,-11.419689119170984,-11.0,0.5818665249434275,0.22916666666666666,54.373056994818654,54.0,1.0132967450898451,0.2760416666666667
2024-01-01 02:11:44.000000,2024-01-01 02:11:50.000000,8,-32.38341968911917,-32.0,1.4427024392271561,0.2552083333333333,32.92990939511944,10587.0,0.0,-11.637305699481866,-12.0,0.7925808284350333,0.20833333333333334,54.854922279792746,55.0,1.0799735332265235,0.3333333333333333
2024-01-01 02:11:46.000000,2024-01-01 02:11:52.000000,8,-31.78238341968912,-32.0,1.2094680813166019,0.21354166666666666,25.768327108039422,10628.0,0.0,-12.077720207253886,-12.0,0.796588418700831,0.16666666666666666,55.067357512953365,55.0,0.872390013159511,0.265625
2024-01-01 02:11:48.000000,2024-01-01 02:11:54.000000,8,-31.29015544041451,-31.0,1.1080935564649297,0.25,23.83634603747743,10662.999999999998,0.0,-12.450777202072539,-13.0,0.6761655963181039,0.23958333333333334,55.248704663212436,55.0,0.8230474880164694,0.3645833333333333
2024-01-01 02:11:50.000000,2024-01-01 02:11:56.000000,8,-31.067357512953368,-31.0,0.8295466643859064,0.234375,22.896893380139222,10667.000000000002,0.0,-12.72538860103627,-13.0,0.49183751898133954,0.234375,55.26943005181347,55.0,0.6534748357566535,0.4010416666666667
2024-01-01 02:11:52.000000,2024-01-01 02:11:58.000000,8,-31.072538860103627,-31.0,0.8446660334815421,0.234375,18.966956382523627,10664.0,0.0,-12.689119170984457,-13.0,0.5171393180429968,0.2708333333333333,55.25388601036269,55.0,0.6314648375842914,0.359375
2024-01-01 02:11:54.000000,2024-01-01 02:12:00.000000,8,-31.093264248704664,-31.0,0.7783571224169984,0.2552083333333333,19.554035217636013,10667.0,0.0,-12.621761658031089,-13.0,0.5371054803890042,0.2916666666666667,55.26943005181347,55.0,0.6291099752564613,0.359375
2024-01-01 02:11:56.000000,2024-01-01 02:12:02.000000,8,-31.067357512953368,-31.0,0.8232441932544172,0.28125,15.64439796739294,10672.0,0.0,-12.590673575129534,-13.0,0.5034423814435033,0.2760416666666667,55.295336787564764,55.0,0.5780976484917656,0.328125
2024-01-01 02:11:58.000000,2024-01-01 02:12:04.000000,8,-31.025906735751295,-31.0,0.8504608625659835,0.296875,18.97378123763799,10675.0,0.0,-12.751295336787564,-13.0,0.5003237293961701,0.203125,55.310880829015545,55.0,0.6264447894794696,0.3854166666666667
2024-01-01 02:12:00.000000,2024-01-01 02:12:06.000000,8,-30.984455958549223,-31.0,0.7601855854673444,0.2708333333333333,18.97918972056219,10652.0,0.0,-13.202072538860104,-13.0,0.5823764666239307,0.16145833333333334,55.19170984455958,55.0,0.6204280098217122,0.3125
2024-01-01 02:12:02.000000,2024-01-01 02:12:08.000000,8,-31.21761658031088,-31.0,1.0125774240637901,0.23958333333333334,21.458532547135714,10617.0,0.0,-13.310880829015543,-13.0,0.5652578240053903,0.20833333333333334,55.01036269430052,55.0,0.6534335380136508,0.23958333333333334
2024-01-01 02:12:04.000000,2024-01-01 02:12:10.000000,8,-31.53886010362694,-31.0,0.9946695148986618,0.18229166666666666,16.704314925027276,10593.0,0.0,-13.088082901554404,-13.0,0.7620647346244314,0.171875,54.8860103626943,55.0,0.5928929251773782,0.2708333333333333
2024-01-01 02:12:06.000000,2024-01-01 02:12:12.000000,8,-31.818652849740932,-32.0,0.9482792797486901,0.24479166666666666,19.66488458016411,10582.0,0.0,-12.66839378238342,-13.0,0.6156686831901867,0.25,54.829015544041454,55.0,0.6181184190472386,0.3177083333333333
2024-01-01 02:12:08.000000,2024-01-01 02:12:14.000000,8,-31.958549222797927,-32.0,0.6679742142851882,0.234375,17.735651288885848,10582.0,0.0,-12.50259067357513,-12.0,0.5115779544255511,0.3489583333333333,54.829015544041454,55.0,0.5465684281333165,0.34375
2024-01-01 02:12:10.000000,2024-01-01 02:12:16.000000,8,-31.906735751295336,-32.0,0.7082888841077515,0.28125,17.960349928580428,10589.0,0.0,-12.564766839378239,-13.0,0.5176087572301232,0.3541666666666667,54.865284974093264,55.0,0.5519728316760356,0.3020833333333333
2024-01-01 02:12:12.000000,2024-01-01 02:12:18.000000,8,-31.870466321243523,-32.0,0.7629495192422091,0.3229166666666667,22.384170212123543,10595.0,0.0,-12.549222797927461,-13.0,0.5193264037618487,0.3333333333333333,54.89637305699482,55.0,0.6452045102939281,0.3177083333333333
2024-01-01 02:12:14.000000,2024-01-01 02:12:20.000000,8,-31.66839378238342,-32.0,0.8125871814526359,0.390625,24.911607495435458,10614.0,0.0,-12.580310880829016,-13.0,0.5352432339753647,0.296875,54.994818652849744,55.0,0.725268695369925,0.28125
2024-01-01 02:12:16.000000,2024-01-01 02:12:22.000000,8,-31.424870466321245,-31.0,0.8390241782423818,0.390625,23.526408209203343,10631.0,0.0,-12.621761658031089,-13.0,0.5173480102702334,0.2864583333333333,55.082901554404145,55.0,0.7312716347566424,0.2708333333333333
2024-01-01 02:12:18.000000,2024-01-01 02:12:24.000000,8,-31.21761658031088,-31.0,0.8255683131780579,0.328125,28.08540415658063,10650.0,0.0,-12.683937823834198,-13.0,0.49854061631324526,0.3020833333333333,55.181347150259064,55.0,0.6235518629063853,0.3125
2024-01-01 02:12:20.000000,2024-01-01 02:12:26.000000,8,-31.088082901554404,-31.0,0.697848593720876,0.25,17.358064016409013,10659.0,0.0,-12.67357512953368,-13.0,0.4701242807792832,0.296875,55.2279792746114,55.0,0.5494737630086519,0.3333333333333333
2024-01-01 02:12:22.000000,2024-01-01 02:12:28.000000,8,-31.088082901554404,-31.0,0.6434873682455138,0.24479166666666666,19.367266772307826,10666.0,0.0,-12.735751295336788,-13.0,0.44207910810604184,0.2864583333333333,55.26424870466321,55.0,0.5660688454806834,0.375
2024-01-01 02:12:24.000000,2024-01-01 02:12:30.000000,8,-31.015544041450777,-31.0,0.5726099233791991,0.20833333333333334,18.858685462253263,10667.0,0.0,-12.844559585492227,-13.0,0.40399558813576314,0.21875,55.26943005181347,55.0,0.5682100793725141,0.3958333333333333
2024-01-01 02:12:26.000000,2024-01-01 02:12:32.000000,8,-30.968911917098445,-31.0,0.6200364215721481,0.25,16.21503681740757,10677.0,0.0,-12.911917098445596,-13.0,0.3346530438501995,0.15104166666666666,55.32124352331606,55.0,0.540461326642207,0.4583333333333333
2024-01-01 02:12:28.000000,2024-01-01 02:12:34.000000,8,-30.911917098445596,-31.0,0.7620647346244309,0.3125,18.594247788545367,10675.999999999998,0.0,-12.974093264248705,-13.0,0.25890863013132,0.07291666666666667,55.3160621761658,55.0,0.5289543894458107,0.4427083333333333
2024-01-01 02:12:30.000000,2024-01-01 02:12:36.000000,8,-31.00518134715026,-31.0,0.7806074646177337,0.22916666666666666,20.17260081368964,10673.0,0.0,-12.922279792746114,-13.0,0.28717551336239794,0.11979166666666667,55.30051813471503,55.0,0.5428030460533864,0.4166666666666667
2024-01-01 02:12:32.000000,2024-01-01 02:12:38.000000,8,-31.041450777202073,-31.0,0.7694302335385899,0.28125,25.647032272692005,10662.000000000002,0.0,-12.917098445595855,-13.0,0.42496063009764606,0.14583333333333334,55.24352331606217,55.0,0.6675296659492205,0.3541666666666667
2024-01-01 02:12:34.000000,2024-01-01 02:12:40.000000,8,-31.082901554404145,-31.0,0.8975475124654901,0.3020833333333333,30.736235227961558,10664.0,0.0,-12.844559585492227,-13.0,0.5170871318257948,0.21875,55.25388601036269,55.0,0.7858103086021179,0.3645833333333333
2024-01-01 02:12:36.000000,2024-01-01 02:12:42.000000,8,-31.093264248704664,-31.0,0.941854452671575,0.3177083333333333,27.392770032490663,10663.000000000002,0.0,-12.792746113989637,-13.0,0.5576636744022687,0.20833333333333334,55.248704663212436,55.0,0.829351453966826,0.3697916666666667
2024-01-01 02:12:38.000000,2024-01-01 02:12:44.000000,8,-35.082901554404145,-31.0,9.811418086620622,0.015625,883.1902114651749,9755.0,0.0,-12.124352331606218,-13.0,2.232589518597009,0.234375,50.5440414507772,55.0,13.092594051534359,0.005208333333333333
2024-01-01 02:12:40.000000,2024-01-01 02:12:46.000000,8,-37.81347150259067,-32.0,10.547335014435433,0.078125,811.5063348056117,9511.0,0.0,-8.979274611398964,-12.0,6.208158735707182,0.057291666666666664,49.27979274611399,55.0,13.286288983641084,0.09895833333333333
2024-01-01 02:12:42.000000,2024-01-01 02:12:48.000000,8,-42.854922279792746,-45.0,9.78570860144884,0.109375,825.1979549997202,8888.0,0.0,-5.409326424870466,-3.0,6.141840459620665,0.06770833333333333,46.05181347150259,47.0,12.620560660354702,0.10416666666666667
2024-01-01 02:12:44.000000,2024-01-01 02:12:50.000000,8,-44.69948186528497,-47.0,6.220166274315994,0.08854166666666667,405.1630495637089,9025.0,0.0,-2.33160621761658,-2.0,4.28100041977666,0.09895833333333333,46.76165803108808,45.0,5.199677608911427,0.09375
2024-01-01 02:12:46.000000,2024-01-01 02:12:52.000000,8,-47.50259067357513,-48.0,1.9206236843243278,0.15625,150.51825867757955,8557.0,0.0,-1.761658031088083,-2.0,0.6082602814159299,0.2760416666666667,44.33678756476684,44.0,1.7752769858563542,0.16666666666666666
2024-01-01 02:12:48.000000,2024-01-01 02:12:54.000000,8,-47.84974093264249,-48.0,1.8380278253337752,0.171875,101.95547582339242,8489.0,0.0,-1.61139896373057,-2.0,0.6764449129140188,0.3229166666666667,43.984455958549226,44.0,1.6376961839788835,0.2604166666666667
2024-01-01 02:12:50.000000,2024-01-01 02:12:56.000000,8,-47.6839378238342,-48.0,1.6452586664252296,0.15625,82.60436621826048,8528.0,0.0,-1.4818652849740932,-1.0,0.6046113097883684,0.34375,44.18652849740933,44.0,1.416577768215504,0.11458333333333333
2024-01-01 02:12:52.000000,2024-01-01 02:12:58.000000,8,-47.66839378238342,-48.0,0.8562795070114697,0.25,41.492293239588584,8537.0,0.0,-1.4145077720207253,-1.0,0.5535838644608104,0.3385416666666667,44.233160621761655,44.0,0.7235177808973365,0.1875
2024-01-01 02:12:54.000000,2024-01-01 02:13:00.000000,8,-47.6839378238342,-48.0,0.46614670020712345,0.3072916666666667,21.901044950279363,8533.0,0.0,-1.383419689119171,-1.0,0.48748366962595335,0.359375,44.21243523316062,44.0,0.4100949803628732,0.2708333333333333
2024-01-01 02:12:56.000000,2024-01-01 02:13:02.000000,8,-47.48186528497409,-47.0,0.5009705606027908,0.40625,17.53836804810219,8564.0,0.0,-1.4455958549222798,-1.0,0.4983240478337315,0.3645833333333333,44.373056994818654,44.0,0.4848748569919931,0.3958333333333333
2024-01-01 02:12:58.000000,2024-01-01 02:13:04.000000,8,-47.35751295336787,-47.0,0.480514081358102,0.40625,16.314994463312555,8587.0,0.0,-1.4248704663212435,-1.0,0.49560895708407926,0.3802083333333333,44.49222797927461,44.0,0.5012398272498059,0.4479166666666667
2024-01-01 02:13:00.000000,2024-01-01 02:13:06.000000,8,-46.67357512953368,-47.0,1.8405660830420902,0.015625,102.19808207571019,8716.0,0.0,-1.4922279792746114,-1.0,0.5961610781391907,0.34375,45.16062176165803,45.0,1.8874872038592194,0.026041666666666668
2024-01-01 02:13:02.000000,2024-01-01 02:13:08.000000,8,-45.72020725388601,-47.0,2.0777732367822956,0.036458333333333336,189.84833169095143,8907.0,0.0,-1.5803108808290156,-2.0,0.625021588573606,0.3177083333333333,46.15025906735751,45.0,2.114733147870248,0.06770833333333333
2024-01-01 02:13:04.000000,2024-01-01 02:13:10.000000,8,-44.95336787564767,-45.0,1.7269015951034918,0.11458333333333333,87.54399002815431,9058.0,0.0,-1.7253886010362693,-2.0,0.5882778355032479,0.2864583333333333,46.932642487046635,47.0,1.7884530564318595,0.09895833333333333
2024-01-01 02:13:06.000000,2024-01-01 02:13:12.000000,8,-44.80829015544042,-45.0,0.6766443541758123,0.078125,32.69972462795876,9100.0,0.0,-1.7720207253886011,-2.0,0.4675340446444035,0.2916666666666667,47.15025906735751,47.0,0.6318066318380474,0.046875
2024-01-01 02:13:08.000000,2024-01-01 02:13:14.000000,8,-44.979274611398964,-45.0,0.1428340099701226,0.015625,3.971601364085646,9069.0,0.0,-1.761658031088083,-2.0,0.42717744550501063,0.3020833333333333,46.98963730569948,47.0,0.14396315014973932,0.03125
2024-01-01 02:13:10.000000,2024-01-01 02:13:16.000000,8,-44.84974093264249,-45.0,0.35825449990364233,0.11458333333333333,2.9848280296118603,9074.0,0.0,-1.7772020725388602,-2.0,0.41720604121826393,0.28125,47.015544041450774,47.0,0.12402469251053033,0.03125
2024-01-01 02:13:12.000000,2024-01-01 02:13:18.000000,8,-44.715025906735754,-45.0,0.4525761035822366,0.23958333333333334,7.79804949792582,9082.0,0.0,-1.8290155440414508,-2.0,0.3774745642187352,0.25,47.056994818652846,47.0,0.2324356653241504,0.08333333333333333
2024-01-01 02:13:14.000000,2024-01-01 02:13:20.000000,8,-44.55440414507772,-45.0,0.4983240478337323,0.359375,8.27605297755239,9083.0,0.0,-1.8860103626943006,-2.0,0.3186252041590389,0.15625,47.06217616580311,47.0,0.2421032623433759,0.09375
2024-01-01 02:13:16.000000,2024-01-01 02:13:22.000000,8,-44.52849740932643,-45.0,0.5004855155699675,0.3854166666666667,9.180319504382586,9085.0,0.0,-1.9170984455958548,-2.0,0.2764504846556092,0.125,47.07253886010363,47.0,0.2600526384871152,0.11458333333333333
2024-01-01 02:13:18.000000,2024-01-01 02:13:24.000000,8,-44.49740932642487,-45.0,0.5601743806954796,0.4166666666666667,9.040060375296832,9083.0,0.0,-1.8860103626943006,-2.0,0.3919251893649119,0.125,47.06217616580311,47.0,0.2997732303547227,0.125
2024-01-01 02:13:20.000000,2024-01-01 02:13:26.000000,8,-44.512953367875646,-45.0,0.5600298382132147,0.4375,9.378860161949577,9085.0,0.0,-1.8652849740932642,-2.0,0.4114089695689634,0.16666666666666666,47.07253886010363,47.0,0.3144477298123025,0.14583333333333334
2024-01-01 02:13:22.000000,2024-01-01 02:13:28.000000,8,-44.373056994818654,-44.0,0.5455305921238568,0.3802083333333333,15.791621935693252,9105.0,0.0,-1.8601036269430051,-2.0,0.4159752467060916,0.18229166666666666,47.17616580310881,47.0,0.4208768296063372,0.25
2024-01-01 02:13:24.000000,2024-01-01 02:13:30.000000,8,-44.21761658031088,-44.0,0.4136984083326812,0.234375,22.90224580685271,9135.0,0.0,-1.9119170984455958,-2.0,0.28415252903714167,0.16666666666666666,47.33160621761658,47.0,0.47201475343588517,0.2708333333333333
2024-01-01 02:13:26.000000,2024-01-01 02:13:32.000000,8,-44.06217616580311,-44.0,0.24210326234337562,0.109375,22.274136873240668,9153.0,0.0,-1.932642487046632,-2.0,0.2512919982685123,0.125,47.424870466321245,47.0,0.4956089570840787,0.3333333333333333
2024-01-01 02:13:28.000000,2024-01-01 02:13:34.000000,8,-44.056994818652846,-44.0,0.23243566532415022,0.08333333333333333,19.614839517700673,9153.000000000002,0.0,-1.932642487046632,-2.0,0.25129199826851284,0.11979166666666667,47.424870466321245,47.0,0.49560895708407865,0.3333333333333333
2024-01-01 02:13:30.000000,2024-01-01 02:13:36.000000,0,-44.082901554404145,-44.0,0.2764504846556092,0.125,20.984288298956976,9135.0,0.0,-1.9533678756476685,-2.0,0.21139801127490362,0.08333333333333333,47.33160621761658,47.0,0.47201475343588506,0.3802083333333333
2024-01-01 02:13:32.000000,2024-01-01 02:13:38.000000,0,-44.30051813471503,-44.0,0.542803046053387,0.15625,20.44213241122471,9119.0,0.0,-1.9430051813471503,-2.0,0.273604955817715,0.09375,47.248704663212436,47.0,0.4680532386351919,0.3333333333333333
2024-01-01 02:13:34.000000,2024-01-01 02:13:40.000000,0,-44.50259067357513,-44.0,0.5784709760401958,0.23958333333333334,18.15139931226194,9096.0,0.0,-1.9740932642487046,-2.0,0.2149426561274963,0.041666666666666664,47.129533678756474,47.0,0.38025250677926903,0.19791666666666666
2024-01-01 02:13:36.000000,2024-01-01 02:13:42.000000,0,-44.689119170984455,-45.0,0.546519052061296,0.296875,9.596696320198062,9080.0,0.0,-1.9740932642487046,-2.0,0.21494265612749702,0.041666666666666664,47.04663212435233,47.0,0.275570533930942,0.078125
2024-01-01 02:13:38.000000,2024-01-01 02:13:44.000000,0,-41.96373056994819,-45.0,9.665969653567924,0.036458333333333336,253.87912891605384,9329.0,0.0,-3.305699481865285,-2.0,4.6317314361606154,0.015625,48.33678756476684,47.0,5.495788543043168,0.03125
2024-01-01 02:13:40.000000,2024-01-01 02:13:46.000000,0,-38.6580310880829,-44.0,10.97236824269014,0.078125,431.12836765034814,9802.0,0.0,-3.4248704663212437,-2.0,5.135234000349152,0.08854166666666667,50.78756476683938,47.0,6.733115516578153,0.11979166666666667
2024-01-01 02:13:42.000000,2024-01-01 02:13:48.000000,0,-34.64248704663213,-34.0,10.87771316878614,0.16145833333333334,424.7928004981226,10352.0,0.0,-3.906735751295337,-3.0,5.8435867818219265,0.13541666666666666,53.637305699481864,54.0,7.612562054674459,0.16145833333333334
2024-01-01 02:13:44.000000,2024-01-01 02:13:50.000000,0,-34.55440414507772,-35.0,6.569214325674672,0.20833333333333334,207.0446924574634,10501.000000000002,0.0,-2.4248704663212437,-2.0,3.8965533793779836,0.234375,54.409326424870464,54.0,5.940092948046646,0.2604166666666667
2024-01-01 02:13:46.000000,2024-01-01 02:13:52.000000,0,-36.83937823834197,-37.0,6.000876986857754,0.234375,296.10648621803625,10200.0,0.0,-1.9637305699481866,-1.0,3.2489951282967504,0.265625,52.84974093264249,52.0,5.84372994071719,0.203125
2024-01-01 02:13:48.000000,2024-01-01 02:13:54.000000,0,-40.4300518134715,-42.0,4.107479014123874,0.057291666666666664,294.64861021679604,9736.0,0.0,-1.1036269430051813,-1.0,0.8718020762212166,0.20833333333333334,50.44559585492228,49.0,3.832209135296431,0.15104166666666666
2024-01-01 02:13:50.000000,2024-01-01 02:13:56.000000,0,-42.41968911917098,-43.0,2.151798159567106,0.11458333333333333,99.62064854222204,9450.0,0.0,-0.9533678756476683,-1.0,0.4364887770657082,0.125,48.96373056994819,49.0,1.9562215306629671,0.3229166666666667
2024-01-01 02:13:52.000000,2024-01-01 02:13:58.000000,0,-42.54922279792746,-42.0,0.6988919184281759,0.08854166666666667,36.48681876338706,9418.0,0.0,-0.9533678756476683,-1.0,0.2559735386799142,0.052083333333333336,48.7979274611399,49.0,0.5057954285519416,0.22916666666666666
2024-01-01 02:13:54.000000,2024-01-01 02:14:00.000000,0,-42.119170984455955,-42.0,0.34048882872577185,0.06770833333333333,12.251614161292691,9469.0,0.0,-0.9740932642487047,-1.0,0.15927024860221078,0.041666666666666664,49.06217616580311,49.0,0.37675897198426367,0.15104166666666666
2024-01-01 02:13:56.000000,2024-01-01 02:14:02.000000,0,-41.082901554404145,-42.0,5.872195064068148,0.026041666666666668,168.34572996736478,9578.0,0.0,-1.3730569948186528,-1.0,2.2536312091695496,0.020833333333333332,49.626943005181346,49.0,4.251923520824781,0.24479166666666666
2024-01-01 02:13:58.000000,2024-01-01 02:14:04.000000,0,-38.74611398963731,-42.0,11.976661242089635,0.057291666666666664,396.2497500100206,9793.0,0.0,-3.0259067357512954,-1.0,5.346762292461657,0.10416666666666667,50.740932642487046,49.0,8.797207959099731,0.057291666666666664
2024-01-01 02:14:00.000000,2024-01-01 02:14:06.000000,0,-33.32642487046632,-29.0,12.949508362844437,0.06770833333333333,470.07614198059173,10440.0,0.0,-3.9740932642487046,-4.0,5.151289516107261,0.203125,54.09326424870466,58.0,9.473735965465295,0.046875
2024-01-01 02:14:02.000000,2024-01-01 02:14:08.000000,0,-28.33678756476684,-26.0,11.53507080067181,0.07291666666666667,412.06356924610935,11029.0,0.0,-4.5025906735751295,-4.0,4.599733181042959,0.16666666666666666,57.145077720207254,59.0,8.505493881357111,0.07291666666666667
2024-01-01 02:14:04.000000,2024-01-01 02:14:10.000000,0,-25.906735751295336,-26.0,1.1418215607895754,0.22916666666666666,49.036472125480365,11396.0,0.0,-3.849740932642487,-4.0,0.5979238692073385,0.2552083333333333,59.04663212435233,59.0,0.8372210694738783,0.3125
2024-01-01 02:14:06.000000,2024-01-01 02:14:12.000000,0,-26.269430051813472,-27.0,1.1364913964920753,0.171875,37.44742975075141,11362.0,0.0,-3.8341968911917097,-4.0,0.6237249515600758,0.23958333333333334,58.870466321243526,59.0,0.8408876077764026,0.3697916666666667
2024-01-01 02:14:08.000000,2024-01-01 02:14:14.000000,0,-26.854922279792746,-27.0,0.45608058403799834,0.19791666666666666,24.128359409318037,11326.999999999998,0.0,-3.77720207253886,-4.0,0.45311243729235195,0.28125,58.689119170984455,59.0,0.5833950127766295,0.421875
2024-01-01 02:14:10.000000,2024-01-01 02:14:16.000000,0,-26.481865284974095,-27.0,0.6621718074568516,0.21354166666666666,24.13927556879822,11364.0,0.0,-3.766839378238342,-4.0,0.4593233929102796,0.3229166666666667,58.880829015544045,59.0,0.5785176250444303,0.2916666666666667
2024-01-01 02:14:12.000000,2024-01-01 02:14:18.000000,0,-25.958549222797927,-26.0,0.8405987256810362,0.19270833333333334,25.56629601915839,11405.000000000002,0.0,-3.8186528497409324,-4.0,0.4248336055453839,0.3072916666666667,59.09326424870466,59.0,0.6221654201394274,0.3177083333333333
2024-01-01 02:14:14.000000,2024-01-01 02:14:20.000000,0,-27.05699481865285,-26.0,6.033056964633658,0.046875,211.90044181509367,11256.000000000002,0.0,-3.4559585492227978,-4.0,2.83015352909924,0.24479166666666666,58.32124352331606,59.0,4.467523375681712,0.125
2024-01-01 02:14:16.000000,2024-01-01 02:14:22.000000,0,-33.87564766839378,-31.0,10.731819787834189,0.078125,726.4761811385627,10397.0,0.0,-2.145077720207254,-3.0,3.333805558087701,0.08854166666666667,53.870466321243526,56.0,7.337035639065136,0.046875
2024-01-01 02:14:18.000000,2024-01-01 02:14:24.000000,0,-40.43523316062176,-45.0,9.391219418099803,0.046875,581.4958065566437,9595.0,0.0,-0.8186528497409327,0.0,3.1413346832836315,0.078125,49.715025906735754,47.0,6.537283467124079,0.078125
2024-01-01 02:14:20.000000,2024-01-01 02:14:26.000000,0,-45.523316062176164,-45.0,1.2250533103200343,0.16666666666666666,74.12589377010232,8962.0,0.0,0.16580310880829016,0.0,0.8740897066083232,0.3072916666666667,46.43523316062176,47.0,1.0883866464763217,0.17708333333333334
2024-01-01 02:14:22.000000,2024-01-01 02:14:28.000000,0,-45.10362694300518,-45.0,0.4783187850206456,0.17708333333333334,21.478607799084724,9039.0,0.0,0.19689119170984457,0.0,0.3986836067703639,0.28125,46.83419689119171,47.0,0.38658696546221627,0.16666666666666666
2024-01-01 02:14:24.000000,2024-01-01 02:14:30.000000,0,-45.15025906735751,-45.0,0.3994950396453104,0.19270833333333334,15.086926821929108,9041.0,0.0,0.23834196891191708,0.0,0.42717744550501086,0.3541666666666667,46.84455958549223,47.0,0.3632663420042674,0.203125
2024-01-01 02:14:26.000000,2024-01-01 02:14:32.000000,2,-41.704663212435236,-45.0,12.703380005252868,0.026041666666666668,316.58547970822764,9367.0,0.0,-2.3471502590673574,0.0,6.0094287602216925,0.036458333333333336,48.53367875647668,47.0,7.647177818238903,0.057291666666666664
2024-01-01 02:14:28.000000,2024-01-01 02:14:34.000000,2,-38.601036269430054,-43.0,12.984421714265366,0.13541666666666666,413.10326050310266,9812.0,0.0,-3.0207253886010363,0.0,6.605678230714659,0.07291666666666667,50.83937823834197,48.0,8.630741061928905,0.109375
2024-01-01 02:14:30.000000,2024-01-01 02:14:36.000000,2,-36.61658031088083,-39.0,12.27455594559269,0.125,299.01174092666224,10122.0,0.0,-3.6528497409326426,-2.0,6.351566790237372,0.07291666666666667,52.44559585492228,52.0,8.189067520581899,0.19791666666666666
2024-01-01 02:14:32.000000,2024-01-01 02:14:38.000000,2,-38.2020725388601,-39.0,3.968048934788658,0.11979166666666667,132.1882909450029,10094.000000000002,0.0,-1.7461139896373057,-2.0,3.2003902638749153,0.3072916666666667,52.30051813471503,52.0,3.961119599322667,0.140625
2024-01-01 02:14:34.000000,2024-01-01 02:14:40.000000,2,-40.84974093264249,-40.0,2.168239597776933,0.171875,176.52006504119697,9727.0,0.0,-1.5077720207253886,-2.0,0.5314991669056652,0.296875,50.398963730569946,51.0,1.8146966469778552,0.13020833333333334
2024-01-01 02:14:36.000000,2024-01-01 02:14:42.000000,2,-42.424870466321245,-44.0,2.055430588710951,0.015625,184.71076810226336,9480.0,0.0,-1.2694300518134716,-1.0,0.5102574784366406,0.203125,49.119170984455955,48.0,1.7354440284320238,0.026041666666666668
2024-01-01 02:14:38.000000,2024-01-01 02:14:44.000000,2,-43.715025906735754,-44.0,1.184374010268858,0.15104166666666666,50.90427923297408,9273.0,0.0,-1.0207253886010363,-1.0,0.3378632184836721,0.09375,48.04663212435233,48.0,1.0522305446863744,0.078125
2024-01-01 02:14:40.000000,2024-01-01 02:14:46.000000,2,-43.968911917098445,-44.0,0.2869875097328442,0.09375,12.716975114256016,9230.0,0.0,-0.9740932642487047,-1.0,0.18916574414115495,0.041666666666666664,47.82383419689119,48.0,0.4330750193282314,0.296875
2024-01-01 02:14:42.000000,2024-01-01 02:14:48.000000,2,-44.0,-44.0,0.2041241452319315,0.033854166666666664,13.934509996500793,9221.0,0.0,-0.9637305699481865,-1.0,0.1874460198635713,0.0625,47.77720207253886,48.0,0.42950849525438134,0.3229166666666667
2024-01-01 02:14:44.000000,2024-01-01 02:14:50.000000,2,-43.69948186528497,-44.0,0.7588709684820188,0.14583333333333334,39.036747162521664,9263.0,0.0,-0.9792746113989638,-1.0,0.24913494550305848,0.052083333333333336,47.994818652849744,48.0,0.7107611041343359,0.23958333333333334
2024-01-01 02:14:46.000000,2024-01-01 02:14:52.000000,2,-43.40414507772021,-44.0,0.8368986769672291,0.21875,42.65397550295788,9305.0,0.0,-0.9792746113989638,-1.0,0.2692301761271919,0.0625,48.21243523316062,48.0,0.7227340863592168,0.1875
2024-01-01 02:14:48.000000,2024-01-01 02:14:54.000000,2,-43.04145077720207,-43.0,0.7761697951800983,0.234375,27.769132948015724,9361.0,0.0,-1.0,-1.0,0.22821773229381923,0.03125,48.50259067357513,48.0,0.6545064324518884,0.2864583333333333
2024-01-01 02:14:50.000000,2024-01-01 02:14:56.000000,2,-42.69948186528497,-43.0,0.9258159357047347,0.20833333333333334,55.09989644986369,9425.0,0.0,-1.005181347150259,-1.0,0.19086997445973275,0.041666666666666664,48.83419689119171,49.0,0.7993952809459279,0.23958333333333334
2024-01-01 02:14:52.000000,2024-01-01 02:14:58.000000,2,-41.32642487046632,-42.0,4.531392373142966,0.15104166666666666,137.1735661575253,9625.0,0.0,-1.450777202072539,-1.0,2.4343274047761554,0.10416666666666667,49.870466321243526,49.0,3.8281860764046707,0.140625
2024-01-01 02:14:54.000000,2024-01-01 02:15:00.000000,2,-36.81347150259067,-40.0,6.914389047973491,0.046875,391.13131411861514,10201.0,0.0,-1.7305699481865284,-1.0,2.432408825485655,0.19791666666666666,52.854922279792746,52.0,5.028014137390931,0.06770833333333333
2024-01-01 02:14:56.000000,2024-01-01 02:15:02.000000,2,-33.740932642487046,-30.0,6.380735423312455,0.052083333333333336,358.841026952345,10582.0,0.0,-2.0259067357512954,-2.0,2.4010311004697757,0.13541666666666666,54.829015544041454,57.0,4.674486108650396,0.052083333333333336
2024-01-01 02:14:58.000000,2024-01-01 02:15:04.000000,2,-33.67357512953368,-30.0,4.819899740248222,0.015625,332.52889486501294,10612.0,0.0,-1.6580310880829014,-2.0,0.6099438661564117,0.20833333333333334,54.984455958549226,57.0,2.8640674091844223,0.005208333333333333
2024-01-01 02:15:00.000000,2024-01-01 02:15:06.000000,2,-36.70984455958549,-39.0,3.8485327935737326,0.026041666666666668,213.58061476205057,10282.0,0.0,-1.5181347150259068,-1.0,0.6381390934511633,0.21354166666666666,53.27461139896373,52.0,2.243562081098808,0.015625
2024-01-01 02:15:02.000000,2024-01-01 02:15:08.000000,2,-39.05181347150259,-39.0,2.256335830875487,0.07291666666666667,81.90969583423218,10024.0,0.0,-1.621761658031088,-1.0,1.1442533069199476,0.23958333333333334,51.93782383419689,52.0,2.0782277681486145,0.11458333333333333
2024-01-01 02:15:04.000000,2024-01-01 02:15:10.000000,2,-44.89119170984456,-39.0,9.017550892191531,0.036458333333333336,1319.7973328895625,8556.0,0.0,-4.466321243523316,-2.0,4.126913122068169,0.036458333333333336,44.33160621761658,52.0,12.05386720493169,0.036458333333333336
2024-01-01 02:15:06.000000,2024-01-01 02:15:12.000000,2,-42.05181347150259,-45.0,24.358592968020396,0.06770833333333333,1175.3687573754037,7568.0,0.0,-11.72538860103627,-9.0,13.715571593815469,0.09895833333333333,39.21243523316062,42.0,15.000397591161336,0.06770833333333333
2024-01-01 02:15:08.000000,2024-01-01 02:15:14.000000,2,-44.347150259067355,-50.0,26.126070645191035,0.08854166666666667,1767.2885020488,6700.0,0.0,-11.44041450777202,-10.0,15.590055051023878,0.125,34.715025906735754,37.0,17.724060627563134,0.07291666666666667
2024-01-01 02:15:10.000000,2024-01-01 02:15:16.000000,2,-36.76165803108808,-39.0,25.029673667534723,0.041666666666666664,1706.8020565619868,8422.000000000002,0.0,-7.860103626943006,-1.0,16.89230945546538,0.046875,43.637305699481864,50.0,19.051275575044016,0.078125
2024-01-01 02:15:12.000000,2024-01-01 02:15:18.000000,2,-37.66839378238342,-39.0,16.056666775126814,0.08333333333333333,1642.5690587767128,8484.0,0.0,11.792746113989637,1.0,22.51014931330046,0.046875,43.95854922279793,50.0,17.98171356918697,0.07291666666666667
2024-01-01 02:15:14.000000,2024-01-01 02:15:20.000000,2,-33.89637305699482,-37.0,16.903514097965065,0.125,1065.5584439206052,9206.0,0.0,14.005181347150259,1.0,25.074575729487773,0.041666666666666664,47.69948186528497,51.0,14.413999623518963,0.09375
2024-01-01 02:15:16.000000,2024-01-01 02:15:22.000000,2,-36.248704663212436,-39.0,16.68988936954137,0.10416666666666667,917.1959215650493,8938.0,0.0,12.139896373056995,-4.0,26.14993056853511,0.036458333333333336,46.310880829015545,51.0,13.441491103083232,0.09375
2024-01-01 02:15:18.000000,2024-01-01 02:15:24.000000,2,-40.25388601036269,-40.0,18.41768844999572,0.15104166666666666,1566.5147641474803,8009.0,0.0,10.124352331606218,-2.0,26.101067142140934,0.07291666666666667,41.49740932642487,50.0,16.527793621758907,0.052083333333333336
2024-01-01 02:15:20.000000,2024-01-01 02:15:26.000000,2,-34.36787564766839,-39.0,16.986036058611674,0.005208333333333333,1737.65651522554,5960.0,0.0,28.813471502590673,16.0,32.480866561306556,0.005208333333333333,30.88082901554404,29.0,17.786092862378563,0.078125
2024-01-01 02:15:22.000000,2024-01-01 02:15:28.000000,2,-27.134715025906736,-22.0,17.84868363045976,0.046875,808.90057758199,3705.0,0.0,51.27979274611399,58.0,24.106846709807474,0.06770833333333333,19.196891191709845,21.0,11.929156799692123,0.09375
2024-01-01 02:15:24.000000,2024-01-01 02:15:30.000000,2,-19.134715025906736,-19.0,6.837586611778688,0.17708333333333334,1058.039425540725,2861.0,0.0,61.6839378238342,62.0,12.956200294818208,0.1875,14.823834196891191,16.0,10.403327383055519,0.09375
2024-01-01 02:15:26.000000,2024-01-01 02:15:32.000000,2,-20.66321243523316,-19.0,8.437610742572677,0.15625,798.2733440453894,2778.0000000000005,0.0,61.67875647668394,61.0,15.04335451660508,0.171875,14.393782383419689,15.0,9.141843056694292,0.109375
2024-01-01 02:15:28.000000,2024-01-01 02:15:34.000000,2,-21.27979274611399,-20.0,7.9957316711369275,0.15625,806.4879113738624,2703.0,0.0,62.523316062176164,59.0,16.263799441698506,0.14583333333333334,14.005181347150259,14.0,8.705540267390088,0.125
2024-01-01 02:15:30.000000,2024-01-01 02:15:36.000000,2,-21.22279792746114,-21.0,7.716803799555166,0.17708333333333334,962.030774300635,2846.0000000000005,0.0,63.181347150259064,59.0,16.179760513031933,0.13020833333333334,14.746113989637307,14.0,9.752819994294232,0.09895833333333333
2024-01-01 02:15:32.000000,2024-01-01 02:15:38.000000,2,-20.28497409326425,-20.0,4.96305434816777,0.18229166666666666,1161.4973741911683,2969.0,0.0,63.968911917098445,59.0,15.105499390312874,0.11458333333333333,15.38341968911917,15.0,10.291993991843947,0.09895833333333333
2024-01-01 02:15:34.000000,2024-01-01 02:15:40.000000,2,-19.673575129533678,-20.0,5.80249373166787,0.19791666666666666,1143.3481565721509,2883.0,0.0,63.62176165803109,59.0,15.562606860582964,0.11979166666666667,14.937823834196891,14.0,10.4191465096541,0.109375
2024-01-01 02:15:36.000000,2024-01-01 02:15:42.000000,2,-19.88082901554404,-20.0,5.375609978643081,0.203125,745.2728766861089,2636.0000000000005,0.0,63.20725388601036,61.0,13.302903396392379,0.11979166666666667,13.658031088082902,13.0,8.930119345219408,0.09895833333333333
2024-01-01 02:15:38.000000,2024-01-01 02:15:44.000000,2,-19.031088082901555,-19.0,5.809391405079309,0.17708333333333334,557.1257678626697,2648.0,0.0,61.83419689119171,60.0,11.953620071559856,0.11458333333333333,13.720207253886011,13.0,8.245861080373725,0.08854166666666667
2024-01-01 02:15:40.000000,2024-01-01 02:15:46.000000,2,-20.39378238341969,-20.0,8.932639278132175,0.15625,626.8920792282461,2837.0000000000005,0.0,60.04663212435233,59.0,12.112016311051224,0.11458333333333333,14.699481865284975,14.0,9.719120423858918,0.09895833333333333
2024-01-01 02:15:42.000000,2024-01-01 02:15:48.000000,2,-19.616580310880828,-19.0,9.816977997062978,0.15625,583.5006439733147,3244.0,0.0,61.21243523316062,59.0,14.851397618616646,0.15104166666666666,16.808290155440414,16.0,10.623261312580581,0.09895833333333333
2024-01-01 02:15:44.000000,2024-01-01 02:15:50.000000,2,-20.33678756476684,-20.0,9.636926811827063,0.13541666666666666,614.1204783597248,2928.0,0.0,61.72020725388601,59.0,15.497797422757284,0.14583333333333334,15.17098445595855,14.0,11.133039584047362,0.11979166666666667
2024-01-01 02:15:46.000000,2024-01-01 02:15:52.000000,2,-21.29015544041451,-22.0,7.5676639722272165,0.14583333333333334,898.9453800104426,3451.0,0.0,60.310880829015545,58.0,15.675974708906175,0.11458333333333333,17.88082901554404,16.0,12.06541611283342,0.09375
2024-01-01 02:15:48.000000,2024-01-01 02:15:54.000000,2,-20.036269430051814,-20.0,10.612675723415027,0.140625,1680.7450835351221,4106.0,0.0,56.73575129533679,53.0,16.576137988219404,0.11458333333333333,21.27461139896373,18.0,19.59624294293197,0.10416666666666667
2024-01-01 02:15:50.000000,2024-01-01 02:15:56.000000,2,-19.756476683937823,-19.0,10.547401537262896,0.11458333333333333,1483.8107569701542,4357.000000000001,0.0,56.10362694300518,58.0,14.447449216387769,0.09895833333333333,22.575129533678755,20.0,19.068839194831494,0.08333333333333333
2024-01-01 02:15:52.000000,2024-01-01 02:15:58.000000,2,-16.59585492227979,-16.0,10.348730971903885,0.13020833333333334,1414.5722304520707,3871.0,0.0,58.76165803108808,59.0,12.149467638677905,0.109375,20.05699481865285,20.0,18.502304622357563,0.10416666666666667
2024-01-01 02:15:54.000000,2024-01-01 02:16:00.000000,2,-17.704663212435232,-18.0,7.169875421362521,0.08333333333333333,497.50419923052783,2919.0,0.0,61.715025906735754,60.0,7.275575014814999,0.125,15.124352331606218,18.0,9.10214476328973,0.052083333333333336
2024-01-01 02:15:56.000000,2024-01-01 02:16:02.000000,2,-17.316062176165804,-17.0,7.078326738204493,0.125,984.4161872913284,2409.0,0.0,62.61658031088083,62.0,8.602212331419093,0.15104166666666666,12.481865284974093,14.0,10.334556344416725,0.052083333333333336
2024-01-01 02:15:58.000000,2024-01-01 02:16:04.000000,2,-17.2279792746114,-18.0,7.522178634959084,0.15104166666666666,814.852371061375,2326.0,0.0,62.55958549222798,62.0,9.170708796341122,0.16666666666666666,12.05181347150259,13.0,10.310664449088263,0.06770833333333333
2024-01-01 02:16:00.000000,2024-01-01 02:16:06.000000,2,-17.616580310880828,-19.0,6.229811955012658,0.15625,681.0978293103301,2154.0,0.0,62.06217616580311,61.0,7.641462381178801,0.171875,11.160621761658032,11.0,8.804597735164602,0.07291666666666667
2024-01-01 02:16:02.000000,2024-01-01 02:16:08.000000,2,-17.958549222797927,-19.0,5.724430645716367,0.13541666666666666,379.86190633964674,2435.0000000000005,0.0,61.15544041450777,61.0,5.601960588511234,0.18229166666666666,12.61658031088083,12.0,6.1303662474726615,0.09375
2024-01-01 02:16:04.000000,2024-01-01 02:16:10.000000,2,-23.512953367875646,-19.0,13.321782291408653,0.052083333333333336,402.202425586053,2083.0,0.0,57.4300518134715,61.0,16.796159298625422,0.078125,10.792746113989637,11.0,7.647749479884993,0.06770833333333333
2024-01-01 02:16:06.000000,2024-01-01 02:16:12.000000,2,-36.15544041450777,-23.0,21.134901129850753,0.026041666666666668,946.1122162742602,2243.0,0.0,29.4559585492228,58.0,42.554246975653804,0.015625,11.621761658031089,12.0,24.394905184561193,0.10416666666666667
2024-01-01 02:16:08.000000,2024-01-01 02:16:14.000000,2,-49.43523316062176,-56.0,20.40570799618485,0.057291666666666664,1008.5940475660286,2724.0,0.0,3.0155440414507773,-21.0,40.187901978800674,0.026041666666666668,14.1139896373057,19.0,25.88933703324063,0.09375
2024-01-01 02:16:10.000000,2024-01-01 02:16:16.000000,2,-58.43523316062176,-59.0,11.266524996298873,0.1875,938.131409629032,3280.0,0.0,-21.11917098445596,-21.0,13.946000596675955,0.057291666666666664,16.99481865284974,19.0,24.66451934825585,0.052083333333333336
2024-01-01 02:16:12.000000,2024-01-01 02:16:18.000000,2,-60.4300518134715,-59.0,16.09562985776371,0.11458333333333333,1420.148392173331,2568.0,0.0,-18.849740932642487,-21.0,16.97618467991854,0.08333333333333333,13.305699481865284,18.0,32.74323751194107,0.06770833333333333
2024-01-01 02:16:14.000000,2024-01-01 02:16:20.000000,2,-54.81347150259067,-59.0,19.71929112755837,0.08854166666666667,1086.9798237462983,2571.0,0.0,-4.8549222797927465,-20.0,33.77837833337282,0.057291666666666664,13.321243523316062,18.0,30.582886256514914,0.08333333333333333
2024-01-01 02:16:16.000000,2024-01-01 02:16:22.000000,2,-40.36787564766839,-41.0,26.47157288459559,0.057291666666666664,1099.6398201990821,2486.0,0.0,22.181347150259068,20.0,41.901213987095915,0.026041666666666668,12.880829015544041,18.0,30.654344705264105,0.06770833333333333
2024-01-01 02:16:18.000000,2024-01-01 02:16:24.000000,2,-25.704663212435232,-19.0,18.202587642727927,0.057291666666666664,438.03885461423476,3103.0,0.0,47.64766839378238,59.0,29.766105711409384,0.010416666666666666,16.077720207253886,17.0,8.105371867398084,0.13541666666666666
2024-01-01 02:16:20.000000,2024-01-01 02:16:26.000000,2,-17.025906735751295,-18.0,9.07861224777351,0.08333333333333333,555.5777400508839,2697.0,0.0,60.740932642487046,60.0,8.072279802446207,0.17708333333333334,13.974093264248705,16.0,9.808815780311598,0.08333333333333333
2024-01-01 02:16:22.000000,2024-01-01 02:16:28.000000,2,-24.82383419689119,-20.0,17.730624748506923,0.09375,1027.8099287334248,3435.0,0.0,49.362694300518136,57.0,23.711658898165183,0.057291666666666664,17.797927461139896,15.0,17.297205815262302,0.109375
2024-01-01 02:16:24.000000,2024-01-01 02:16:30.000000,0,-28.642487046632123,-26.0,16.384750850990994,0.06770833333333333,2730.02964107863,6152.0,0.0,30.321243523316063,26.0,29.15083643932473,0.005208333333333333,31.875647668393782,24.0,23.802246867859964,0.026041666666666668
2024-01-01 02:16:26.000000,2024-01-01 02:16:32.000000,0,-35.119170984455955,-36.0,13.48113246884278,0.109375,1592.3694616936862,8885.0,0.0,9.839378238341968,1.0,19.991667629575076,0.036458333333333336,46.03626943005181,53.0,18.460648761000485,0.046875
2024-01-01 02:16:28.000000,2024-01-01 02:16:34.000000,0,-34.89119170984456,-37.0,5.508854154292366,0.06770833333333333,206.87969566332998,10503.000000000002,0.0,0.5284974093264249,-1.0,4.314518407033237,0.026041666666666668,54.41968911917098,53.0,5.222649581663498,0.13020833333333334
2024-01-01 02:16:30.000000,2024-01-01 02:16:36.000000,0,-37.4300518134715,-38.0,0.9770963027262891,0.3333333333333333,34.823754960855396,10258.0,0.0,-1.005181347150259,-1.0,0.4389548349776514,0.08333333333333333,53.15025906735751,53.0,0.6235085832351251,0.11458333333333333
2024-01-01 02:16:32.000000,2024-01-01 02:16:38.000000,0,-37.66321243523316,-38.0,0.4738407360895568,0.3489583333333333,5.043790299217607,10224.0,0.0,-1.0155440414507773,-1.0,0.16062002060452532,0.020833333333333332,52.97409326424871,53.0,0.18916574414115375,0.052083333333333336
2024-01-01 02:16:34.000000,2024-01-01 02:16:40.000000,0,-37.38860103626943,-37.0,0.6117551690618722,0.2604166666666667,18.531798581147203,10246.0,0.0,-1.0,-1.0,0.0,0.0,53.0880829015544,53.0,0.31870988860017685,0.015625
2024-01-01 02:16:36.000000,2024-01-01 02:16:42.000000,0,-36.7720207253886,-37.0,0.7287579041777568,0.026041666666666668,59.263382744016724,10312.0,0.0,-1.0,-1.0,0.0,0.0,53.4300518134715,53.0,0.4963706795007618,0.015625
2024-01-01 02:16:38.000000,2024-01-01 02:16:44.000000,0,-36.30569948186528,-36.0,0.544688990818138,0.026041666666666668,41.54986944451393,10376.0,0.0,-1.0,-1.0,0.0,0.0,53.76165803108808,54.0,0.427177445505012,0.015625
2024-01-01 02:16:40.000000,2024-01-01 02:16:46.000000,0,-36.0,-36.0,0.10206207261596575,0.010416666666666666,9.413166139704688e-13,10422.0,0.0,-1.0,-1.0,0.0,0.0,54.0,54.0,0.0,0.0
2024-01-01 02:16:42.000000,2024-01-01 02:16:48.000000,0,-36.0,-36.0,0.0,0.0,9.413166139704688e-13,10422.0,0.0,-1.0,-1.0,0.0,0.0,54.0,54.0,0.0,0.0
2024-01-01 02:16:44.000000,2024-01-01 02:16:50.000000,0,-36.0,-36.0,0.0,0.0,9.413166139704688e-13,10422.0,0.0,-1.0,-1.0,0.0,0.0,54.0,54.0,0.0,0.0
2024-01-01 02:16:46.000000,2024-01-01 02:16:52.000000,0,-36.0,-36.0,0.0,0.0,9.413166139704688e-13,10422.0,0.0,-1.0,-1.0,0.0,0.0,54.0,54.0,0.0,0.0
2024-01-01 02:16:48.000000,2024-01-01 02:16:54.000000,0,-36.0,-36.0,0.0,0.0,9.413166139704688e-13,10422.0,0.0,-1.0,-1.0,0.0,0.0,54.0,54.0,0.0,0.0
2024-01-01 02:16:50.000000,2024-01-01 02:16:56.000000,0,-36.0,-36.0,0.0,0.0,9.413166139704688e-13,10422.0,0.0,-1.0,-1.0,0.0,0.0,54.0,54.0,0.0,0.0
2024-01-01 02:16:52.000000,2024-01-01 02:16:58.000000,0,-35.98963730569948,-36.0,0.10153187644463979,0.020833333333333332,1.0000000000005702,10423.0,0.0,-1.0,-1.0,0.0,0.0,54.005181347150256,54.0,0.07198157507486945,0.010416666666666666
2024-01-01 02:16:54.000000,2024-01-01 02:17:00.000000,0,-35.932642487046635,-36.0,0.251291998268513,0.125,2.984828029611927,10425.0,0.0,-0.9948186528497409,-1.0,0.07198157507486949,0.010416666666666666,54.015544041450774,54.0,0.12402469251053033,0.03125
2024-01-01 02:16:56.000000,2024-01-01 02:17:02.000000,0,-35.92746113989637,-36.0,0.26005263848711546,0.13541666666666666,2.9848280296119896,10425.000000000002,0.0,-0.9948186528497409,-1.0,0.07198157507486956,0.010416666666666666,54.015544041450774,54.0,0.1240246925105303,0.03125
2024-01-01 02:16:58.000000,2024-01-01 02:17:04.000000,0,-35.943005181347154,-36.0,0.25385626874542,0.11458333333333333,1.9997350429145184,10424.0,0.0,-0.9948186528497409,-1.0,0.07198157507486964,0.010416666666666666,54.01036269430052,54.0,0.10153187644463954,0.020833333333333332
2024-01-01 02:17:00.000000,2024-01-01 02:17:06.000000,0,-36.0,-36.0,0.10206207261596575,0.010416666666666666,9.413166139704688e-13,10422.0,0.0,-1.0103626943005182,-1.0,0.1015318764446398,0.020833333333333332,54.0,54.0,0.0,0.0
2024-01-01 02:17:02.000000,2024-01-01 02:17:08.000000,0,-36.005181347150256,-36.0,0.0719815750748692,0.010416666666666666,1.000000000000518,10423.0,0.0,-1.0103626943005182,-1.0,0.10153187644463965,0.020833333333333332,54.005181347150256,54.0,0.07198157507486942,0.010416666666666666
2024-01-01 02:17:04.000000,2024-01-01 02:17:10.000000,0,-36.005181347150256,-36.0,0.0719815750748694,0.010416666666666666,1.000000000000573,10423.0,0.0,-1.0155440414507773,-1.0,0.12402469251053048,0.03125,54.005181347150256,54.0,0.07198157507486933,0.010416666666666666
2024-01-01 02:17:06.000000,2024-01-01 02:17:12.000000,0,-36.005181347150256,-36.0,0.07198157507486931,0.010416666666666666,1.000000000000462,10423.000000000002,0.0,-1.0103626943005182,-1.0,0.10153187644463983,0.020833333333333332,54.005181347150256,54.0,0.07198157507486923,0.010416666666666666
2024-01-01 02:17:08.000000,2024-01-01 02:17:14.000000,0,-36.005181347150256,-36.0,0.07198157507486921,0.010416666666666666,9.413166139704688e-13,10422.0,0.0,-1.0103626943005182,-1.0,0.1015318764446397,0.020833333333333332,54.0,54.0,0.0,0.0
2024-01-01 02:17:10.000000,2024-01-01 02:17:16.000000,0,-36.04663212435233,-36.0,0.21139801127490407,0.078125,9.413166139704688e-13,10422.0,0.0,-1.0259067357512954,-1.0,0.15927024860221078,0.052083333333333336,54.0,54.0,0.0,0.0
2024-01-01 02:17:12.000000,2024-01-01 02:17:18.000000,0,-36.15544041450777,-36.0,0.36326634200426666,0.22916666666666666,2.9545992713539926,10419.0,0.0,-1.1139896373056994,-1.0,0.31862520415903817,0.19270833333333334,53.984455958549226,54.0,0.12402469251053033,0.03125
2024-01-01 02:17:14.000000,2024-01-01 02:17:20.000000,0,-36.259067357512954,-36.0,0.43926211876395804,0.359375,6.724123778439113,10412.0,0.0,-1.2124352331606219,-1.0,0.410094980362874,0.3177083333333333,53.94818652849741,54.0,0.2222267198738862,0.10416666666666667
2024-01-01 02:17:16.000000,2024-01-01 02:17:22.000000,0,-36.23834196891192,-36.0,0.42717744550501185,0.328125,6.724123778439544,10412.000000000002,0.0,-1.2590673575129534,-1.0,0.43926211876395843,0.3854166666666667,53.94818652849741,54.0,0.22222671987388612,0.10416666666666667
2024-01-01 02:17:18.000000,2024-01-01 02:17:24.000000,0,-36.181347150259064,-36.0,0.38630763958365055,0.22916666666666666,7.480081841268891,10410.0,0.0,-1.2538860103626943,-1.0,0.43636510833477543,0.296875,53.93782383419689,54.0,0.24210326234337579,0.11458333333333333
2024-01-01 02:17:20.000000,2024-01-01 02:17:26.000000,0,-36.0,-36.0,0.408248290463863,0.09635416666666667,7.267518194510622,10420.0,0.0,-1.1554404145077721,-1.0,0.3632663420042666,0.171875,53.98963730569948,54.0,0.20385956424551108,0.041666666666666664
2024-01-01 02:17:22.000000,2024-01-01 02:17:28.000000,0,-35.94818652849741,-36.0,0.4049296832281388,0.14583333333333334,7.267518194510409,10420.000000000002,0.0,-1.0829015544041452,-1.0,0.2764504846556092,0.0625,53.98963730569948,54.0,0.2038595642455112,0.041666666666666664
2024-01-01 02:17:24.000000,2024-01-01 02:17:30.000000,0,-35.86010362694301,-36.0,0.3477816449136738,0.19791666666666666,4.617056387298451,10427.000000000002,0.0,-1.005181347150259,-1.0,0.07198157507486946,0.010416666666666666,54.02590673575129,54.0,0.1592702486022108,0.052083333333333336
2024-01-01 02:17:26.000000,2024-01-01 02:17:32.000000,0,-35.943005181347154,-36.0,0.23243566532415,0.10416666666666667,1.999735042914402,10424.0,0.0,-1.0155440414507773,-1.0,0.12402469251053044,0.03125,54.01036269430052,54.0,0.1015318764446396,0.020833333333333332
2024-01-01 02:17:28.000000,2024-01-01 02:17:34.000000,0,-35.97409326424871,-36.0,0.18916574414115372,0.052083333333333336,1.999735042914847,10424.0,0.0,-1.1554404145077721,-1.0,0.3632663420042665,0.17708333333333334,54.01036269430052,54.0,0.10153187644463944,0.020833333333333332
2024-01-01 02:17:30.000000,2024-01-01 02:17:36.000000,0,-36.005181347150256,-36.0,0.0719815750748693,0.010416666666666666,9.413166139704688e-13,10422.0,0.0,-1.2279792746113989,-1.0,0.4206202755870046,0.22395833333333334,54.0,54.0,0.0,0.0
2024-01-01 02:17:32.000000,2024-01-01 02:17:38.000000,0,-36.01036269430052,-36.0,0.10153187644463976,0.020833333333333332,1.000000000000746,10421.0,0.0,-1.3575129533678756,-1.0,0.48051408135810064,0.296875,53.994818652849744,54.0,0.07198157507486941,0.010416666666666666
2024-01-01 02:17:34.000000,2024-01-01 02:17:40.000000,0,-36.01036269430052,-36.0,0.10153187644463985,0.020833333333333332,1.0000000000004527,10421.0,0.0,-1.4766839378238341,-1.0,0.5007550430360933,0.2552083333333333,53.994818652849744,54.0,0.07198157507486933,0.010416666666666666
2024-01-01 02:17:36.000000,2024-01-01 02:17:42.000000,0,-36.01036269430052,-36.0,0.10153187644463971,0.020833333333333332,1.0000000000004838,10421.0,0.0,-1.538860103626943,-2.0,0.49978406390700963,0.3541666666666667,53.994818652849744,54.0,0.07198157507486923,0.010416666666666666
2024-01-01 02:17:38.000000,2024-01-01 02:17:44.000000,0,-36.01036269430052,-36.0,0.10153187644463983,0.020833333333333332,1.0000000000011733,10421.0,0.0,-1.621761658031088,-2.0,0.4862087655838483,0.3958333333333333,53.994818652849744,54.0,0.07198157507486944,0.010416666666666666
2024-01-01 02:17:40.000000,2024-01-01 02:17:46.000000,0,-36.01036269430052,-36.0,0.10153187644463976,0.020833333333333332,1.999735042914656,10420.0,0.0,-1.5077720207253886,-2.0,0.5012398272498065,0.3541666666666667,53.98963730569948,54.0,0.10153187644463971,0.020833333333333332
2024-01-01 02:17:42.000000,2024-01-01 02:17:48.000000,0,-36.015544041450774,-36.0,0.12402469251053028,0.03125,1.999735042914454,10420.000000000002,0.0,-1.6269430051813472,-2.0,0.4848748569919929,0.3177083333333333,53.98963730569948,54.0,0.10153187644463957,0.020833333333333332
2024-01-01 02:17:44.000000,2024-01-01 02:17:50.000000,0,-36.01036269430052,-36.0,0.10153187644463961,0.020833333333333332,2.9989402418602267,10419.0,0.0,-1.5699481865284974,-2.0,0.49637067950076225,0.28125,53.984455958549226,54.0,0.12402469251053026,0.03125
2024-01-01 02:17:46.000000,2024-01-01 02:17:52.000000,0,-36.031088082901555,-36.0,0.1740071763155945,0.0625,2.9672344943801257,10419.0,0.0,-1.7409326424870466,-2.0,0.4392621187639592,0.25,53.984455958549226,54.0,0.12402469251053032,0.03125
2024-01-01 02:17:48.000000,2024-01-01 02:17:54.000000,0,-36.10880829015544,-36.0,0.31220841318620607,0.16666666666666666,6.169568767814599,10415.0,0.0,-1.7772020725388602,-2.0,0.41720604121826405,0.19270833333333334,53.96373056994819,54.0,0.18744601986357104,0.0625
2024-01-01 02:17:50.000000,2024-01-01 02:17:56.000000,0,-36.259067357512954,-36.0,0.4392621187639582,0.3020833333333333,5.939876091066325,10413.000000000002,0.0,-1.932642487046632,-2.0,0.25129199826851223,0.11979166666666667,53.95336787564767,54.0,0.21139801127490407,0.07291666666666667
2024-01-01 02:17:52.000000,2024-01-01 02:17:58.000000,0,-36.259067357512954,-36.0,0.43926211876395865,0.3020833333333333,7.410902403686362,10412.0,0.0,-1.8860103626943006,-2.0,0.31862520415903817,0.17708333333333334,53.94818652849741,54.0,0.2222267198738861,0.08333333333333333
2024-01-01 02:17:54.000000,2024-01-01 02:18:00.000000,0,-36.20725388601036,-36.0,0.4063932091146535,0.23958333333333334,5.1235417510971635,10415.0,0.0,-1.8911917098445596,-2.0,0.3122084131862058,0.15104166666666666,53.96373056994819,54.0,0.18744601986357076,0.0625
2024-01-01 02:17:56.000000,2024-01-01 02:18:02.000000,0,-36.082901554404145,-36.0,0.2764504846556091,0.15625,3.835898637455677,10418.0,0.0,-1.8134715025906736,-2.0,0.3905456525628614,0.18229166666666666,53.979274611398964,54.0,0.1428340099701229,0.041666666666666664
2024-01-01 02:17:58.000000,2024-01-01 02:18:04.000000,0,-36.07253886010363,-36.0,0.2600526384871153,0.13541666666666666,2.9672344943798,10419.0,0.0,-1.7512953367875648,-2.0,0.43338647209723996,0.19270833333333334,53.984455958549226,54.0,0.12402469251053028,0.03125
2024-01-01 02:18:00.000000,2024-01-01 02:18:06.000000,0,-36.04145077720207,-36.0,0.19984882023648257,0.08333333333333333,1.9997350429146772,10420.0,0.0,-1.6062176165803108,-2.0,0.48985828552385696,0.2916666666666667,53.98963730569948,54.0,0.10153187644463972,0.020833333333333332
2024-01-01 02:18:02.000000,2024-01-01 02:18:08.000000,0,-36.015544041450774,-36.0,0.12402469251053026,0.03125,1.000000000000616,10421.0,0.0,-1.4455958549222798,-1.0,0.49832404783373185,0.3385416666666667,53.994818652849744,54.0,0.07198157507486926,0.010416666666666666
2024-01-01 02:18:04.000000,2024-01-01 02:18:10.000000,0,-36.0,-36.0,0.0,0.0,9.413166139704688e-13,10422.0,0.0,-1.4300518134715026,-1.0,0.49637067950076247,0.4322916666666667,54.0,54.0,0.0,0.0
2024-01-01 02:18:06.000000,2024-01-01 02:18:12.000000,0,-36.0,-36.0,0.10206207261596575,0.010416666666666666,9.413166139704688e-13,10422.0,0.0,-1.3264248704663213,-1.0,0.47012428077928275,0.3958333333333333,54.0,54.0,0.0,0.0
2024-01-01 02:18:08.000000,2024-01-01 02:18:14.000000,0,-36.0,-36.0,0.10206207261596575,0.010416666666666666,9.413166139704688e-13,10422.0,0.0,-1.3471502590673574,-1.0,0.4773021658372743,0.4270833333333333,54.0,54.0,0.0,0.0
2024-01-01 02:18:10.000000,2024-01-01 02:18:16.000000,0,-36.0,-36.0,0.10206207261596575,0.010416666666666666,9.413166139704688e-13,10422.0,0.0,-1.1917098445595855,-1.0,0.39466979705148947,0.2760416666666667,54.0,54.0,0.0,0.0
2024-01-01 02:18:12.000000,2024-01-01 02:18:18.000000,0,-36.0,-36.0,0.0,0.0,1.000000000000509,10421.0,0.0,-1.16580310880829,-1.0,0.37287104365801615,0.25,53.994818652849744,54.0,0.0719815750748694,0.010416666666666666
2024-01-01 02:18:14.000000,2024-01-01 02:18:20.000000,0,-36.0,-36.0,0.0,0.0,1.0000000000005027,10421.0,0.0,-1.0984455958549222,-1.0,0.29869101299423684,0.16666666666666666,53.994818652849744,54.0,0.07198157507486931,0.010416666666666666
2024-01-01 02:18:16.000000,2024-01-01 02:18:22.000000,0,-36.0,-36.0,0.0,0.0,1.000000000000877,10421.0,0.0,-1.077720207253886,-1.0,0.26842710147876264,0.14583333333333334,53.994818652849744,54.0,0.07198157507486921,0.010416666666666666
2024-01-01 02:18:18.000000,2024-01-01 02:18:24.000000,0,-35.994818652849744,-36.0,0.07198157507486935,0.010416666666666666,9.413166139704688e-13,10422.0,0.0,-1.0466321243523315,-1.0,0.21139801127490362,0.08333333333333333,54.0,54.0,0.0,0.0
2024-01-01 02:18:20.000000,2024-01-01 02:18:26.000000,0,-36.0,-36.0,0.10206207261596575,0.010416666666666666,9.413166139704688e-13,10422.0,0.0,-1.0155440414507773,-1.0,0.1240246925105302,0.03125,54.0,54.0,0.0,0.0
2024-01-01 02:18:22.000000,2024-01-01 02:18:28.000000,0,-35.994818652849744,-36.0,0.2164440200535135,0.036458333333333336,1.9997350429144616,10424.0,0.0,-1.0207253886010363,-1.0,0.14283400997012277,0.03125,54.01036269430052,54.0,0.1015318764446398,0.015625
2024-01-01 02:18:24.000000,2024-01-01 02:18:30.000000,0,-36.02590673575129,-36.0,0.32969735428593233,0.11458333333333333,5.486700661460724,10423.0,0.0,-1.2124352331606219,-1.0,0.41009498036287356,0.06770833333333333,54.005181347150256,54.0,0.1908699744597326,0.041666666666666664
2024-01-01 02:18:26.000000,2024-01-01 02:18:32.000000,0,-36.119170984455955,-36.0,0.434567956887889,0.2604166666666667,8.192796143322488,10418.999999999998,0.0,-1.538860103626943,-2.0,0.49978406390701025,0.078125,53.984455958549226,54.0,0.2388488874141944,0.057291666666666664
2024-01-01 02:18:28.000000,2024-01-01 02:18:34.000000,0,-36.284974093264246,-36.0,0.5068613842728731,0.4166666666666667,9.27936811152171,10408.0,0.0,-1.854922279792746,-2.0,0.3530951228820751,0.057291666666666664,53.92746113989637,54.0,0.3144477298123017,0.11979166666666667
2024-01-01 02:18:30.000000,2024-01-01 02:18:36.000000,0,-36.49222797927461,-36.0,0.5012398272498059,0.4895833333333333,12.909741836578721,10392.0,0.0,-1.994818652849741,-2.0,0.07198157507486966,0.010416666666666666,53.84455958549223,54.0,0.36326634200426683,0.20833333333333334
2024-01-01 02:18:32.000000,2024-01-01 02:18:38.000000,0,-36.626943005181346,-37.0,0.4848748569919932,0.484375,13.055816432729815,10375.0,0.0,-1.9896373056994818,-2.0,0.10153187644463972,0.020833333333333332,53.75647668393783,54.0,0.4303245150530154,0.3385416666666667
2024-01-01 02:18:34.000000,2024-01-01 02:18:40.000000,0,-36.751295336787564,-37.0,0.43338647209724,0.3645833333333333,13.18011066111913,10358.0,0.0,-1.9896373056994818,-2.0,0.10153187644463958,0.020833333333333332,53.66839378238342,54.0,0.47201475343588506,0.453125
2024-01-01 02:18:36.000000,2024-01-01 02:18:42.000000,0,-36.854922279792746,-37.0,0.3530951228820755,0.22395833333333334,17.370513276190767,10328.0,0.0,-1.9844559585492227,-2.0,0.12402469251053037,0.03125,53.512953367875646,54.0,0.5011321379527754,0.4635416666666667
2024-01-01 02:18:38.000000,2024-01-01 02:18:44.000000,0,-36.96373056994819,-37.0,0.2134307312206023,0.07291666666666667,28.56791728047153,10286.999999999998,0.0,-1.994818652849741,-2.0,0.07198157507486962,0.010416666666666666,53.30051813471503,53.0,0.45967576994170734,0.3385416666666667
2024-01-01 02:18:40.000000,2024-01-01 02:18:46.000000,0,-37.005181347150256,-37.0,0.12489200861914987,0.015625,13.092326753741432,10263.0,0.0,-1.994818652849741,-2.0,0.07198157507486969,0.010416666666666666,53.17616580310881,53.0,0.3819519677910844,0.2552083333333333
2024-01-01 02:18:42.000000,2024-01-01 02:18:48.000000,0,-39.03626943005181,-37.0,11.019099449457263,0.057291666666666664,563.8174042240753,9634.0,0.0,4.098445595854923,-2.0,12.752681403842498,0.046875,49.917098445595855,53.0,9.376575860646911,0.0625
2024-01-01 02:18:44.000000,2024-01-01 02:18:50.000000,0,-35.24352331606217,-37.0,15.17871906722003,0.11979166666666667,1432.627104924003,7630.0,0.0,21.818652849740932,15.0,26.073678942420084,0.026041666666666668,39.53367875647668,48.0,17.79045142533203,0.078125
2024-01-01 02:18:46.000000,2024-01-01 02:18:52.000000,0,-28.093264248704664,-25.0,18.74087573042814,0.13020833333333334,1799.6378701673748,4930.0,0.0,43.7720207253886,50.0,25.52204611865792,0.046875,25.5440414507772,21.0,18.807394884236516,0.036458333333333336
2024-01-01 02:18:48.000000,2024-01-01 02:18:54.000000,0,-29.248704663212436,-26.0,18.279095268480788,0.07291666666666667,1009.8091817267642,2713.0,0.0,36.626943005181346,54.0,42.245878737382306,0.041666666666666664,14.05699481865285,16.0,19.960165154757146,0.057291666666666664
2024-01-01 02:18:50.000000,2024-01-01 02:18:56.000000,0,-40.16062176165803,-46.0,23.48004701751537,0.078125,908.6217549350736,1433.0,0.0,12.652849740932643,-14.0,47.24149730223964,0.046875,7.424870466321243,10.0,26.902908050463147,0.109375
2024-01-01 02:18:52.000000,2024-01-01 02:18:58.000000,0,-54.76165803108808,-59.0,14.581137263714423,0.06770833333333333,875.2055028805594,1127.0,0.0,-16.979274611398964,-25.0,29.847521977897422,0.026041666666666668,5.839378238341969,7.0,26.310250371507305,0.11458333333333333
2024-01-01 02:18:54.000000,2024-01-01 02:19:00.000000,0,-59.38860103626943,-60.0,10.62324861111419,0.3072916666666667,717.1595091873537,765.9999999999999,0.0,-23.865284974093264,-25.0,8.739427365312613,0.046875,3.9689119170984455,6.0,22.56054509900139,0.046875
2024-01-01 02:18:56.000000,2024-01-01 02:19:02.000000,0,-58.83419689119171,-59.0,15.869371426804053,0.09895833333333333,946.6877362019405,757.0000000000001,3.6476683937823835,-24.093264248704664,-25.0,18.509896176820767,0.11458333333333333,3.922279792746114,6.0,27.255335314554618,0.041666666666666664
2024-01-01 02:18:58.000000,2024-01-01 02:19:04.000000,0,-50.36787564766839,-57.0,21.420259202861892,0.08854166666666667,988.0870289613707,1142.0,0.0,-2.917098445595855,-25.0,41.898231961947175,0.046875,5.917098445595855,7.0,27.740114002477824,0.08333333333333333
2024-01-01 02:19:00.000000,2024-01-01 02:19:06.000000,0,-36.78238341968912,-30.0,24.74988006111794,0.057291666666666664,1321.0676968305308,2828.0,0.0,21.38860103626943,32.0,43.8542718677843,0.026041666666666668,14.652849740932643,13.0,31.927794589628505,0.08854166666666667
