start_time,end_time,activity,acc_x_mean,acc_x_median,acc_x_std,acc_x_meancross,fft_{column}_second_max,fft_{column}_dc_component,fft_{column}_dominant_freq,acc_y_mean,acc_y_median,acc_y_std,acc_y_meancross,acc_z_mean,acc_z_median,acc_z_std,acc_z_meancross
2024-01-01 00:00:00.000000,2024-01-01 00:00:06.000000,0,-12.652849740932643,-13.0,3.2737441394901667,0.036458333333333336,41.52769403591433,10947.0,0.0,25.145077720207254,25.0,0.6452463347201408,0.140625,56.72020725388601,57.0,1.8664962604182826,0.19270833333333334
2024-01-01 00:00:03.000000,2024-01-01 00:00:09.000000,0,-13.191709844559586,-13.0,0.4443319877876564,0.21875,24.97979338473237,10935.000000000002,0.0,25.316062176165804,25.0,0.644367451676958,0.22395833333333334,56.6580310880829,57.0,0.62678932121979,0.359375
2024-01-01 00:00:06.000000,2024-01-01 00:00:12.000000,0,-10.243523316062177,-13.0,4.408534811959142,0.046875,319.4452956473108,11292.000000000002,0.0,18.04663212435233,25.0,12.236510496018502,0.026041666666666668,58.50777202072539,57.0,3.4642807860249163,0.036458333333333336
2024-01-01 00:00:09.000000,2024-01-01 00:00:15.000000,0,-7.72020725388601,-9.0,3.9507984370447815,0.14583333333333334,346.0813402940557,11511.000000000002,0.0,14.66839378238342,20.0,13.790617508320427,0.041666666666666664,59.64248704663213,59.0,4.095431656010156,0.09375
2024-01-01 00:00:12.000000,2024-01-01 00:00:18.000000,0,-9.2279792746114,-10.0,2.514508848576236,0.046875,173.8184806462366,11183.000000000002,0.0,22.186528497409327,26.0,9.804677076446882,0.005208333333333333,57.943005181347154,57.0,2.9864041373946595,0.078125
2024-01-01 00:00:15.000000,2024-01-01 00:00:21.000000,0,-10.507772020725389,-11.0,0.5314991669056645,0.265625,10.943552497933897,10991.0,0.0,26.031088082901555,26.0,0.26822595712569086,0.08333333333333333,56.94818652849741,57.0,0.3783314882823092,0.07291666666666667
2024-01-01 00:00:18.000000,2024-01-01 00:00:24.000000,0,-10.735751295336788,-11.0,0.47611336656707454,0.18229166666666666,12.615473341306876,10987.0,0.0,26.067357512953368,26.0,0.3394569217546095,0.109375,56.92746113989637,57.0,0.4017180289507948,0.109375
2024-01-01 00:00:21.000000,2024-01-01 00:00:27.000000,0,-25.575129533678755,-11.0,23.227045189570326,0.026041666666666668,2155.8177113397333,8587.0,0.0,18.803108808290155,26.0,13.465720006185117,0.005208333333333333,44.49222797927461,57.0,21.558089928479788,0.015625
2024-01-01 00:00:24.000000,2024-01-01 00:00:30.000000,0,-44.259067357512954,-49.0,19.68833287023003,0.08854166666666667,2057.1446686868176,6432.0,0.0,-0.7357512953367875,-3.0,19.610201867169984,0.06770833333333333,33.32642487046632,32.0,19.758494380208006,0.078125
2024-01-01 00:00:27.000000,2024-01-01 00:00:33.000000,0,-42.76165803108808,-46.0,12.927489337452485,0.08854166666666667,1616.5830391660877,7906.999999999999,0.0,-3.3471502590673574,4.0,16.150616108707627,0.020833333333333332,40.968911917098445,44.0,14.822880236222936,0.036458333333333336
2024-01-01 00:00:30.000000,2024-01-01 00:00:36.000000,0,-33.917098445595855,-31.0,8.860220550516747,0.036458333333333336,659.332318944458,9791.0,0.0,9.036269430051814,12.0,8.650248706079482,0.015625,50.73056994818653,54.0,10.709222475401013,0.015625
2024-01-01 00:00:33.000000,2024-01-01 00:00:39.000000,0,-32.70984455958549,-31.0,6.294736266374664,0.005208333333333333,507.76724636797024,9994.0,0.0,8.911917098445596,12.0,10.570079280359801,0.005208333333333333,51.78238341968912,54.0,9.138648498167385,0.005208333333333333
2024-01-01 00:00:36.000000,2024-01-01 00:00:42.000000,0,-37.310880829015545,-31.0,10.34139818436556,0.09895833333333333,1110.1876207350588,8299.0,0.0,-12.103626943005182,-25.0,20.80914355582108,0.005208333333333333,43.0,47.0,12.796890898443522,0.041666666666666664
2024-01-01 00:00:39.000000,2024-01-01 00:00:45.000000,0,-40.829015544041454,-42.0,8.116135392740734,0.16666666666666666,524.8051423873851,7769.0,0.0,-25.575129533678755,-24.0,5.225717963910979,0.046875,40.25388601036269,43.0,7.928902688336219,0.06770833333333333
2024-01-01 00:00:42.000000,2024-01-01 00:00:48.000000,0,-41.84455958549223,-42.0,4.945187468832688,0.19791666666666666,352.0024755218266,8502.0,0.0,-14.341968911917098,-21.0,11.711690663031048,0.005208333333333333,44.05181347150259,43.0,5.919372268100667,0.10416666666666667
2024-01-01 00:00:45.000000,2024-01-01 00:00:51.000000,0,-41.15025906735751,-40.0,4.7744123149732145,0.11979166666666667,471.06226076281024,8988.0,0.0,-0.5440414507772021,7.0,12.180901129703276,0.015625,46.5699481865285,49.0,6.427198756182041,0.046875
2024-01-01 00:00:48.000000,2024-01-01 00:00:54.000000,0,-39.829015544041454,-40.0,1.10716772892162,0.2708333333333333,46.942903050897506,9514.0,0.0,6.492227979274611,6.0,0.7913541333824045,0.18229166666666666,49.295336787564764,49.0,1.6172343340381126,0.265625
2024-01-01 00:00:51.000000,2024-01-01 00:00:57.000000,0,-39.43523316062176,-39.0,0.8398921511487708,0.24479166666666666,31.973312082998476,9587.000000000002,0.0,6.0932642487046635,6.0,0.9797992022266293,0.203125,49.67357512953368,50.0,1.160179658233255,0.296875
2024-01-01 00:00:54.000000,2024-01-01 00:01:00.000000,0,-39.0,-39.0,0.6123724356957945,0.18229166666666666,18.69530004737501,9639.0,0.0,6.227979274611399,6.0,0.9735269639656695,0.3072916666666667,49.943005181347154,50.0,0.4697797411355091,0.16666666666666666
2024-01-01 00:00:57.000000,2024-01-01 00:01:03.000000,0,-38.590673575129536,-39.0,0.7383230309967124,0.16145833333333334,26.63397872684749,9677.0,0.0,6.637305699481865,7.0,0.7166596376728845,0.2708333333333333,50.13989637305699,50.0,0.5165127354404663,0.08854166666666667
2024-01-01 00:01:00.000000,2024-01-01 00:01:06.000000,0,-38.347150259067355,-38.0,0.7279427799259248,0.16666666666666666,43.001570314439824,9711.0,0.0,6.9119170984455955,7.0,0.6187293375067464,0.13541666666666666,50.3160621761658,50.0,0.6196445858560022,0.20833333333333334
2024-01-01 00:01:03.000000,2024-01-01 00:01:09.000000,0,-38.47150259067357,-38.0,0.550062800622501,0.3229166666666667,34.11995402234739,9695.0,0.0,6.880829015544041,7.0,0.3969877947163035,0.18229166666666666,50.233160621761655,50.0,0.5973368502009102,0.21354166666666666
2024-01-01 00:01:06.000000,2024-01-01 00:01:12.000000,0,-38.36787564766839,-38.0,0.534637869143803,0.328125,19.627934413581453,9679.0,0.0,6.880829015544041,7.0,0.3404888287257708,0.19791666666666666,50.15025906735751,50.0,0.5620020344279995,0.20833333333333334
2024-01-01 00:01:09.000000,2024-01-01 00:01:15.000000,0,-38.15544041450777,-38.0,0.4039955881357633,0.2552083333333333,13.694931928027938,9680.0,0.0,6.958549222797927,7.0,0.19984882023648276,0.06770833333333333,50.15544041450777,50.0,0.41668825505385604,0.21875
2024-01-01 00:01:12.000000,2024-01-01 00:01:18.000000,0,-38.16062176165803,-38.0,0.368136674889861,0.23958333333333334,8.252661074378288,9666.0,0.0,6.994818652849741,7.0,0.0719815750748695,0.010416666666666666,50.082901554404145,50.0,0.2764504846556091,0.13541666666666666
2024-01-01 00:01:15.000000,2024-01-01 00:01:21.000000,0,-38.21243523316062,-38.0,0.41009498036287295,0.265625,7.9804953723329275,9669.0,0.0,6.984455958549223,7.0,0.12402469251053032,0.03125,50.09844559585492,50.0,0.2986910129942365,0.16145833333333334
2024-01-01 00:01:18.000000,2024-01-01 00:01:24.000000,0,-38.2279792746114,-38.0,0.42062027558700404,0.3020833333333333,13.0266907975578,9678.0,0.0,6.953367875647668,7.0,0.23474621581114175,0.052083333333333336,50.145077720207254,50.0,0.3530951228820761,0.24479166666666666
2024-01-01 00:01:21.000000,2024-01-01 00:01:27.000000,0,-37.803108808290155,-38.0,0.6634746553617752,0.09375,56.47383131817225,9761.0,0.0,7.082901554404145,7.0,0.41252256964476725,0.10416666666666667,50.575129533678755,51.0,0.6087924427438053,0.15625
2024-01-01 00:01:24.000000,2024-01-01 00:01:30.000000,0,-37.55440414507772,-38.0,0.5575184809935865,0.203125,13.81146430883335,9836.0,0.0,7.124352331606218,7.0,0.3462262630360216,0.10416666666666667,50.96373056994819,51.0,0.4001699768382101,0.10416666666666667
2024-01-01 00:01:27.000000,2024-01-01 00:01:33.000000,0,-37.62176165803109,-38.0,0.546716529593325,0.2604166666666667,12.689803445271773,9820.0,0.0,7.170984455958549,7.0,0.4168177618961605,0.10416666666666667,50.880829015544045,51.0,0.3404888287257701,0.13541666666666666
2024-01-01 00:01:30.000000,2024-01-01 00:01:36.000000,1,-37.81347150259067,-38.0,0.7044685278532691,0.22395833333333334,29.919601543164,9791.0,0.0,7.191709844559585,7.0,0.43245144086320725,0.11458333333333333,50.73056994818653,51.0,0.5589687179385372,0.19270833333333334
2024-01-01 00:01:33.000000,2024-01-01 00:01:39.000000,1,-38.8860103626943,-39.0,0.9668791827621086,0.026041666666666668,90.44497833845047,9648.0,0.0,7.010362694300518,7.0,0.20385956424551113,0.020833333333333332,49.98963730569948,50.0,0.8719568349031793,0.24479166666666666
2024-01-01 00:01:36.000000,2024-01-01 00:01:42.000000,1,-39.715025906735754,-40.0,0.4525761035822369,0.3697916666666667,14.274251658471277,9511.0,0.0,6.984455958549223,7.0,0.12402469251053,0.03125,49.27979274611399,49.0,0.47264323066005526,0.40625
2024-01-01 00:01:39.000000,2024-01-01 00:01:45.000000,1,-39.77720207253886,-40.0,0.4172060412182648,0.3125,15.014889259738457,9494.0,0.0,6.974093264248705,7.0,0.1592702486022108,0.03125,49.19170984455958,49.0,0.3946697970514878,0.3489583333333333
2024-01-01 00:01:42.000000,2024-01-01 00:01:48.000000,1,-39.74611398963731,-40.0,0.44814191328047803,0.25,13.12393171331258,9494.0,0.0,6.958549222797927,7.0,0.24652156961054586,0.052083333333333336,49.19170984455958,49.0,0.4076529349475229,0.328125
2024-01-01 00:01:45.000000,2024-01-01 00:01:51.000000,1,-39.538860103626945,-40.0,0.6768437366695065,0.3958333333333333,25.77341195861344,9538.0,0.0,6.6217616580310885,7.0,0.5071807341213814,0.18229166666666666,49.41968911917098,49.0,0.6808587613079105,0.4270833333333333
2024-01-01 00:01:48.000000,2024-01-01 00:01:54.000000,1,-39.170984455958546,-39.0,0.7751260413413149,0.359375,23.115702290332194,9595.0,0.0,6.450777202072539,6.0,0.5292604087884155,0.28125,49.715025906735754,50.0,0.6820863553835018,0.3958333333333333
2024-01-01 00:01:51.000000,2024-01-01 00:01:57.000000,1,-38.97409326424871,-39.0,0.5147332760014107,0.08333333333333333,21.159874097384698,9631.0,0.0,6.7927461139896375,7.0,0.4431765341424416,0.140625,49.90155440414508,50.0,0.375898463121168,0.13541666666666666
2024-01-01 00:01:54.000000,2024-01-01 00:02:00.000000,1,-38.96373056994819,-39.0,0.18744601986357104,0.057291666666666664,5.466245720715207e-13,9650.0,0.0,6.984455958549223,7.0,0.12402469251052993,0.020833333333333332,50.0,50.0,0.0,0.0
2024-01-01 00:01:57.000000,2024-01-01 00:02:03.000000,1,-38.943005181347154,-39.0,0.25385626874542033,0.10416666666666667,4.981485211045246,9647.0,0.0,6.953367875647668,7.0,0.342936999808494,0.041666666666666664,49.984455958549226,50.0,0.1903035934649289,0.041666666666666664
2024-01-01 00:02:00.000000,2024-01-01 00:02:06.000000,1,-40.50777202072539,-39.0,5.07046099459948,0.041666666666666664,786.5603628862683,8752.0,0.0,-4.077720207253886,7.0,16.73690940532754,0.005208333333333333,45.347150259067355,50.0,7.70610584909868,0.015625
2024-01-01 00:02:03.000000,2024-01-01 00:02:09.000000,1,-41.398963730569946,-41.0,7.410676347038283,0.09895833333333333,530.6443522867315,7907.0,0.0,-20.010362694300518,-25.0,13.808583395432025,0.036458333333333336,40.968911917098445,41.0,7.15156359342086,0.140625
2024-01-01 00:02:06.000000,2024-01-01 00:02:12.000000,1,-41.6580310880829,-41.0,9.519560468837932,0.171875,571.7646312202088,8439.0,0.0,-10.860103626943005,-22.0,16.130203100783916,0.015625,43.72538860103627,44.0,9.0807848859599,0.17708333333333334
2024-01-01 00:02:09.000000,2024-01-01 00:02:15.000000,1,-42.75647668393783,-42.0,13.041910488431348,0.1875,836.3521634734443,7773.0,0.0,3.9637305699481864,4.0,21.172007132304742,0.078125,40.27461139896373,42.0,14.387575223495595,0.13541666666666666
2024-01-01 00:02:12.000000,2024-01-01 00:02:18.000000,1,-35.81347150259067,-36.0,24.228006024160056,0.10416666666666667,1241.9425975796562,6226.0,0.0,17.906735751295336,14.0,30.394140166760504,0.041666666666666664,32.259067357512954,30.0,19.20327752951688,0.14583333333333334
2024-01-01 00:02:15.000000,2024-01-01 00:02:21.000000,1,-28.860103626943005,-21.0,24.340383838507393,0.08333333333333333,1950.2841126696537,5787.0,0.0,35.48186528497409,33.0,22.959450955309393,0.052083333333333336,29.984455958549223,28.0,23.032467275370628,0.07291666666666667
2024-01-01 00:02:18.000000,2024-01-01 00:02:24.000000,1,-34.66321243523316,-30.0,21.262877079780253,0.0625,1186.2607779256455,4952.0,0.0,28.300518134715027,32.0,31.305830955486094,0.07291666666666667,25.6580310880829,21.0,18.351803676656115,0.11458333333333333
2024-01-01 00:02:21.000000,2024-01-01 00:02:27.000000,1,-49.129533678756474,-56.0,19.127009924072784,0.078125,394.64528453051463,3872.0,0.0,2.466321243523316,-8.0,31.714057008164346,0.015625,20.06217616580311,19.0,7.785956202653431,0.21875
2024-01-01 00:02:24.000000,2024-01-01 00:02:30.000000,1,-60.056994818652846,-61.0,4.564567486467329,0.2864583333333333,177.74526815419665,3308.0000000000005,0.0,-11.212435233160623,-9.0,8.128617834104334,0.06770833333333333,17.139896373056995,16.0,3.768857307709082,0.171875
2024-01-01 00:02:27.000000,2024-01-01 00:02:33.000000,1,-61.30569948186528,-61.0,1.5728221228262973,0.3333333333333333,59.557044833732675,3009.0,0.0,-9.404145077720207,-9.0,1.119143748069405,0.171875,15.590673575129534,15.0,0.8619962672580666,0.16145833333333334
2024-01-01 00:02:30.000000,2024-01-01 00:02:36.000000,1,-61.32124352331606,-61.0,9.283184535075375,0.390625,1002.4554294001771,2472.0,0.0,-9.38860103626943,-10.0,12.872745539324821,0.16145833333333334,12.808290155440414,15.0,24.608169664741514,0.041666666666666664
2024-01-01 00:02:33.000000,2024-01-01 00:02:39.000000,1,-61.26424870466321,-61.0,9.281344224006054,0.3854166666666667,998.1762377717167,2421.0,0.0,-10.16580310880829,-11.0,12.917344263245413,0.07291666666666667,12.544041450777202,15.0,24.586144858400893,0.041666666666666664
2024-01-01 00:02:36.000000,2024-01-01 00:02:42.000000,1,-60.968911917098445,-61.0,10.52670549115008,0.19270833333333334,1005.3540451364601,2766.0,0.0,-9.352331606217616,-11.0,14.305455225989755,0.10416666666666667,14.33160621761658,15.0,26.691405569223804,0.1875
2024-01-01 00:02:39.000000,2024-01-01 00:02:45.000000,1,-56.46632124352332,-60.0,14.699070103822843,0.057291666666666664,997.077866503643,3028.0,0.0,-0.7979274611398963,-11.0,27.70596347988783,0.036458333333333336,15.689119170984457,19.0,26.87445223765997,0.07291666666666667
2024-01-01 00:02:42.000000,2024-01-01 00:02:48.000000,1,-32.73575129533679,-23.0,22.21714842048421,0.036458333333333336,239.63547673673713,3402.0,0.0,32.6580310880829,55.0,35.95001086953745,0.005208333333333333,17.626943005181346,19.0,3.88717167448815,0.0625
2024-01-01 00:02:45.000000,2024-01-01 00:02:51.000000,1,-13.626943005181348,-14.0,4.8985222561104775,0.11979166666666667,272.2321688045054,3474.0,0.0,59.601036269430054,60.0,6.30817912876233,0.125,18.0,18.0,3.998697704670026,0.10416666666666667
2024-01-01 00:02:48.000000,2024-01-01 00:02:54.000000,1,-14.533678756476684,-14.0,5.328789285609985,0.09895833333333333,504.3084804741604,3471.0,0.0,58.979274611398964,59.0,3.2306451710255653,0.16145833333333334,17.984455958549223,18.0,5.899749892242806,0.057291666666666664
2024-01-01 00:02:51.000000,2024-01-01 00:02:57.000000,1,-15.067357512953368,-14.0,9.112184022965835,0.109375,583.9988958395631,3724.0,0.0,58.87564766839378,58.0,8.416568340197559,0.13541666666666666,19.295336787564768,20.0,7.8256275717153665,0.08854166666666667
2024-01-01 00:02:54.000000,2024-01-01 00:03:00.000000,1,-15.279792746113989,-16.0,14.72011293967618,0.14583333333333334,1220.97116970941,4755.0,0.0,51.854922279792746,55.0,22.123697916468135,0.09895833333333333,24.637305699481864,24.0,16.219941975942334,0.08854166666666667
2024-01-01 00:02:57.000000,2024-01-01 00:03:03.000000,1,-24.3419689119171,-23.0,19.64097413198223,0.15625,2208.10141428248,7608.000000000002,0.0,23.704663212435232,10.0,29.61947608513456,0.005208333333333333,39.41968911917098,42.0,20.9171238140632,0.07291666666666667
2024-01-01 00:03:00.000000,2024-01-01 00:03:06.000000,1,-37.818652849740936,-40.0,17.626721672668854,0.06770833333333333,1247.7203599682327,8994.0,0.0,-3.2590673575129534,-4.0,9.380011613833302,0.13020833333333334,46.601036269430054,47.0,14.735918382890812,0.11979166666666667
2024-01-01 00:03:03.000000,2024-01-01 00:03:09.000000,1,-49.50777202072539,-56.0,14.900405185690577,0.07291666666666667,3248.793035048381,4199.0,0.0,-15.139896373056995,-16.0,8.765825806650438,0.06770833333333333,21.756476683937823,26.0,26.897718537481744,0.036458333333333336
2024-01-01 00:03:06.000000,2024-01-01 00:03:12.000000,1,-57.512953367875646,-58.0,4.852092341078823,0.24479166666666666,1025.0752027072626,613.0,0.3316062176165803,-23.362694300518136,-25.0,4.299110493610199,0.057291666666666664,-3.1761658031088085,-8.0,14.431232471242097,0.015625
2024-01-01 00:03:09.000000,2024-01-01 00:03:15.000000,1,-57.39378238341969,-58.0,6.509637302228369,0.09895833333333333,1171.9305019872297,425.00000000000006,0.16580310880829016,-23.476683937823836,-25.0,3.6200721373741653,0.046875,-2.2020725388601035,-8.0,14.515996774210077,0.005208333333333333
2024-01-01 00:03:12.000000,2024-01-01 00:03:18.000000,1,-57.310880829015545,-58.0,7.34682015620359,0.13541666666666666,1345.0056242544413,1695.0,0.0,-21.476683937823836,-22.0,3.5415282407165325,0.13020833333333334,8.782383419689118,9.0,15.738233055409685,0.09895833333333333
2024-01-01 00:03:15.000000,2024-01-01 00:03:21.000000,1,-52.73575129533679,-56.0,9.049494494417385,0.0625,1620.5799746790567,4726.0,0.0,-21.481865284974095,-21.0,2.8101254128461965,0.21875,24.487046632124354,19.0,14.184832277930623,0.020833333333333332
2024-01-01 00:03:18.000000,2024-01-01 00:03:24.000000,1,-49.40414507772021,-48.0,10.656198480798682,0.11458333333333333,1637.4030246748594,5837.999999999999,0.0,-15.378238341968911,-20.0,11.361802921649243,0.078125,30.248704663212436,33.0,18.247154769101137,0.041666666666666664
2024-01-01 00:03:21.000000,2024-01-01 00:03:27.000000,1,-56.21761658031088,-59.0,9.969970563633765,0.08854166666666667,2468.5633122969393,2966.0,0.0,-6.119170984455959,-7.0,11.849371262187447,0.11458333333333333,15.367875647668393,13.0,22.01075504500294,0.03125
2024-01-01 00:03:24.000000,2024-01-01 00:03:30.000000,1,-59.51813471502591,-59.0,3.7874426071678875,0.2708333333333333,1742.9472096325258,2981.0000000000005,0.0,-2.481865284974093,-4.0,9.7163378647817,0.09895833333333333,15.44559585492228,23.0,16.181535058722,0.036458333333333336
2024-01-01 00:03:27.000000,2024-01-01 00:03:33.000000,1,-57.1139896373057,-58.0,8.335257765703794,0.19791666666666666,867.9857348465682,4639.0,0.0,-6.601036269430052,-5.0,9.627510439043208,0.046875,24.036269430051814,27.0,10.360870427254774,0.046875
2024-01-01 00:03:30.000000,2024-01-01 00:03:36.000000,1,-57.84974093264249,-62.0,8.67907039684364,0.06770833333333333,1184.3383473909867,4041.0000000000005,0.0,-8.787564766839377,-6.0,6.029566973914358,0.078125,20.93782383419689,17.0,11.528780536392564,0.036458333333333336
2024-01-01 00:03:33.000000,2024-01-01 00:03:39.000000,1,-49.15025906735751,-56.0,17.7421699993744,0.036458333333333336,2071.690285635387,5760.0,0.0,-7.880829015544041,-6.0,4.538182379450358,0.13541666666666666,29.844559585492227,29.0,21.114930636129646,0.036458333333333336
2024-01-01 00:03:36.000000,2024-01-01 00:03:42.000000,1,-42.5699481865285,-43.0,16.743671954446995,0.08333333333333333,2198.4724945132552,7215.0,0.0,-9.709844559585493,-10.0,4.6534884402147645,0.11458333333333333,37.38341968911917,46.0,23.382867096690376,0.041666666666666664
2024-01-01 00:03:39.000000,2024-01-01 00:03:45.000000,1,-53.637305699481864,-59.0,11.568773388001697,0.057291666666666664,2753.176167155124,3031.0,0.0,-10.450777202072539,-11.0,4.977963095515161,0.08333333333333333,15.704663212435234,2.0,27.623035922176594,0.026041666666666668
2024-01-01 00:03:42.000000,2024-01-01 00:03:48.000000,1,-62.020725388601036,-63.0,3.314988922214386,0.40625,815.5953604412649,1682.0,0.0,-5.471502590673575,-1.0,7.062995286559533,0.026041666666666668,-8.715025906735752,-12.0,11.593668895689033,0.057291666666666664
2024-01-01 00:03:45.000000,2024-01-01 00:03:51.000000,1,-62.8860103626943,-63.0,0.667287060211264,0.3177083333333333,64.19824537313336,2393.0,0.0,-0.09844559585492228,0.0,0.5549471337375499,0.078125,-12.398963730569948,-12.0,0.9249994165147812,0.08854166666666667
2024-01-01 00:03:48.000000,2024-01-01 00:03:54.000000,1,-63.07772020725388,-63.0,1.338208918221774,0.11458333333333333,245.39725609165325,2032.0000000000002,0.0,-1.7202072538860103,-1.0,3.385701545739392,0.057291666666666664,-10.528497409326425,-12.0,3.641552198989053,0.026041666666666668
2024-01-01 00:03:51.000000,2024-01-01 00:03:57.000000,1,-41.64248704663213,-59.0,24.122984761061044,0.005208333333333333,4313.8943633238,4457.0,0.0,-6.010362694300518,-6.0,4.840142083513756,0.046875,23.093264248704664,5.0,34.49383408393469,0.015625
2024-01-01 00:03:54.000000,2024-01-01 00:04:00.000000,1,-20.1139896373057,-15.0,12.440586348214943,0.041666666666666664,826.2604877162247,10988.0,0.0,-8.82901554404145,-8.0,2.7963494738614907,0.13541666666666666,56.932642487046635,61.0,12.534561460287616,0.020833333333333332
2024-01-01 00:03:57.000000,2024-01-01 00:04:03.000000,1,-37.92227979274612,-42.0,20.027823640512597,0.015625,2168.6515128885862,8126.0,0.0,-9.16580310880829,-8.0,2.4861012613860485,0.06770833333333333,42.10362694300518,47.0,19.66727498985994,0.036458333333333336
2024-01-01 00:04:00.000000,2024-01-01 00:04:06.000000,1,-58.803108808290155,-61.0,6.8169970381618485,0.171875,1904.9324899342248,2132.0000000000005,0.0,-11.523316062176166,-11.0,3.668663100702952,0.16145833333333334,11.046632124352332,12.0,19.05619162160086,0.09895833333333333
2024-01-01 00:04:03.000000,2024-01-01 00:04:09.000000,1,-61.196891191709845,-62.0,3.979451212370966,0.296875,1080.8092662739907,1715.0,0.0,-11.49740932642487,-11.0,3.0620736987844754,0.11979166666666667,-8.8860103626943,-10.0,12.943686569935375,0.08854166666666667
2024-01-01 00:04:06.000000,2024-01-01 00:04:12.000000,1,-61.10880829015544,-61.0,3.4238098798362393,0.3333333333333333,822.4259646887725,2908.0,0.0,-8.932642487046632,-9.0,1.2164761958462034,0.15104166666666666,-15.067357512953368,-16.0,8.947801275642737,0.171875
2024-01-01 00:04:09.000000,2024-01-01 00:04:15.000000,1,-61.6839378238342,-62.0,1.193995845657483,0.2864583333333333,201.92745127015874,2998.0,0.0,-7.94300518134715,-8.0,0.7650335538489024,0.25,-15.533678756476684,-15.0,2.848639192743045,0.125
2024-01-01 00:04:12.000000,2024-01-01 00:04:18.000000,1,-61.94818652849741,-62.0,0.2222267198738861,0.10416666666666667,36.78552312667739,2942.9999999999995,0.0,-7.590673575129534,-8.0,0.4929884022640282,0.3958333333333333,-15.248704663212436,-15.0,0.5106275559187528,0.078125
2024-01-01 00:04:15.000000,2024-01-01 00:04:21.000000,1,-61.94818652849741,-62.0,0.2222267198738861,0.09375,42.464496925613595,2952.0,0.0,-7.642487046632124,-8.0,0.4805140813581016,0.40625,-15.295336787564766,-15.0,0.45738046656116566,0.11979166666666667
2024-01-01 00:04:18.000000,2024-01-01 00:04:24.000000,1,-61.89637305699482,-62.0,0.3055686394854027,0.19270833333333334,52.5317915354621,3009.0,0.0,-7.709844559585492,-8.0,0.4550142816942875,0.359375,-15.590673575129534,-16.0,0.5620980621150599,0.13020833333333334
2024-01-01 00:04:21.000000,2024-01-01 00:04:27.000000,1,-61.81347150259067,-62.0,0.452337528919594,0.3072916666666667,32.864656083609,3026.0,0.0,-7.466321243523316,-8.0,0.5952550577400519,0.3072916666666667,-15.678756476683938,-16.0,0.8167609476437118,0.203125
2024-01-01 00:04:24.000000,2024-01-01 00:04:30.000000,1,-60.740932642487046,-61.0,1.2227160513849193,0.015625,450.0705434012105,3677.0,0.0,-6.94300518134715,-7.0,0.6223822554090159,0.19791666666666666,-19.05181347150259,-17.0,3.7731796558109885,0.026041666666666668
2024-01-01 00:04:27.000000,2024-01-01 00:04:33.000000,1,-59.87564766839378,-60.0,0.590795473816918,0.10416666666666667,110.97463899540135,4232.0,0.0,-6.746113989637306,-7.0,0.4363651083347754,0.24479166666666666,-21.927461139896373,-22.0,1.745506815068565,0.08333333333333333
2024-01-01 00:04:30.000000,2024-01-01 00:04:36.000000,1,-60.409326424870464,-60.0,0.5136836556677401,0.109375,159.75539998671871,3930.0000000000005,0.0,-6.901554404145077,-7.0,0.29869101299423695,0.14583333333333334,-20.362694300518136,-21.0,1.4299828797120024,0.046875
2024-01-01 00:04:33.000000,2024-01-01 00:04:39.000000,1,-60.89637305699482,-61.0,0.33794308214593355,0.08854166666666667,65.97096101457245,3661.0,0.0,-6.979274611398964,-7.0,0.1428340099701229,0.041666666666666664,-18.968911917098445,-19.0,0.8533435205566368,0.328125
2024-01-01 00:04:36.000000,2024-01-01 00:04:42.000000,1,-61.32642487046632,-61.0,0.5324629934354488,0.13020833333333334,169.9390304852228,3384.0,0.0,-7.0,-7.0,0.2041241452319315,0.03125,-17.533678756476682,-18.0,1.5173151453906268,0.015625
2024-01-01 00:04:39.000000,2024-01-01 00:04:45.000000,1,-61.74611398963731,-62.0,0.5029060625723483,0.2552083333333333,47.282982951507975,3133.0,0.0,-6.984455958549223,-7.0,0.238848887414195,0.0625,-16.23316062176166,-16.0,0.9312507606840417,0.109375
2024-01-01 00:04:42.000000,2024-01-01 00:04:48.000000,1,-61.880829015544045,-62.0,0.39698779471630335,0.22916666666666666,36.151616041681734,3064.0000000000005,0.0,-6.9689119170984455,-7.0,0.24804938502106072,0.0625,-15.875647668393782,-16.0,0.5637280300664104,0.13020833333333334
2024-01-01 00:04:45.000000,2024-01-01 00:04:51.000000,1,-61.932642487046635,-62.0,0.5868540435183028,0.19791666666666666,46.87397927454642,2990.0,0.0,-6.932642487046632,-7.0,0.468399048241755,0.15625,-15.492227979274611,-15.0,0.8962838265609551,0.22916666666666666
2024-01-01 00:04:48.000000,2024-01-01 00:04:54.000000,1,-61.95336787564767,-62.0,0.5331720665079125,0.13541666666666666,38.30960534900198,2946.0,0.0,-6.901554404145077,-7.0,0.46283509076508295,0.20833333333333334,-15.264248704663212,-15.0,0.8085587617218475,0.125
2024-01-01 00:04:51.000000,2024-01-01 00:04:57.000000,1,-61.979274611398964,-62.0,0.17555119216573675,0.041666666666666664,19.722405041881498,2920.0,0.0,-6.927461139896373,-7.0,0.2600526384871152,0.11979166666666667,-15.129533678756477,-15.0,0.35179345584957145,0.078125
2024-01-01 00:04:54.000000,2024-01-01 00:05:00.000000,1,-62.0,-62.0,0.0,0.0,10.752718118409303,2915.0,0.0,-6.953367875647668,-7.0,0.21139801127490376,0.07291666666666667,-15.103626943005182,-15.0,0.3055686394854027,0.171875
2024-01-01 00:04:57.000000,2024-01-01 00:05:03.000000,1,-62.0,-62.0,0.0,0.0,11.944232279797076,2927.0,0.0,-6.953367875647668,-7.0,0.21139801127490362,0.078125,-15.16580310880829,-15.0,0.37287104365801604,0.23958333333333334
2024-01-01 00:05:00.000000,2024-01-01 00:05:06.000000,1,-62.0,-62.0,0.0,0.0,12.174673115587325,2931.0,0.0,-6.948186528497409,-7.0,0.2222267198738861,0.10416666666666667,-15.186528497409327,-15.0,0.3905456525628607,0.2604166666666667
2024-01-01 00:05:03.000000,2024-01-01 00:05:09.000000,1,-61.97409326424871,-62.0,0.4009784018578518,0.15625,47.25705022282927,2957.0000000000005,0.0,-6.870466321243524,-7.0,0.3662994707138553,0.16666666666666666,-15.321243523316062,-15.0,0.8782170075001521,0.22916666666666666
2024-01-01 00:05:06.000000,2024-01-01 00:05:12.000000,1,-61.93782383419689,-62.0,0.48548668670792466,0.23958333333333334,60.62625751879395,2957.0,0.0,-6.77720207253886,-7.0,0.453112437292352,0.2552083333333333,-15.321243523316062,-15.0,1.0460314426102055,0.22395833333333334
2024-01-01 00:05:09.000000,2024-01-01 00:05:15.000000,1,-61.63212435233161,-62.0,4.065147104897429,0.22395833333333334,156.24316582686728,2875.0,0.0,-7.803108808290156,-7.0,3.5491475903810237,0.11979166666666667,-14.896373056994818,-15.0,3.733245530826624,0.109375
2024-01-01 00:05:12.000000,2024-01-01 00:05:18.000000,1,-53.05181347150259,-58.0,12.950523208800972,0.0625,3744.4870197343594,2483.0,-0.16580310880829016,-9.823834196891191,-8.0,4.147043602258462,0.11458333333333333,12.865284974093264,2.0,30.03751971574176,0.026041666666666668
2024-01-01 00:05:15.000000,2024-01-01 00:05:21.000000,1,-42.538860103626945,-43.0,11.562772192567065,0.09375,1302.2166673893748,8420.0,0.0,-8.699481865284975,-9.0,3.6760556506675486,0.16145833333333334,43.626943005181346,46.0,14.172144755127091,0.11458333333333333
2024-01-01 00:05:18.000000,2024-01-01 00:05:24.000000,1,-40.50777202072539,-40.0,13.91982966961479,0.07291666666666667,1694.325359837345,8397.0,0.0,-7.9067357512953365,-8.0,3.557797512977744,0.109375,43.50777202072539,49.0,16.92573212688562,0.09375
2024-01-01 00:05:21.000000,2024-01-01 00:05:27.000000,1,-45.575129533678755,-48.0,16.910481313030147,0.07291666666666667,2271.3415543641304,6822.0,0.0,-8.316062176165802,-9.0,3.8701045738817776,0.15625,35.347150259067355,41.0,20.924932911660985,0.036458333333333336
2024-01-01 00:05:24.000000,2024-01-01 00:05:30.000000,1,-55.70984455958549,-60.0,12.72459709892141,0.11458333333333333,2898.6014013735025,2827.0,0.16580310880829016,-8.336787564766839,-9.0,4.725324508416809,0.13020833333333334,14.647668393782384,14.0,24.759261887681507,0.08333333333333333
2024-01-01 00:05:27.000000,2024-01-01 00:05:33.000000,1,-61.4559585492228,-62.0,4.927535117237238,0.3177083333333333,1303.174517399554,937.9999999999999,-0.16580310880829016,-10.155440414507773,-11.0,4.260609788347961,0.109375,-4.860103626943006,-9.0,14.473615146392177,0.0625
2024-01-01 00:05:30.000000,2024-01-01 00:05:36.000000,1,-62.55440414507772,-63.0,2.4850372612865836,0.328125,539.2683087084587,1367.0,0.0,-10.958549222797927,-11.0,2.551213348771504,0.046875,-7.082901554404145,-7.0,5.8258911939547575,0.109375
2024-01-01 00:05:33.000000,2024-01-01 00:05:39.000000,1,-63.10880829015544,-63.0,1.9983261562111347,0.3541666666666667,206.12864475184784,1024.0,0.0,-9.321243523316062,-8.0,2.590128396868107,0.020833333333333332,-5.305699481865285,-5.0,3.028479172244456,0.19791666666666666
2024-01-01 00:05:36.000000,2024-01-01 00:05:42.000000,1,-62.92746113989637,-63.0,2.1877790964318415,0.19791666666666666,813.1229879510746,152.00000000000003,-0.16580310880829016,-9.336787564766839,-9.0,1.6725554429807574,0.015625,0.7875647668393783,-4.0,6.850444843919661,0.005208333333333333
2024-01-01 00:05:39.000000,2024-01-01 00:05:45.000000,1,-62.704663212435236,-63.0,1.9976102951255872,0.22395833333333334,98.26794159895039,1317.0,0.0,-10.621761658031089,-11.0,0.6668825211863797,0.2864583333333333,6.823834196891192,7.0,2.2103100775757287,0.10416666666666667
2024-01-01 00:05:42.000000,2024-01-01 00:05:48.000000,1,-62.96373056994819,-63.0,0.2771329591177518,0.052083333333333336,39.4217419035117,1204.0,0.0,-10.393782383419689,-10.0,0.5207793581703996,0.4010416666666667,6.238341968911917,6.0,0.6732859001059827,0.09895833333333333
2024-01-01 00:05:45.000000,2024-01-01 00:05:51.000000,1,-62.95336787564767,-63.0,0.38581833268735577,0.08333333333333333,62.51301223664424,1250.0,0.0,-10.466321243523316,-10.0,0.5104689841362672,0.5052083333333334,6.476683937823834,6.0,0.629753083723623,0.09895833333333333
2024-01-01 00:05:48.000000,2024-01-01 00:05:54.000000,1,-62.9119170984456,-63.0,0.4300108445433333,0.15625,27.915340313926695,1363.9999999999998,0.0,-10.466321243523316,-10.0,0.5104689841362671,0.453125,7.067357512953368,7.0,0.5595959867563218,0.20833333333333334
2024-01-01 00:05:51.000000,2024-01-01 00:05:57.000000,1,-62.94818652849741,-63.0,0.2222267198738861,0.09375,27.301434335117293,1417.0,0.0,-10.27461139896373,-10.0,0.4474790256660671,0.3020833333333333,7.341968911917099,7.0,0.4864307280540205,0.359375
2024-01-01 00:05:54.000000,2024-01-01 00:06:00.000000,1,-62.979274611398964,-63.0,0.14283400997012285,0.041666666666666664,28.67992116257865,1481.0,0.0,-10.139896373056995,-10.0,0.3477816449136734,0.23958333333333334,7.6735751295336785,8.0,0.47012428077928275,0.2864583333333333
2024-01-01 00:05:57.000000,2024-01-01 00:06:03.000000,1,-62.95336787564767,-63.0,0.21139801127490407,0.078125,12.298687901149815,1513.0,0.0,-10.207253886010363,-10.0,0.4063932091146542,0.3020833333333333,7.839378238341969,8.0,0.36813667488986157,0.1875
2024-01-01 00:06:00.000000,2024-01-01 00:06:06.000000,1,-62.932642487046635,-63.0,0.25129199826851273,0.11458333333333333,55.49995797077055,1419.0,0.0,-10.316062176165802,-10.0,0.46614670020712395,0.3385416666666667,7.352331606217617,7.0,0.5684474963717077,0.11979166666666667
2024-01-01 00:06:03.000000,2024-01-01 00:06:09.000000,1,-62.96373056994819,-63.0,0.18744601986357043,0.057291666666666664,30.384687289109866,1294.0,0.0,-10.212435233160623,-10.0,0.41009498036287445,0.21875,6.704663212435233,7.0,0.47961466254175683,0.25
2024-01-01 00:06:06.000000,2024-01-01 00:06:12.000000,1,-63.0,-63.0,0.0,0.0,33.68068445500707,1291.0,0.0,-10.046632124352332,-10.0,0.21139801127490337,0.078125,6.689119170984456,7.0,0.4640579068743911,0.2864583333333333
2024-01-01 00:06:09.000000,2024-01-01 00:06:15.000000,1,-63.0,-63.0,0.0,0.0,13.28586781908723,1326.0,0.0,-10.036269430051814,-10.0,0.18744601986357137,0.07291666666666667,6.870466321243524,7.0,0.33666299011313583,0.20833333333333334
2024-01-01 00:06:12.000000,2024-01-01 00:06:18.000000,1,-62.95336787564767,-63.0,0.21139801127490407,0.08333333333333333,20.63126270068758,1344.0000000000002,0.0,-10.041450777202073,-10.0,0.19984882023648212,0.08333333333333333,6.963730569948186,7.0,0.38693583924990377,0.140625
2024-01-01 00:06:15.000000,2024-01-01 00:06:21.000000,1,-62.94818652849741,-63.0,0.22222671987388615,0.09375,12.0793746509029,1360.0,0.0,-10.062176165803109,-10.0,0.24210326234337595,0.125,7.046632124352332,7.0,0.25597353867991435,0.041666666666666664
2024-01-01 00:06:18.000000,2024-01-01 00:06:24.000000,1,-62.98963730569948,-63.0,0.10153187644463975,0.020833333333333332,1.0000000000001004,1352.0,0.0,-10.10880829015544,-10.0,0.31220841318620585,0.20833333333333334,7.005181347150259,7.0,0.0719815750748695,0.010416666666666666
2024-01-01 00:06:21.000000,2024-01-01 00:06:27.000000,1,-62.98963730569948,-63.0,0.10153187644463979,0.020833333333333332,15.712038279194559,1337.0,0.0,-9.901554404145077,-10.0,0.753911790536658,0.026041666666666668,6.927461139896373,7.0,0.3305964934036317,0.041666666666666664
2024-01-01 00:06:24.000000,2024-01-01 00:06:30.000000,1,-63.0,-63.0,0.10206207261596575,0.010416666666666666,14.717202370951307,1336.0,0.0,-9.2279792746114,-9.0,0.8476957490170365,0.026041666666666668,6.922279792746114,7.0,0.32140800986952844,0.041666666666666664
2024-01-01 00:06:27.000000,2024-01-01 00:06:33.000000,1,-62.917098445595855,-63.0,0.3584804092271363,0.14583333333333334,91.41338877040423,1478.0000000000002,0.0,-9.2279792746114,-9.0,0.6533922376604184,0.078125,7.658031088082901,7.0,0.8582626947474553,0.026041666666666668
2024-01-01 00:06:30.000000,2024-01-01 00:06:36.000000,1,-62.84974093264249,-63.0,0.4123262705284186,0.2708333333333333,50.07395694555723,1623.0,0.0,-9.787564766839377,-10.0,0.4580879387033584,0.13020833333333334,8.409326424870466,8.0,0.6795495307678735,0.19791666666666666
2024-01-01 00:06:33.000000,2024-01-01 00:06:39.000000,1,-62.84455958549223,-63.0,0.3632663420042671,0.2604166666666667,57.62315124736214,1648.0,0.0,-9.953367875647668,-10.0,0.23474621581114108,0.07291666666666667,8.538860103626943,8.0,0.6121961373084657,0.19270833333333334
2024-01-01 00:06:36.000000,2024-01-01 00:06:42.000000,1,-62.67875647668394,-63.0,0.4681685368851563,0.3854166666666667,75.98085221726629,1763.0,0.0,-9.963730569948186,-10.0,0.21343073122060255,0.07291666666666667,9.134715025906736,9.0,0.8180814997552465,0.2552083333333333
2024-01-01 00:06:39.000000,2024-01-01 00:06:45.000000,1,-62.55440414507772,-63.0,0.4983240478337323,0.4322916666666667,26.63972485620627,1852.0,0.0,-9.974093264248705,-10.0,0.18916574414115506,0.052083333333333336,9.595854922279793,10.0,0.5024765953184613,0.296875
2024-01-01 00:06:42.000000,2024-01-01 00:06:48.000000,1,-61.8860103626943,-62.0,2.2632621045868113,0.046875,779.5248868379731,1040.0,0.0,-11.036269430051814,-10.0,2.634651022500455,0.015625,5.38860103626943,9.0,10.99380860849448,0.015625
2024-01-01 00:06:45.000000,2024-01-01 00:06:51.000000,1,-60.865284974093264,-62.0,3.3170153260989217,0.15625,1613.2318845147297,79.0,-0.16580310880829016,-13.735751295336788,-12.0,4.386011924800309,0.03125,0.40932642487046633,9.0,13.892943205026794,0.020833333333333332
2024-01-01 00:06:48.000000,2024-01-01 00:06:54.000000,1,-60.18652849740933,-60.0,2.607366341745841,0.16666666666666666,1489.3874252424466,1839.0,0.0,-12.932642487046632,-11.0,4.138314592728999,0.026041666666666668,9.528497409326425,16.0,14.103060628268892,0.06770833333333333
2024-01-01 00:06:51.000000,2024-01-01 00:06:57.000000,1,-59.72538860103627,-60.0,0.6631898760870725,0.3385416666666667,69.50033803810601,3948.0000000000005,0.0,-10.264248704663212,-10.0,0.45370762004896936,0.24479166666666666,20.4559585492228,21.0,1.2663013062746535,0.16145833333333334
2024-01-01 00:06:54.000000,2024-01-01 00:07:00.000000,1,-59.637305699481864,-60.0,1.0523074818081597,0.3645833333333333,86.22320199765119,4015.0,0.0,-10.134715025906736,-10.0,0.4704685681053821,0.1875,20.803108808290155,21.0,1.7477934522250502,0.203125
2024-01-01 00:06:57.000000,2024-01-01 00:07:03.000000,1,-59.27979274611399,-59.0,1.2560088734381767,0.2604166666666667,233.83011738563243,4207.0,0.0,-10.093264248704664,-10.0,0.48045791700966917,0.15104166666666666,21.797927461139896,22.0,2.503247027804231,0.08333333333333333
2024-01-01 00:07:00.000000,2024-01-01 00:07:06.000000,1,-58.7979274611399,-59.0,0.8871747378865351,0.171875,162.8972920527862,4473.0,0.0,-10.036269430051814,-10.0,0.3590069781532021,0.09375,23.17616580310881,23.0,1.8143099622260843,0.08854166666666667
2024-01-01 00:07:03.000000,2024-01-01 00:07:09.000000,1,-58.424870466321245,-58.0,0.7040086919505842,0.19791666666666666,102.18307334191648,4651.0,0.0,-9.984455958549223,-10.0,0.29715112488260703,0.08333333333333333,24.098445595854923,24.0,1.379027309825125,0.11458333333333333
2024-01-01 00:07:06.000000,2024-01-01 00:07:12.000000,1,-57.932642487046635,-58.0,0.4215815481340655,0.15625,87.05975712146211,4919.0,0.0,-9.958549222797927,-10.0,0.22440191090224834,0.08333333333333333,25.487046632124354,26.0,0.9415678872793939,0.13020833333333334
2024-01-01 00:07:09.000000,2024-01-01 00:07:15.000000,1,-57.76165803108808,-58.0,0.42717744550501113,0.34375,19.673309445820685,5035.0,0.0,-9.984455958549223,-10.0,0.12402469251053014,0.03125,26.088082901554404,26.0,0.3644530053265262,0.14583333333333334
2024-01-01 00:07:12.000000,2024-01-01 00:07:18.000000,1,-57.4559585492228,-57.0,0.5197938677394623,0.328125,65.36156562330913,5112.0,0.0,-9.974093264248705,-10.0,0.1592702486022108,0.041666666666666664,26.487046632124354,26.0,0.6300529763618711,0.08333333333333333
2024-01-01 00:07:15.000000,2024-01-01 00:07:21.000000,1,-58.32124352331606,-57.0,2.7003885730753376,0.036458333333333336,655.1182698481074,4534.0,0.0,-9.823834196891191,-10.0,0.7217252286704974,0.109375,23.492227979274613,27.0,6.391008634356667,0.005208333333333333
2024-01-01 00:07:18.000000,2024-01-01 00:07:24.000000,1,-60.45077720207254,-61.0,2.6631966844960795,0.109375,506.43574732488537,3518.0,0.0,-7.4974093264248705,-7.0,2.458243682683685,0.036458333333333336,18.2279792746114,17.0,5.768976346190164,0.026041666666666668
2024-01-01 00:07:21.000000,2024-01-01 00:07:27.000000,1,-61.626943005181346,-62.0,0.5824691353279351,0.328125,76.65612236536766,3079.0,0.0,-5.8860103626943,-6.0,1.078898521977571,0.0625,15.953367875647668,16.0,1.1738920105803259,0.11979166666666667
2024-01-01 00:07:24.000000,2024-01-01 00:07:30.000000,1,-61.854922279792746,-62.0,0.3530951228820758,0.234375,50.508520486034485,2971.0,0.0,-6.72020725388601,-7.0,0.4835372686313251,0.18229166666666666,15.393782383419689,15.0,0.5306861657920245,0.19791666666666666
2024-01-01 00:07:27.000000,2024-01-01 00:07:33.000000,1,-61.95336787564767,-62.0,0.21139801127490407,0.09375,20.224672864105422,2905.0,0.0,-6.974093264248705,-7.0,0.15927024860221176,0.03125,15.05181347150259,15.0,0.4175939595179842,0.13020833333333334
2024-01-01 00:07:30.000000,2024-01-01 00:07:36.000000,1,-62.0,-62.0,0.0,0.0,17.21940659249568,2868.0,0.0,-7.0,-7.0,0.0,0.0,14.860103626943005,15.0,0.34778164491367347,0.171875
2024-01-01 00:07:33.000000,2024-01-01 00:07:39.000000,1,-62.0,-62.0,0.0,0.0,12.025931981895532,2857.0,0.0,-7.0,-7.0,0.0,0.0,14.803108808290155,15.0,0.3986836067703653,0.265625
2024-01-01 00:07:36.000000,2024-01-01 00:07:42.000000,1,-62.0,-62.0,0.0,0.0,19.213510621211,2822.0000000000005,0.0,-7.0,-7.0,0.0,0.0,14.621761658031089,15.0,0.4862087655838485,0.40625
2024-01-01 00:07:39.000000,2024-01-01 00:07:45.000000,1,-62.0,-62.0,0.0,0.0,25.28788873640015,2793.0,0.0,-7.0,-7.0,0.0,0.0,14.471502590673575,14.0,0.5004855155699681,0.4114583333333333
2024-01-01 00:07:42.000000,2024-01-01 00:07:48.000000,1,-61.98963730569948,-62.0,0.10153187644463976,0.020833333333333332,36.044580098309126,2838.0,0.0,-7.0,-7.0,0.0,0.0,14.704663212435234,15.0,0.45738046656116715,0.22395833333333334
2024-01-01 00:07:45.000000,2024-01-01 00:07:51.000000,1,-61.98963730569948,-62.0,0.10153187644463955,0.020833333333333332,3.9847830170469223,2891.0,0.0,-7.0,-7.0,0.0,0.0,14.979274611398964,15.0,0.1428340099701229,0.041666666666666664
2024-01-01 00:07:48.000000,2024-01-01 00:07:54.000000,1,-61.98963730569948,-62.0,0.10153187644463972,0.010416666666666666,1.0000000000002558,2894.0,0.0,-7.010362694300518,-7.0,0.1015318764446397,0.020833333333333332,14.994818652849741,15.0,0.07198157507486953,0.010416666666666666
2024-01-01 00:07:51.000000,2024-01-01 00:07:57.000000,1,-61.94818652849741,-62.0,0.22222671987388615,0.08333333333333333,20.65915389520818,2916.9999999999995,0.0,-7.005181347150259,-7.0,0.1248920086191497,0.020833333333333332,15.1139896373057,15.0,0.3345723948446065,0.09895833333333333
2024-01-01 00:07:54.000000,2024-01-01 00:08:00.000000,1,-61.87564766839378,-62.0,0.3308412890635365,0.16666666666666666,46.58700059789178,2975.0,0.0,-6.989637305699482,-7.0,0.10153187644463972,0.020833333333333332,15.414507772020725,15.0,0.4939181055512794,0.20833333333333334
2024-01-01 00:07:57.000000,2024-01-01 00:08:03.000000,1,-61.83937823834197,-62.0,0.3681366748898608,0.20833333333333334,43.8350045181736,3008.0,0.0,-6.994818652849741,-7.0,0.07198157507486966,0.010416666666666666,15.585492227979275,16.0,0.4939181055512795,0.25
2024-01-01 00:08:00.000000,2024-01-01 00:08:06.000000,1,-61.67357512953368,-62.0,0.4701242807792838,0.375,35.36760484482231,3050.0,0.0,-6.989637305699482,-7.0,0.10153187644463979,0.010416666666666666,15.803108808290155,16.0,0.44790097675054774,0.140625
2024-01-01 00:08:03.000000,2024-01-01 00:08:09.000000,1,-61.50777202072539,-62.0,0.5012398272498059,0.4895833333333333,6.8891063835023,3098.0,0.0,-7.010362694300518,-7.0,0.24978401723829932,0.041666666666666664,16.05181347150259,16.0,0.22222671987388612,0.07291666666666667
2024-01-01 00:08:06.000000,2024-01-01 00:08:12.000000,1,-61.59585492227979,-62.0,0.49200209570302206,0.4583333333333333,6.275428330322409,3092.0,0.0,-7.181347150259067,-7.0,0.4248336055453839,0.19270833333333334,16.020725388601036,16.0,0.20306375288927894,0.041666666666666664
2024-01-01 00:08:09.000000,2024-01-01 00:08:15.000000,1,-61.72020725388601,-62.0,0.45006476217922275,0.3958333333333333,14.569518861432483,3057.0000000000005,0.0,-7.316062176165803,-7.0,0.4661467002071235,0.2604166666666667,15.839378238341968,16.0,0.368136674889862,0.203125
2024-01-01 00:08:12.000000,2024-01-01 00:08:18.000000,1,-61.77720207253886,-62.0,0.4863752469328763,0.296875,41.24830591627433,3005.0,0.0,-7.33678756476684,-7.0,0.47384073608955707,0.3020833333333333,15.569948186528498,16.0,0.6896017097823318,0.3333333333333333
2024-01-01 00:08:15.000000,2024-01-01 00:08:21.000000,1,-61.84455958549223,-62.0,0.496533753703102,0.15625,54.29782596979869,2935.0000000000005,0.0,-7.512953367875648,-8.0,0.5011321379527749,0.3541666666666667,15.207253886010363,15.0,0.877110088347622,0.16666666666666666
2024-01-01 00:08:18.000000,2024-01-01 00:08:24.000000,1,-61.55440414507772,-62.0,1.107923067417617,0.11458333333333333,168.8346121820724,3027.0,0.0,-7.7927461139896375,-8.0,0.602554650700809,0.296875,15.683937823834198,15.0,2.1838901253147607,0.041666666666666664
2024-01-01 00:08:21.000000,2024-01-01 00:08:27.000000,1,-61.020725388601036,-61.0,1.1084831472500982,0.11979166666666667,284.49825655185816,3415.9999999999995,0.0,-6.849740932642487,-7.0,1.296313858613935,0.015625,17.699481865284973,18.0,2.556211743995041,0.052083333333333336
2024-01-01 00:08:24.000000,2024-01-01 00:08:30.000000,1,-60.92746113989637,-61.0,0.462018082024335,0.08854166666666667,106.34950585368412,3559.0,0.0,-5.963730569948186,-6.0,0.6404186211867152,0.0625,18.440414507772022,18.0,1.1170197673370712,0.015625
2024-01-01 00:08:27.000000,2024-01-01 00:08:33.000000,1,-61.295336787564764,-61.0,2.1915626596544557,0.125,416.3691460848956,3047.0,0.0,-6.450777202072539,-6.0,1.0650273456477763,0.22916666666666666,15.787564766839377,18.0,6.364898105462398,0.026041666666666668
2024-01-01 00:08:30.000000,2024-01-01 00:08:36.000000,1,-60.10880829015544,-60.0,2.8143188802854064,0.09895833333333333,795.4226922995581,3747.9999999999995,0.0,-5.430051813471502,-5.0,1.7814227978785333,0.036458333333333336,19.419689119170986,20.0,8.37624529962658,0.026041666666666668
2024-01-01 00:08:33.000000,2024-01-01 00:08:39.000000,1,-58.49222797927461,-58.0,1.1416324705240064,0.3802083333333333,83.60558924033408,4912.0,0.0,-4.020725388601036,-4.0,0.6451626831563289,0.036458333333333336,25.45077720207254,26.0,1.6133918454540248,0.140625
2024-01-01 00:08:36.000000,2024-01-01 00:08:42.000000,1,-58.25388601036269,-58.0,0.43636510833477593,0.28125,20.04838498977428,4994.000000000001,0.0,-4.186528497409326,-4.0,0.5741160510463758,0.015625,25.875647668393782,26.0,0.388744935936006,0.140625
2024-01-01 00:08:39.000000,2024-01-01 00:08:45.000000,1,-58.134715025906736,-58.0,0.3423068899517844,0.13541666666666666,47.46286008985389,5020.0,0.0,-4.694300518134715,-5.0,0.5816809807662155,0.0625,26.010362694300518,26.0,0.5495228735922071,0.13020833333333334
2024-01-01 00:08:42.000000,2024-01-01 00:08:48.000000,1,-58.02590673575129,-58.0,0.15927024860221015,0.041666666666666664,55.83604171494257,5127.0,0.0,-4.849740932642487,-5.0,0.37250899770056034,0.1875,26.564766839378237,27.0,0.5838111785740148,0.11979166666666667
2024-01-01 00:08:45.000000,2024-01-01 00:08:51.000000,1,-58.0,-58.0,0.0,0.0,5.6582888655044155,5203.0,0.0,-4.756476683937824,-5.0,0.43032451505301594,0.265625,26.958549222797927,27.0,0.1998488202364823,0.07291666666666667
2024-01-01 00:08:48.000000,2024-01-01 00:08:54.000000,1,-58.0,-58.0,0.0,0.0,6.297876041268893,5199.0,0.0,-4.870466321243524,-5.0,0.33666299011313633,0.15625,26.93782383419689,27.0,0.242103262343376,0.125
2024-01-01 00:08:51.000000,2024-01-01 00:08:57.000000,1,-57.994818652849744,-58.0,0.07198157507486944,0.010416666666666666,6.337898633771495,5201.0,0.0,-4.94300518134715,-5.0,0.2324356653241502,0.08333333333333333,26.94818652849741,27.0,0.2222267198738861,0.10416666666666667
2024-01-01 00:08:54.000000,2024-01-01 00:09:00.000000,1,-57.46632124352332,-58.0,3.310361800533558,0.057291666666666664,181.2158585401926,5303.0,0.0,-4.922279792746114,-5.0,0.6116669372637559,0.171875,27.476683937823836,27.0,4.137068883455944,0.057291666666666664
2024-01-01 00:08:57.000000,2024-01-01 00:09:03.000000,1,-32.86010362694301,-40.0,25.675988174541708,0.015625,2178.3736865286105,8563.0,0.0,2.1813471502590676,-3.0,7.8669445737042105,0.005208333333333333,44.36787564766839,45.0,17.45065674937354,0.036458333333333336
2024-01-01 00:09:00.000000,2024-01-01 00:09:06.000000,1,-9.740932642487047,-10.0,8.060011448026252,0.052083333333333336,157.03418191854703,11837.0,0.0,9.958549222797927,11.0,3.4563260191929253,0.036458333333333336,61.33160621761658,62.0,3.966511640488143,0.3177083333333333
2024-01-01 00:09:03.000000,2024-01-01 00:09:09.000000,1,-10.202072538860104,-11.0,1.2100257637246308,0.11458333333333333,17.960783713613125,11932.0,0.0,10.782383419689118,11.0,0.7175628007756498,0.2604166666666667,61.82383419689119,62.0,0.595164379842086,0.3229166666666667
2024-01-01 00:09:06.000000,2024-01-01 00:09:12.000000,1,-9.813471502590673,-10.0,1.1163672812904126,0.10416666666666667,18.642831321608927,11928.999999999998,0.0,11.010362694300518,11.0,0.7143589587415916,0.17708333333333334,61.80829015544042,62.0,0.6369962705578942,0.3333333333333333
2024-01-01 00:09:09.000000,2024-01-01 00:09:15.000000,1,-9.601036269430052,-10.0,0.5218147058289412,0.265625,11.32059178234915,11946.000000000002,0.0,11.088082901554404,11.0,0.3019260280679197,0.078125,61.89637305699482,62.0,0.367476339515385,0.1875
2024-01-01 00:09:12.000000,2024-01-01 00:09:18.000000,1,-9.44559585492228,-9.0,0.4983240478337314,0.453125,5.110453520538181,11962.0,0.0,10.968911917098445,11.0,0.1740071763155945,0.0625,61.979274611398964,62.0,0.17555119216573736,0.052083333333333336
2024-01-01 00:09:15.000000,2024-01-01 00:09:21.000000,1,-9.974093264248705,-10.0,1.0918029486846403,0.375,19.069934333650078,11982.0,0.0,8.849740932642487,11.0,3.0641088351048964,0.005208333333333333,62.082901554404145,62.0,0.42496063009764606,0.15625
2024-01-01 00:09:18.000000,2024-01-01 00:09:24.000000,1,-10.797927461139896,-11.0,1.068291010076709,0.036458333333333336,22.691855099543652,11996.0,0.0,6.4404145077720205,7.0,2.4617540820767934,0.07291666666666667,62.15544041450777,62.0,0.47509202817260526,0.20833333333333334
2024-01-01 00:09:21.000000,2024-01-01 00:09:27.000000,1,-11.10880829015544,-11.0,0.31220841318620784,0.015625,11.111304039057618,11985.0,0.0,6.528497409326425,7.0,1.0899475910773595,0.036458333333333336,62.09844559585492,62.0,0.29869101299423584,0.11458333333333333
2024-01-01 00:09:24.000000,2024-01-01 00:09:30.000000,1,-11.0,-11.0,0.0,0.0,5.6465098442774835,11973.000000000002,0.0,7.0,7.0,0.0,0.0,62.03626943005181,62.0,0.18744601986357073,0.07291666666666667
2024-01-01 00:09:27.000000,2024-01-01 00:09:33.000000,1,-11.0,-11.0,0.0,0.0,2.9925856250197578,11969.0,0.0,7.0,7.0,0.0,0.0,62.015544041450774,62.0,0.12402469251053026,0.03125
2024-01-01 00:09:30.000000,2024-01-01 00:09:36.000000,1,-11.0,-11.0,0.0,0.0,1.9997350429142242,11968.0,0.0,7.0,7.0,0.0,0.0,62.01036269430052,62.0,0.10153187644463964,0.020833333333333332
2024-01-01 00:09:33.000000,2024-01-01 00:09:39.000000,1,-11.0,-11.0,0.0,0.0,4.707301158467698,11971.0,0.0,7.0,7.0,0.0,0.0,62.02590673575129,62.0,0.15927024860221076,0.041666666666666664
2024-01-01 00:09:36.000000,2024-01-01 00:09:42.000000,1,-11.0,-11.0,0.0,0.0,5.01977582694602,11972.0,0.0,6.989637305699482,7.0,0.10153187644463971,0.020833333333333332,62.031088082901555,62.0,0.1740071763155948,0.052083333333333336
2024-01-01 00:09:39.000000,2024-01-01 00:09:45.000000,1,-11.0,-11.0,0.0,0.0,2.9763766777029903,11969.0,0.0,6.958549222797927,7.0,0.19984882023648232,0.08333333333333333,62.015544041450774,62.0,0.12402469251053028,0.03125
2024-01-01 00:09:42.000000,2024-01-01 00:09:48.000000,1,-11.0,-11.0,0.0,0.0,2.9637221693368003,11969.000000000002,0.0,6.963730569948186,7.0,0.18744601986357182,0.07291666666666667,62.015544041450774,62.0,0.12402469251053028,0.03125
2024-01-01 00:09:45.000000,2024-01-01 00:09:51.000000,1,-10.994818652849741,-11.0,0.07198157507486948,0.010416666666666666,1.9997350429142702,11968.0,0.0,6.994818652849741,7.0,0.07198157507486962,0.010416666666666666,62.01036269430052,62.0,0.10153187644463961,0.020833333333333332
2024-01-01 00:09:48.000000,2024-01-01 00:09:54.000000,1,-10.994818652849741,-11.0,0.07198157507486959,0.010416666666666666,4.528103091446993,11971.0,0.0,7.0,7.0,0.0,0.0,62.02590673575129,62.0,0.15927024860221067,0.041666666666666664
2024-01-01 00:09:51.000000,2024-01-01 00:09:57.000000,1,-11.0,-11.0,0.0,0.0,6.380697809951696,11977.0,0.0,6.994818652849741,7.0,0.07198157507486945,0.005208333333333333,62.056994818652846,62.0,0.23243566532415008,0.10416666666666667
2024-01-01 00:09:54.000000,2024-01-01 00:10:00.000000,1,-10.896373056994818,-11.0,0.3055686394854028,0.10416666666666667,7.008387181427092,11979.0,0.0,6.994818652849741,7.0,0.07198157507486957,0.010416666666666666,62.067357512953365,62.0,0.2512919982685126,0.13541666666666666
2024-01-01 00:09:57.000000,2024-01-01 00:10:03.000000,1,-10.870466321243523,-11.0,0.3366629901131362,0.14583333333333334,8.27947592837329,11980.0,0.0,6.994818652849741,7.0,0.0719815750748697,0.005208333333333333,62.07253886010363,62.0,0.2600526384871153,0.13541666666666666
2024-01-01 00:10:00.000000,2024-01-01 00:10:06.000000,1,-10.8860103626943,-11.0,0.31862520415903817,0.13541666666666666,7.016752881834433,11980.0,0.0,6.958549222797927,7.0,0.19984882023648215,0.07291666666666667,62.07253886010363,62.0,0.26005263848711535,0.13541666666666666
2024-01-01 00:10:03.000000,2024-01-01 00:10:09.000000,1,-10.880829015544041,-11.0,0.3248322271887147,0.15625,8.73737023501236,11989.0,0.0,6.927461139896373,7.0,0.2600526384871153,0.09895833333333333,62.119170984455955,62.0,0.3248322271887136,0.203125
2024-01-01 00:10:06.000000,2024-01-01 00:10:12.000000,1,-13.55440414507772,-11.0,7.869931820330427,0.026041666666666668,192.39466178768737,11815.0,0.0,4.046632124352332,7.0,5.170318086846396,0.036458333333333336,61.21761658031088,62.0,4.246849385884826,0.06770833333333333
2024-01-01 00:10:09.000000,2024-01-01 00:10:15.000000,1,-26.813471502590673,-18.0,22.528140385750202,0.036458333333333336,1816.7249523163116,9328.0,0.0,-2.1036269430051813,-3.0,5.927481662570002,0.109375,48.33160621761658,59.0,22.454905876611033,0.06770833333333333
2024-01-01 00:10:12.000000,2024-01-01 00:10:18.000000,1,-50.46632124352332,-63.0,22.430916059100916,0.015625,2507.7398646483407,4146.0,0.0,-5.7979274611398965,-6.0,2.515699839450385,0.13020833333333334,21.481865284974095,7.0,23.804344242930167,0.015625
2024-01-01 00:10:15.000000,2024-01-01 00:10:21.000000,1,-63.26943005181347,-63.0,0.8538809602635001,0.3541666666666667,67.28624405795223,1325.0,0.0,-6.2072538860103625,-6.0,0.6279507202648731,0.20833333333333334,6.865284974093265,7.0,1.4834107119209416,0.16145833333333334
2024-01-01 00:10:18.000000,2024-01-01 00:10:24.000000,1,-63.29015544041451,-63.0,0.5484414248994776,0.3697916666666667,106.15593124587632,1240.9999999999998,0.0,-6.160621761658031,-6.0,0.4331373277983516,0.17708333333333334,6.430051813471502,6.0,1.1531336370089031,0.06770833333333333
2024-01-01 00:10:21.000000,2024-01-01 00:10:27.000000,1,-63.398963730569946,-63.0,0.5117361825713302,0.4375,33.39507581183202,1039.0,0.0,-6.051813471502591,-6.0,0.4049296832281389,0.11979166666666667,5.383419689119171,5.0,0.6755666718777573,0.24479166666666666
2024-01-01 00:10:24.000000,2024-01-01 00:10:30.000000,1,-63.4300518134715,-63.0,0.4963706795007617,0.5052083333333334,17.71994175372946,983.0,0.0,-5.974093264248705,-6.0,0.2782990215993276,0.07291666666666667,5.0932642487046635,5.0,0.3840657192251565,0.11979166666666667
2024-01-01 00:10:27.000000,2024-01-01 00:10:33.000000,1,-63.4300518134715,-63.0,0.4963706795007617,0.4791666666666667,20.134383686494033,1011.0000000000001,0.0,-5.896373056994818,-6.0,0.32216278510036933,0.10416666666666667,5.238341968911917,5.0,0.4734419041602182,0.21354166666666666
2024-01-01 00:10:30.000000,2024-01-01 00:10:36.000000,1,-63.40414507772021,-63.0,0.5127371602580593,0.4010416666666667,19.796382015910794,1021.0,0.0,-5.7979274611398965,-6.0,0.5057954285519408,0.2552083333333333,5.290155440414508,5.0,0.5851962604224636,0.25
2024-01-01 00:10:33.000000,2024-01-01 00:10:39.000000,1,-63.45077720207254,-63.0,0.5292604087884151,0.4166666666666667,17.93030956349263,1017.0,0.0,-5.678756476683938,-6.0,0.5954816920744539,0.3072916666666667,5.269430051813472,5.0,0.568210079372514,0.296875
2024-01-01 00:10:36.000000,2024-01-01 00:10:42.000000,1,-63.53367875647668,-64.0,0.5104689841362682,0.4427083333333333,19.81875444642339,1003.0,0.0,-5.55440414507772,-6.0,0.548096880106728,0.3229166666666667,5.196891191709844,5.0,0.4815239194205143,0.2552083333333333
2024-01-01 00:10:39.000000,2024-01-01 00:10:45.000000,1,-63.50777202072539,-64.0,0.5314991669056643,0.4322916666666667,21.450868195230143,975.0000000000001,0.0,-5.518134715025907,-6.0,0.5009705606027902,0.3645833333333333,5.051813471502591,5.0,0.48670803879318264,0.10416666666666667
2024-01-01 00:10:42.000000,2024-01-01 00:10:48.000000,1,-63.50259067357513,-64.0,0.5315499381879034,0.46875,21.906892325788647,969.0,0.0,-5.435233160621761,-5.0,0.5074467054722553,0.3333333333333333,5.020725388601036,5.0,0.5098871323513459,0.10416666666666667
2024-01-01 00:10:45.000000,2024-01-01 00:10:51.000000,1,-63.50259067357513,-64.0,0.5012936632230296,0.484375,17.018206871528037,973.0000000000001,0.0,-5.321243523316062,-5.0,0.5004315926569665,0.28125,5.041450777202073,5.0,0.442932896667106,0.19791666666666666
2024-01-01 00:10:48.000000,2024-01-01 00:10:54.000000,1,-63.6839378238342,-64.0,0.46614670020712407,0.34375,83.60992192491838,859.9999999999999,0.0,-4.989637305699482,-5.0,0.5495228735922069,0.0625,4.455958549222798,4.0,0.809692739010433,0.026041666666666668
2024-01-01 00:10:51.000000,2024-01-01 00:10:57.000000,1,-63.86010362694301,-64.0,0.34778164491367314,0.19791666666666666,32.34730492824199,702.0000000000001,0.0,-4.813471502590674,-5.0,0.4406728643817511,0.09375,3.6373056994818653,4.0,0.48202804510674474,0.28125
2024-01-01 00:10:54.000000,2024-01-01 00:11:00.000000,1,-63.652849740932645,-64.0,0.49864886528125896,0.328125,110.50300239663869,824.0,0.0,-5.341968911917099,-5.0,0.6431937394972813,0.15104166666666666,4.269430051813472,4.0,0.9789174433869228,0.036458333333333336
2024-01-01 00:10:57.000000,2024-01-01 00:11:03.000000,1,-63.46632124352332,-63.0,0.52057204153871,0.5260416666666666,18.211067266496187,969.0,0.0,-5.8860103626943,-6.0,0.4049963218664945,0.14583333333333334,5.020725388601036,5.0,0.46724535425278685,0.11458333333333333
2024-01-01 00:11:00.000000,2024-01-01 00:11:06.000000,1,-63.4559585492228,-63.0,0.49935191158762626,0.5208333333333334,5.182176311452987,959.0,0.0,-6.0,-6.0,0.0,0.0,4.9689119170984455,5.0,0.17400717631559456,0.052083333333333336
2024-01-01 00:11:03.000000,2024-01-01 00:11:09.000000,1,-63.47150259067357,-63.0,0.5004855155699675,0.453125,4.673832076552248,960.0,0.0,-5.994818652849741,-6.0,0.07198157507486955,0.010416666666666666,4.974093264248705,5.0,0.15927024860221153,0.041666666666666664
2024-01-01 00:11:06.000000,2024-01-01 00:11:12.000000,1,-63.461139896373055,-63.0,0.5100987916100891,0.4791666666666667,5.444612719486888,971.0,0.0,-5.989637305699482,-6.0,0.10153187644463978,0.020833333333333332,5.0310880829015545,5.0,0.17400717631559454,0.036458333333333336
2024-01-01 00:11:09.000000,2024-01-01 00:11:15.000000,1,-63.424870466321245,-63.0,0.5261922066526339,0.46875,37.79685145650857,1017.0,0.0,-6.005181347150259,-6.0,0.23930039800132458,0.0625,5.269430051813472,5.0,0.4894173688858875,0.19791666666666666
2024-01-01 00:11:12.000000,2024-01-01 00:11:18.000000,1,-63.49222797927461,-63.0,0.5314991669056641,0.4427083333333333,76.96952966274702,957.0,0.0,-6.046632124352332,-6.0,0.29386354969211625,0.10416666666666667,4.958549222797927,5.0,0.7626311150330689,0.11979166666666667
2024-01-01 00:11:15.000000,2024-01-01 00:11:21.000000,1,-63.60621761658031,-64.0,0.5207793581703992,0.4010416666666667,76.16090929084665,744.0,0.0,-6.046632124352332,-6.0,0.21139801127490337,0.052083333333333336,3.854922279792746,4.0,0.7770732478150156,0.036458333333333336
2024-01-01 00:11:18.000000,2024-01-01 00:11:24.000000,1,-63.715025906735754,-64.0,0.47503522276460014,0.3541666666666667,26.62047576876316,595.0,0.0,-6.015544041450777,-6.0,0.1240246925105305,0.020833333333333332,3.082901554404145,3.0,0.47144268347239593,0.026041666666666668
2024-01-01 00:11:21.000000,2024-01-01 00:11:27.000000,1,-63.766839378238345,-64.0,0.42394336800404364,0.34375,12.89640419498479,546.0,0.0,-6.025906735751295,-6.0,0.15927024860221103,0.03125,2.8290155440414506,3.0,0.3774745642187356,0.21875
2024-01-01 00:11:24.000000,2024-01-01 00:11:30.000000,1,-63.73575129533679,-64.0,0.45370762004897,0.3697916666666667,46.206975839031635,593.0,0.0,-5.818652849740933,-6.0,0.4369213419682741,0.09895833333333333,3.0725388601036268,3.0,0.5727512910948154,0.14583333333333334
2024-01-01 00:11:27.000000,2024-01-01 00:11:33.000000,1,-63.73056994818653,-64.0,0.4563763369930406,0.3541666666666667,38.620237835077546,651.0,0.0,-5.533678756476684,-6.0,0.5001618908897859,0.22916666666666666,3.373056994818653,3.0,0.5160945910809429,0.21875
2024-01-01 00:11:30.000000,2024-01-01 00:11:36.000000,0,-63.72020725388601,-64.0,0.4500647621792226,0.328125,29.088683070037682,619.0,0.0,-5.632124352331606,-6.0,0.4941366050556856,0.22395833333333334,3.2072538860103625,3.0,0.4190132540638465,0.125
2024-01-01 00:11:33.000000,2024-01-01 00:11:39.000000,0,-63.67357512953368,-64.0,0.4810753642049296,0.375,43.660923857682974,639.0,0.0,-5.808290155440415,-6.0,0.4782059340611851,0.20833333333333334,3.3108808290155443,3.0,0.626444789479469,0.171875
2024-01-01 00:11:36.000000,2024-01-01 00:11:42.000000,0,-63.6580310880829,-64.0,0.48643072805402054,0.3802083333333333,39.7247231793624,657.0,0.0,-5.787564766839378,-6.0,0.5218664192928025,0.23958333333333334,3.4041450777202074,3.0,0.6393220853707711,0.28125
2024-01-01 00:11:39.000000,2024-01-01 00:11:45.000000,0,-63.64248704663213,-64.0,0.6468336589753354,0.3958333333333333,73.8903257316147,714.0,0.0,-5.818652849740933,-6.0,0.5712415651316212,0.2604166666666667,3.699481865284974,3.0,0.9314246150234079,0.3020833333333333
2024-01-01 00:11:42.000000,2024-01-01 00:11:48.000000,0,-63.38860103626943,-63.0,1.3460105448598558,0.4479166666666667,186.18142036452906,831.0,0.0,-6.66321243523316,-6.0,1.285149165082102,0.08854166666666667,4.305699481865285,4.0,2.5545748694029604,0.140625
2024-01-01 00:11:45.000000,2024-01-01 00:11:51.000000,0,-62.37823834196891,-63.0,1.731131315180117,0.13020833333333334,785.5350624290834,1905.0,0.0,-7.0880829015544045,-7.0,1.0837401255643397,0.13020833333333334,9.870466321243523,8.0,6.628443153228252,0.015625
2024-01-01 00:11:48.000000,2024-01-01 00:11:54.000000,0,-60.97409326424871,-61.0,1.1833710373715467,0.296875,273.85496126261893,3380.0,0.0,-6.844559585492228,-7.0,0.6180310956846425,0.17708333333333334,17.512953367875646,19.0,3.7529277575011295,0.078125
2024-01-01 00:11:51.000000,2024-01-01 00:11:57.000000,0,-60.259067357512954,-60.0,0.5820520099736247,0.3697916666666667,50.01288451853508,3877.0,0.0,-7.05699481865285,-7.0,0.5222799426693308,0.14583333333333334,20.088082901554404,20.0,0.8824167532548728,0.18229166666666666
2024-01-01 00:11:54.000000,2024-01-01 00:12:00.000000,0,-60.39378238341969,-60.0,1.0053827496181282,0.265625,139.76117284336496,3792.0,0.0,-7.051813471502591,-7.0,0.6514481675666209,0.14583333333333334,19.647668393782382,20.0,1.67089274225824,0.06770833333333333
2024-01-01 00:11:57.000000,2024-01-01 00:12:03.000000,0,-60.78756476683938,-61.0,1.0007553278659866,0.17708333333333334,147.15050815933864,3568.0,0.0,-6.658031088082901,-7.0,0.7480183954033667,0.18229166666666666,18.487046632124354,18.0,1.6866782205533786,0.0625
2024-01-01 00:12:00.000000,2024-01-01 00:12:06.000000,0,-60.43523316062176,-61.0,0.8018221907388893,0.21354166666666666,227.07760421417223,3787.0,0.0,-6.689119170984456,-7.0,0.6009850865587053,0.14583333333333334,19.621761658031087,20.0,1.9140225435098464,0.015625
2024-01-01 00:12:03.000000,2024-01-01 00:12:09.000000,0,-60.33678756476684,-60.0,1.2100034613633237,0.2760416666666667,242.96749781432115,3846.000000000001,0.0,-6.419689119170984,-7.0,1.2311181853027247,0.15104166666666666,19.927461139896373,21.0,3.0456461889256685,0.015625
2024-01-01 00:12:06.000000,2024-01-01 00:12:12.000000,0,-61.37823834196891,-62.0,1.2234441672578462,0.057291666666666664,333.9151879002528,3288.0,0.0,-4.176165803108808,-3.0,1.9817006095017224,0.005208333333333333,17.036269430051814,16.0,3.1842271710776813,0.005208333333333333
2024-01-01 00:12:09.000000,2024-01-01 00:12:15.000000,0,-61.994818652849744,-62.0,0.2393003980013255,0.041666666666666664,45.09354749712166,3023.0,0.0,-2.673575129533679,-3.0,0.5125265905735079,0.19270833333333334,15.663212435233161,16.0,0.6085707654095985,0.140625
2024-01-01 00:12:12.000000,2024-01-01 00:12:18.000000,0,-61.979274611398964,-62.0,0.14283400997012288,0.03125,34.33106743999476,3050.0,0.0,-2.865284974093264,-3.0,0.3423068899517845,0.09375,15.803108808290155,16.0,0.4115401377436877,0.078125
2024-01-01 00:12:15.000000,2024-01-01 00:12:21.000000,0,-61.994818652849744,-62.0,0.07198157507486923,0.010416666666666666,49.203721893505346,2977.9999999999995,0.0,-2.9533678756476682,-3.0,0.23474621581114116,0.041666666666666664,15.430051813471502,15.0,0.496370679500762,0.19270833333333334
2024-01-01 00:12:18.000000,2024-01-01 00:12:24.000000,0,-62.0,-62.0,0.0,0.0,27.164881183289864,2932.0,0.0,-3.0466321243523318,-3.0,0.21139801127490382,0.07291666666666667,15.191709844559586,15.0,0.40765293494752436,0.2604166666666667
2024-01-01 00:12:21.000000,2024-01-01 00:12:27.000000,0,-62.0,-62.0,0.0,0.0,56.89431939958464,2840.0000000000005,0.0,-3.435233160621762,-3.0,0.4970769479949549,0.13541666666666666,14.715025906735752,15.0,0.6179874293762074,0.109375
2024-01-01 00:12:24.000000,2024-01-01 00:12:30.000000,0,-62.082901554404145,-62.0,0.2946888819297191,0.13020833333333334,32.136204896667444,2704.0,0.0,-3.911917098445596,-4.0,0.3784741203281985,0.078125,14.010362694300518,14.0,0.5495228735922058,0.13020833333333334
2024-01-01 00:12:27.000000,2024-01-01 00:12:33.000000,0,-62.347150259067355,-62.0,0.48809222917356565,0.3645833333333333,57.63552223118417,2580.0,0.0,-4.041450777202073,-4.0,0.2668137008287131,0.10416666666666667,13.367875647668393,13.0,0.5442924928650886,0.06770833333333333
2024-01-01 00:12:30.000000,2024-01-01 00:12:36.000000,0,-62.49740932642487,-62.0,0.5012936632230295,0.4739583333333333,3.6773294237784424,2505.0000000000005,0.0,-4.020725388601036,-4.0,0.1755511921657372,0.052083333333333336,12.979274611398964,13.0,0.14283400997012283,0.041666666666666664
2024-01-01 00:12:33.000000,2024-01-01 00:12:39.000000,0,-62.476683937823836,-62.0,0.5007550430360931,0.4791666666666667,5.116984983393492,2503.0,0.0,-4.0,-4.0,0.14433756729740643,0.020833333333333332,12.968911917098445,13.0,0.1740071763155945,0.052083333333333336
2024-01-01 00:12:36.000000,2024-01-01 00:12:42.000000,0,-62.47150259067357,-62.0,0.5004855155699675,0.4791666666666667,7.192325345517535,2501.0,0.0,-4.067357512953368,-4.0,0.2897947579358801,0.09375,12.958549222797927,13.0,0.19984882023648234,0.0625
2024-01-01 00:12:39.000000,2024-01-01 00:12:45.000000,0,-62.43523316062176,-62.0,0.4970769479949559,0.5,3.6683786914822964,2505.0,0.0,-4.051813471502591,-4.0,0.2839625239814343,0.07291666666666667,12.979274611398964,13.0,0.14283400997012294,0.03125
2024-01-01 00:12:42.000000,2024-01-01 00:12:48.000000,0,-62.47150259067357,-62.0,0.5004855155699675,0.515625,1.9997350429144969,2507.0,0.0,-3.989637305699482,-4.0,0.1015318764446395,0.010416666666666666,12.989637305699482,13.0,0.10153187644463973,0.020833333333333332
2024-01-01 00:12:45.000000,2024-01-01 00:12:51.000000,0,-62.52849740932643,-63.0,0.5004855155699675,0.515625,3.732458404749841,2504.9999999999995,0.0,-4.0,-4.0,0.0,0.0,12.979274611398964,13.0,0.14283400997012285,0.03125
2024-01-01 00:12:48.000000,2024-01-01 00:12:54.000000,0,-62.54922279792746,-63.0,0.49886529275033803,0.4583333333333333,10.192618944761193,2492.0000000000005,0.0,-4.0310880829015545,-4.0,0.17400717631559465,0.0625,12.911917098445596,13.0,0.2841525290371419,0.09895833333333333
2024-01-01 00:12:51.000000,2024-01-01 00:12:57.000000,0,-62.575129533678755,-63.0,0.49560895708407865,0.4270833333333333,15.42870111266363,2476.0,0.0,-4.036269430051814,-4.0,0.18744601986357165,0.07291666666666667,12.82901554404145,13.0,0.37747456421873504,0.21875
2024-01-01 00:12:54.000000,2024-01-01 00:13:00.000000,0,-62.652849740932645,-63.0,0.4773021658372754,0.421875,13.063447323607383,2470.0,0.0,-4.005181347150259,-4.0,0.07198157507486969,0.010416666666666666,12.797927461139896,13.0,0.40259038183250384,0.2864583333333333
2024-01-01 00:12:57.000000,2024-01-01 00:13:03.000000,0,-62.6580310880829,-63.0,0.4756029715303488,0.3958333333333333,10.887385198490469,2475.0,0.0,-4.010362694300518,-4.0,0.10153187644463961,0.010416666666666666,12.823834196891191,13.0,0.38195196779108426,0.2916666666666667
2024-01-01 00:13:00.000000,2024-01-01 00:13:06.000000,0,-62.63212435233161,-63.0,0.4834814554761043,0.46875,12.038031335448633,2471.0000000000005,0.0,-4.015544041450777,-4.0,0.12402469251053067,0.020833333333333332,12.803108808290155,13.0,0.3986836067703653,0.3125
2024-01-01 00:13:03.000000,2024-01-01 00:13:09.000000,0,-62.23834196891192,-63.0,1.4524337861952679,0.5052083333333334,176.6045782790612,2629.0,0.0,-4.575129533678757,-4.0,0.9441724268772638,0.09895833333333333,13.621761658031089,13.0,2.7645341314099503,0.046875
2024-01-01 00:13:06.000000,2024-01-01 00:13:12.000000,0,-59.95336787564767,-61.0,3.512314875667846,0.08854166666666667,735.3442631506273,3731.0,0.0,-6.362694300518135,-6.0,1.6995884902732854,0.140625,19.33160621761658,15.0,8.052813044362892,0.036458333333333336
2024-01-01 00:13:09.000000,2024-01-01 00:13:15.000000,0,-58.18652849740933,-59.0,2.838798320898433,0.08333333333333333,658.2143968054723,4776.0,0.0,-7.176165803108808,-7.0,1.1502046074646086,0.22916666666666666,24.746113989637305,24.0,6.232709242999542,0.052083333333333336
2024-01-01 00:13:12.000000,2024-01-01 00:13:18.000000,0,-58.61658031088083,-59.0,1.2281993573867862,0.09895833333333333,181.08955336535922,4779.0,0.0,-6.217616580310881,-6.0,1.161132940877284,0.18229166666666666,24.761658031088082,24.0,2.4548381962867123,0.13020833333333334
2024-01-01 00:13:15.000000,2024-01-01 00:13:21.000000,0,-59.43523316062176,-59.0,0.7618522334162375,0.109375,129.8074678745153,4484.0,0.0,-4.528497409326425,-4.0,1.5310897267290837,0.036458333333333336,23.23316062176166,23.0,1.5008812897565489,0.140625
2024-01-01 00:13:18.000000,2024-01-01 00:13:24.000000,0,-59.943005181347154,-60.0,0.2736049558177145,0.0625,40.24953135163315,4259.0,0.0,-3.616580310880829,-4.0,0.6192525022035202,0.15104166666666666,22.067357512953368,22.0,0.5595959867563218,0.08854166666666667
2024-01-01 00:13:21.000000,2024-01-01 00:13:27.000000,0,-60.0,-60.0,0.0,0.0,19.056671343784654,4194.0,0.0,-3.9326424870466323,-4.0,0.2512919982685119,0.09375,21.730569948186528,22.0,0.44481759666240567,0.3489583333333333
2024-01-01 00:13:24.000000,2024-01-01 00:13:30.000000,0,-60.03626943005181,-60.0,1.6468817030060257,0.14583333333333334,91.37444287372128,4074.000000000001,0.0,-5.331606217616581,-4.0,2.236972938473138,0.046875,21.10880829015544,21.0,2.0497904185381772,0.3020833333333333
2024-01-01 00:13:27.000000,2024-01-01 00:13:33.000000,0,-60.538860103626945,-60.0,6.105819691944348,0.34375,438.2081320246717,3359.0,0.0,-8.067357512953368,-7.0,4.005285799423114,0.11458333333333333,17.40414507772021,20.0,7.73334119654475,0.15104166666666666
2024-01-01 00:13:30.000000,2024-01-01 00:13:36.000000,0,-61.98963730569948,-63.0,6.177065812768022,0.234375,1143.3343028980144,1099.0,0.16580310880829016,-9.689119170984457,-10.0,3.3798939442334666,0.10416666666666667,5.694300518134715,2.0,11.280274941834746,0.09895833333333333
2024-01-01 00:13:33.000000,2024-01-01 00:13:39.000000,0,-63.03626943005181,-63.0,1.4229263310853504,0.13541666666666666,176.78287962378582,802.0000000000001,0.0,-9.652849740932643,-10.0,0.8948374289107622,0.19270833333333334,-4.155440414507772,-5.0,2.8461750535118515,0.15104166666666666
2024-01-01 00:13:36.000000,2024-01-01 00:13:42.000000,0,-53.46632124352332,-63.0,14.264618066522672,0.026041666666666668,3155.6294060915643,2433.0,-0.16580310880829016,-5.922279792746114,-9.0,7.575946790697184,0.015625,12.606217616580311,-5.0,28.91565252834347,0.005208333333333333
2024-01-01 00:13:39.000000,2024-01-01 00:13:45.000000,0,-40.46632124352332,-38.0,11.93254283812823,0.057291666666666664,2145.00089923355,7814.0,0.0,3.1191709844559585,7.0,8.761379227942381,0.046875,40.487046632124354,51.0,24.998564293835383,0.026041666666666668
2024-01-01 00:13:42.000000,2024-01-01 00:13:48.000000,0,-34.72538860103627,-34.0,6.282600640797121,0.078125,381.61831633387,10079.0,0.0,5.3264248704663215,8.0,5.520055872849315,0.020833333333333332,52.22279792746114,54.0,4.808531745501497,0.08854166666666667
2024-01-01 00:13:45.000000,2024-01-01 00:13:51.000000,0,-16.21761658031088,-24.0,19.66316089475588,0.07291666666666667,2211.2538932799184,7504.0,0.0,27.78238341968912,15.0,28.224625413039405,0.015625,38.880829015544045,51.0,19.803232462803145,0.026041666666666668
2024-01-01 00:13:48.000000,2024-01-01 00:13:54.000000,0,-13.300518134715025,-11.0,20.933745925661235,0.125,1749.668117609764,6372.000000000001,0.0,42.347150259067355,45.0,18.390971082504382,0.03125,33.015544041450774,40.0,16.71653269843019,0.020833333333333332
2024-01-01 00:13:51.000000,2024-01-01 00:13:57.000000,0,-37.48186528497409,-41.0,23.5913767049726,0.026041666666666668,3146.6852399632735,5250.0,0.0,17.424870466321245,12.0,18.833585998733092,0.046875,27.202072538860104,41.0,28.819040216765444,0.020833333333333332
2024-01-01 00:13:54.000000,2024-01-01 00:14:00.000000,0,-43.44041450777202,-61.0,27.839342362215042,0.020833333333333332,2422.957881240083,1224.0,0.16580310880829016,16.186528497409327,6.0,23.840756963095835,0.041666666666666664,6.341968911917099,-6.0,27.11371021309815,0.041666666666666664
2024-01-01 00:13:57.000000,2024-01-01 00:14:03.000000,0,-34.86010362694301,-35.0,26.60271199343917,0.036458333333333336,966.4178366615876,1271.0,0.0,38.13989637305699,48.0,27.41475640488541,0.026041666666666668,6.585492227979275,7.0,14.27462043027151,0.078125
2024-01-01 00:14:00.000000,2024-01-01 00:14:06.000000,0,-32.424870466321245,-29.0,19.602715668286258,0.11458333333333333,574.0073161810873,2675.0,0.0,48.20725388601036,51.0,20.011677560208383,0.10416666666666667,13.860103626943005,13.0,10.995553741060018,0.15104166666666666
2024-01-01 00:14:03.000000,2024-01-01 00:14:09.000000,0,-25.27979274611399,-17.0,15.506868638020435,0.041666666666666664,387.35760701950613,2895.0000000000005,0.0,54.17616580310881,59.0,11.099927355874875,0.08333333333333333,15.0,16.0,8.282763226524507,0.16666666666666666
2024-01-01 00:14:06.000000,2024-01-01 00:14:12.000000,0,-16.025906735751295,-16.0,2.3988609127576526,0.08854166666666667,76.08119766038564,3034.0,0.0,59.5440414507772,59.0,1.4610848703182486,0.18229166666666666,15.720207253886011,16.0,1.5459813356426506,0.17708333333333334
2024-01-01 00:14:09.000000,2024-01-01 00:14:15.000000,3,-16.94818652849741,-16.0,6.111584741158323,0.15625,250.00652532511694,2951.0,0.0,59.12435233160622,59.0,2.396846391660487,0.203125,15.290155440414507,16.0,5.527276725164551,0.19791666666666666
2024-01-01 00:14:12.000000,2024-01-01 00:14:18.000000,3,-23.569948186528496,-20.0,15.916662145420693,0.14583333333333334,472.3285658670886,2792.0,0.0,54.129533678756474,58.0,14.006650514508404,0.0625,14.466321243523316,14.0,8.889375413966484,0.16145833333333334
2024-01-01 00:14:15.000000,2024-01-01 00:14:21.000000,3,-23.202072538860104,-20.0,16.31096243886947,0.08333333333333333,630.8106501132386,3122.0,0.0,54.04663212435233,57.0,15.77553820907032,0.08333333333333333,16.17616580310881,15.0,9.09556049064778,0.125
2024-01-01 00:14:18.000000,2024-01-01 00:14:24.000000,3,-25.89119170984456,-21.0,16.1123521175504,0.11979166666666667,1198.8843436956886,5170.0,0.0,43.39378238341969,51.0,23.41919535637158,0.03125,26.787564766839377,22.0,15.978222509390259,0.07291666666666667
2024-01-01 00:14:21.000000,2024-01-01 00:14:27.000000,3,-24.46113989637306,-20.0,17.54161102760714,0.11979166666666667,1399.5910045280227,5031.0,0.0,47.67875647668394,49.0,28.306551334374795,0.052083333333333336,26.067357512953368,23.0,16.689587003130427,0.11458333333333333
2024-01-01 00:14:24.000000,2024-01-01 00:14:30.000000,3,-15.321243523316062,-14.0,9.991163518109184,0.10416666666666667,666.6102754259083,3756.0,0.0,64.69948186528498,64.0,17.354539804139765,0.109375,19.46113989637306,19.0,9.495601654303018,0.125
2024-01-01 00:14:27.000000,2024-01-01 00:14:33.000000,3,-16.89119170984456,-15.0,10.530885880427988,0.125,1536.3727739770673,5937.0,0.0,47.248704663212436,52.0,32.3332309526004,0.09375,30.761658031088082,25.0,18.267548108689393,0.0625
2024-01-01 00:14:30.000000,2024-01-01 00:14:36.000000,3,-16.683937823834196,-14.0,11.028306431456917,0.08854166666666667,1703.00116949993,5510.0,0.0,49.81347150259067,58.0,33.670839647585304,0.0625,28.54922279792746,23.0,19.15966118125033,0.07291666666666667
2024-01-01 00:14:33.000000,2024-01-01 00:14:39.000000,3,-15.22279792746114,-13.0,8.305187789217191,0.07291666666666667,750.384969740579,3478.0,0.0,67.31088082901555,69.0,15.234853672011397,0.11458333333333333,18.020725388601036,17.0,8.14641955428299,0.125
2024-01-01 00:14:36.000000,2024-01-01 00:14:42.000000,3,-20.683937823834196,-17.0,14.017050667411485,0.11458333333333333,771.6740513952715,3321.0,0.0,62.398963730569946,62.0,14.481719761612782,0.13020833333333334,17.207253886010363,16.0,9.377419089160293,0.14583333333333334
2024-01-01 00:14:39.000000,2024-01-01 00:14:45.000000,3,-20.077720207253886,-16.0,14.031184427629114,0.109375,822.0045696916392,3432.0,0.0,62.41450777202073,62.0,16.24596734869892,0.13020833333333334,17.78238341968912,18.0,9.985630327611963,0.11979166666666667
2024-01-01 00:14:42.000000,2024-01-01 00:14:48.000000,3,-14.606217616580311,-15.0,7.01489209752341,0.08854166666666667,1159.3927130809418,3440.0000000000005,0.0,67.04145077720207,66.0,19.772095814158984,0.11979166666666667,17.82383419689119,20.0,11.143946965611697,0.06770833333333333
2024-01-01 00:14:45.000000,2024-01-01 00:14:51.000000,3,-15.0,-14.0,6.497595709183513,0.09375,912.4274111821192,3320.0,0.0,66.33678756476684,66.0,18.099998389774644,0.13541666666666666,17.202072538860104,19.0,10.946155901299047,0.078125
2024-01-01 00:14:48.000000,2024-01-01 00:14:54.000000,3,-14.528497409326425,-13.0,5.032236323739375,0.11979166666666667,961.6417586521648,3445.0000000000005,0.0,65.61658031088083,65.0,12.269463055141626,0.15104166666666666,17.849740932642487,17.0,9.077399386390054,0.109375
2024-01-01 00:14:51.000000,2024-01-01 00:14:57.000000,3,-14.839378238341968,-14.0,4.6289514231697915,0.140625,875.6674563351622,3413.0,0.0,64.51813471502591,62.0,10.902548089136044,0.15104166666666666,17.683937823834196,17.0,8.532938693446354,0.13541666666666666
2024-01-01 00:14:54.000000,2024-01-01 00:15:00.000000,3,-14.927461139896373,-14.0,5.098500829471092,0.11458333333333333,773.5813303875068,3480.0,0.0,63.70984455958549,60.0,11.579379862347801,0.13541666666666666,18.031088082901555,17.0,7.625277819905494,0.10416666666666667
2024-01-01 00:14:57.000000,2024-01-01 00:15:03.000000,3,-14.906735751295336,-14.0,5.103267562064259,0.08854166666666667,631.1232813647227,3635.0000000000005,0.0,63.83419689119171,60.0,12.071551936206541,0.13020833333333334,18.83419689119171,19.0,7.303928131391483,0.109375
2024-01-01 00:15:00.000000,2024-01-01 00:15:06.000000,3,-14.73056994818653,-13.0,5.857682649959271,0.08854166666666667,664.5002447433056,3628.0,0.0,63.943005181347154,62.0,10.92263824991539,0.15104166666666666,18.797927461139896,18.0,7.519806891284557,0.11979166666666667
2024-01-01 00:15:03.000000,2024-01-01 00:15:09.000000,3,-14.155440414507773,-12.0,5.852944766118432,0.08333333333333333,772.7493012947907,3569.0,0.0,63.766839378238345,62.0,10.741883508612817,0.171875,18.492227979274613,18.0,7.601479551009883,0.11979166666666667
2024-01-01 00:15:06.000000,2024-01-01 00:15:12.000000,3,-14.248704663212436,-12.0,4.932915686237729,0.057291666666666664,722.2149517152606,3565.0,0.0,63.61139896373057,61.0,10.707244170196505,0.16666666666666666,18.471502590673577,18.0,7.193057005517797,0.11458333333333333
2024-01-01 00:15:09.000000,2024-01-01 00:15:15.000000,3,-14.637305699481866,-13.0,5.189438091251893,0.06770833333333333,680.3936586847703,3528.0,0.0,63.83419689119171,60.0,10.313495987387848,0.15625,18.27979274611399,17.0,7.123498084285705,0.11458333333333333
2024-01-01 00:15:12.000000,2024-01-01 00:15:18.000000,3,-14.50259067357513,-13.0,5.628354881323752,0.08333333333333333,681.7448840836122,3582.0,0.0,64.46113989637306,61.0,10.897715392558302,0.15104166666666666,18.559585492227978,18.0,7.19937959090609,0.13020833333333334
2024-01-01 00:15:15.000000,2024-01-01 00:15:21.000000,3,-14.569948186528498,-12.0,5.805576386957749,0.078125,598.9659120743388,3611.0,0.0,64.09844559585493,61.0,10.506726400481591,0.15104166666666666,18.70984455958549,19.0,7.1951051414517755,0.140625
2024-01-01 00:15:18.000000,2024-01-01 00:15:24.000000,3,-14.49740932642487,-13.0,5.543506291459785,0.09895833333333333,676.1187299454799,3689.0000000000005,0.0,62.082901554404145,61.0,11.438393311000146,0.18229166666666666,19.1139896373057,19.0,7.025805198508712,0.11979166666666667
2024-01-01 00:15:21.000000,2024-01-01 00:15:27.000000,3,-14.626943005181348,-13.0,5.8697405076325975,0.10416666666666667,567.714150434056,3590.0,0.0,62.476683937823836,61.0,12.145846571831022,0.16145833333333334,18.60103626943005,18.0,6.712193425939046,0.11979166666666667
2024-01-01 00:15:24.000000,2024-01-01 00:15:30.000000,3,-14.875647668393782,-13.0,6.338956745807303,0.08854166666666667,672.1091069583305,3481.0,0.0,64.12953367875647,64.0,12.172749975618162,0.13020833333333334,18.036269430051814,17.0,6.8733884906715454,0.140625
2024-01-01 00:15:27.000000,2024-01-01 00:15:33.000000,3,-14.647668393782384,-13.0,6.378692333814558,0.08854166666666667,721.2693899926188,3651.0,0.0,64.78756476683938,65.0,12.929353343958036,0.125,18.917098445595855,19.0,7.488419383986605,0.13020833333333334
2024-01-01 00:15:30.000000,2024-01-01 00:15:36.000000,3,-14.471502590673575,-14.0,5.9765571821321455,0.10416666666666667,706.1285251484354,3657.0,0.0,64.27979274611398,64.0,12.17898018268178,0.15625,18.94818652849741,19.0,7.189938667913603,0.125
2024-01-01 00:15:33.000000,2024-01-01 00:15:39.000000,3,-13.958549222797927,-14.0,5.032016449789283,0.11979166666666667,528.5807975624068,3598.0,0.0,61.98963730569948,59.0,10.961575710419908,0.171875,18.642487046632123,19.0,6.675644322139755,0.109375
2024-01-01 00:15:36.000000,2024-01-01 00:15:42.000000,3,-17.367875647668395,-14.0,13.314872798908842,0.13020833333333334,619.2661714504331,3694.0000000000005,0.0,58.487046632124354,58.0,16.448501960756865,0.140625,19.139896373056995,18.0,7.01309147755388,0.11979166666666667
2024-01-01 00:15:39.000000,2024-01-01 00:15:45.000000,3,-16.082901554404145,-14.0,16.832612439462057,0.08854166666666667,545.6450845811873,4372.0,0.0,24.83937823834197,49.0,52.67975282729345,0.020833333333333332,22.65284974093264,22.0,9.64574089209911,0.21875
2024-01-01 00:15:42.000000,2024-01-01 00:15:48.000000,3,-12.658031088082902,-13.0,11.104951516622146,0.09375,556.9316140875978,4611.0,0.0,26.502590673575128,50.0,52.815828233621936,0.005208333333333333,23.89119170984456,23.0,8.59406136584624,0.19791666666666666
2024-01-01 00:15:45.000000,2024-01-01 00:15:51.000000,3,-14.145077720207254,-14.0,6.848790124233851,0.109375,431.9936514593146,4188.0,0.0,59.30051813471503,57.0,11.351066843259193,0.11458333333333333,21.699481865284973,22.0,5.710265768491414,0.10416666666666667
2024-01-01 00:15:48.000000,2024-01-01 00:15:54.000000,3,-18.181347150259068,-17.0,10.535320763621804,0.08333333333333333,343.1310621173554,3767.0,0.0,57.84974093264249,58.0,9.986095147088337,0.125,19.518134715025905,20.0,5.696392557510179,0.14583333333333334
2024-01-01 00:15:51.000000,2024-01-01 00:15:57.000000,3,-18.82901554404145,-16.0,8.534658968775432,0.046875,196.69640744163914,3356.0,0.0,57.92746113989637,59.0,8.105741424536733,0.06770833333333333,17.38860103626943,17.0,3.2770150625542223,0.125
2024-01-01 00:15:54.000000,2024-01-01 00:16:00.000000,3,-15.642487046632125,-15.0,6.674864077196635,0.16666666666666666,288.56672271777893,3512.0000000000005,0.0,59.740932642487046,59.0,11.762636518895231,0.16145833333333334,18.196891191709845,17.0,4.864046527152822,0.046875
2024-01-01 00:15:57.000000,2024-01-01 00:16:03.000000,3,-14.341968911917098,-14.0,7.838682809409276,0.125,574.2398433206974,3475.0,0.0,64.16580310880829,61.0,14.964662246390057,0.11458333333333333,18.00518134715026,17.0,7.257537324314421,0.109375
2024-01-01 00:16:00.000000,2024-01-01 00:16:06.000000,3,-12.564766839378239,-12.0,7.550331261533806,0.14583333333333334,513.6559709046124,3510.0,0.0,66.38341968911917,66.0,18.341043872368658,0.15625,18.186528497409327,18.0,8.559012359694453,0.15625
2024-01-01 00:16:03.000000,2024-01-01 00:16:09.000000,3,-13.238341968911918,-13.0,7.779191082836407,0.15104166666666666,503.69242001740486,3479.0,0.0,66.91709844559585,66.0,20.040671351124942,0.13541666666666666,18.025906735751295,17.0,8.67433669003514,0.140625
2024-01-01 00:16:06.000000,2024-01-01 00:16:12.000000,3,-12.803108808290155,-12.0,5.918948269609003,0.171875,804.7310380817369,3375.0,0.0,68.15544041450777,66.0,17.21635256866467,0.11458333333333333,17.487046632124354,16.0,8.931515367115619,0.13020833333333334
2024-01-01 00:16:09.000000,2024-01-01 00:16:15.000000,3,-12.378238341968911,-11.0,6.202901119400819,0.171875,659.3968997408314,3488.0,0.0,65.26424870466322,63.0,18.663623726503126,0.13020833333333334,18.072538860103627,16.0,9.128990125316024,0.10416666666666667
2024-01-01 00:16:12.000000,2024-01-01 00:16:18.000000,3,-13.404145077720207,-12.0,6.787118882769242,0.17708333333333334,671.0809837668611,3242.0,0.0,65.10880829015544,66.0,15.522281536335575,0.140625,16.797927461139896,15.0,7.991896667805294,0.13541666666666666
2024-01-01 00:16:15.000000,2024-01-01 00:16:21.000000,3,-12.217616580310882,-12.0,5.980375939107588,0.20833333333333334,556.5700279534601,3769.0,0.0,63.424870466321245,65.0,12.03751960489959,0.14583333333333334,19.528497409326423,19.0,8.102241608630829,0.15104166666666666
2024-01-01 00:16:18.000000,2024-01-01 00:16:24.000000,3,-12.461139896373057,-12.0,5.240049374182339,0.18229166666666666,521.103946113038,3997.000000000001,0.0,61.082901554404145,63.0,13.005342166604702,0.140625,20.70984455958549,20.0,7.054014554130089,0.15104166666666666
2024-01-01 00:16:21.000000,2024-01-01 00:16:27.000000,3,-12.55958549222798,-13.0,5.724383503396247,0.140625,565.4725774098691,3444.000000000001,0.0,63.27461139896373,63.0,12.64137667127587,0.14583333333333334,17.844559585492227,17.0,7.197126447541392,0.1875
2024-01-01 00:16:24.000000,2024-01-01 00:16:30.000000,3,-11.839378238341968,-12.0,6.586768905267512,0.13020833333333334,735.826926557217,3579.0,0.0,65.27461139896373,64.0,16.19324151650139,0.13020833333333334,18.5440414507772,18.0,8.584711352064954,0.13020833333333334
2024-01-01 00:16:27.000000,2024-01-01 00:16:33.000000,3,-13.150259067357513,-12.0,6.921675829356731,0.14583333333333334,595.1750867178781,3494.0,0.0,66.83937823834196,66.0,18.920615510021484,0.140625,18.10362694300518,17.0,8.718971013070883,0.15104166666666666
2024-01-01 00:16:30.000000,2024-01-01 00:16:36.000000,3,-12.782383419689118,-12.0,6.448861375446337,0.18229166666666666,751.4250383466625,3202.0,0.0,65.35751295336787,66.0,16.169404558683766,0.140625,16.590673575129532,16.0,8.14665806111726,0.13541666666666666
2024-01-01 00:16:33.000000,2024-01-01 00:16:39.000000,3,-12.466321243523316,-12.0,5.426608386807093,0.19791666666666666,638.9654408534752,3363.0,0.0,63.63212435233161,64.0,16.318905324330306,0.125,17.424870466321245,17.0,8.585101139280496,0.13541666666666666
2024-01-01 00:16:36.000000,2024-01-01 00:16:42.000000,3,-12.606217616580311,-13.0,5.867491895170915,0.19270833333333334,577.8340891120606,3391.0000000000005,0.0,66.43523316062176,66.0,15.661696975707805,0.171875,17.569948186528496,17.0,8.640175568324294,0.14583333333333334
2024-01-01 00:16:39.000000,2024-01-01 00:16:45.000000,3,-12.533678756476684,-13.0,6.1686501967960385,0.16145833333333334,526.4396597871752,3514.0000000000005,0.0,65.42487046632124,66.0,14.528198267679606,0.1875,18.207253886010363,19.0,8.10918648450105,0.13020833333333334
2024-01-01 00:16:42.000000,2024-01-01 00:16:48.000000,3,-12.626943005181348,-13.0,5.57390679508335,0.15625,568.0990413330285,3646.0000000000005,0.0,63.6839378238342,64.0,16.13512605299736,0.13541666666666666,18.89119170984456,18.0,7.673926032998422,0.14583333333333334
2024-01-01 00:16:45.000000,2024-01-01 00:16:51.000000,3,-12.347150259067357,-12.0,5.151729550113527,0.17708333333333334,588.0811592704124,3501.9999999999995,0.0,63.66321243523316,65.0,14.338742101146037,0.140625,18.145077720207254,17.0,7.861409510967893,0.14583333333333334
2024-01-01 00:16:48.000000,2024-01-01 00:16:54.000000,3,-12.989637305699482,-12.0,5.060045328051359,0.171875,614.1823783380182,3675.0,0.0,62.84974093264249,62.0,15.423305297072394,0.16145833333333334,19.041450777202073,19.0,8.123290972113244,0.15625
2024-01-01 00:16:51.000000,2024-01-01 00:16:57.000000,3,-13.580310880829016,-13.0,6.130951692261955,0.171875,588.211004966718,3533.0,0.0,62.44041450777202,63.0,14.1747951129445,0.15104166666666666,18.305699481865286,18.0,7.9794539974059875,0.16666666666666666
2024-01-01 00:16:54.000000,2024-01-01 00:17:00.000000,3,-19.28497409326425,-16.0,14.218042825797099,0.16666666666666666,569.5240885899955,3525.0,0.0,39.63212435233161,58.0,46.71494233809052,0.020833333333333332,18.264248704663213,17.0,10.11020609439576,0.16145833333333334
2024-01-01 00:16:57.000000,2024-01-01 00:17:03.000000,3,-19.129533678756477,-15.0,14.427578058550882,0.14583333333333334,608.9934164696319,3748.0000000000005,0.0,39.84974093264249,56.0,47.742617365969444,0.041666666666666664,19.419689119170986,18.0,10.23296480267814,0.13541666666666666
2024-01-01 00:17:00.000000,2024-01-01 00:17:06.000000,3,-12.61658031088083,-12.0,6.407851199491033,0.17708333333333334,639.6930727326596,3418.0,0.0,64.20207253886011,64.0,14.098817764226808,0.16145833333333334,17.70984455958549,17.0,8.220829519978246,0.11458333333333333
2024-01-01 00:17:03.000000,2024-01-01 00:17:09.000000,3,-11.83419689119171,-13.0,5.681060594806681,0.140625,657.211650644016,3381.9999999999995,0.0,64.12953367875647,63.0,12.086873401983603,0.15625,17.523316062176164,18.0,8.242466597634843,0.08333333333333333
2024-01-01 00:17:06.000000,2024-01-01 00:17:12.000000,3,-12.26943005181347,-13.0,5.531156843521422,0.16666666666666666,509.6661328785225,3580.0,0.0,62.02590673575129,60.0,14.578964309765734,0.14583333333333334,18.54922279792746,19.0,8.007087480079393,0.125
2024-01-01 00:17:09.000000,2024-01-01 00:17:15.000000,3,-12.870466321243523,-13.0,5.237963214416326,0.18229166666666666,512.9514868116556,3503.0,0.0,63.590673575129536,63.0,13.464974473231164,0.14583333333333334,18.150259067357513,17.0,7.413614477435048,0.140625
2024-01-01 00:17:12.000000,2024-01-01 00:17:18.000000,3,-12.082901554404145,-12.0,5.7990092432931695,0.14583333333333334,495.65234139839555,3620.0000000000005,0.0,63.02590673575129,64.0,12.772625037376741,0.13020833333333334,18.756476683937823,18.0,6.361322911805026,0.13020833333333334
2024-01-01 00:17:15.000000,2024-01-01 00:17:21.000000,3,-9.751295336787564,-10.0,6.161059743869576,0.11458333333333333,386.73054641993417,3464.0000000000005,0.0,60.590673575129536,60.0,10.582676295000562,0.10416666666666667,17.94818652849741,18.0,6.2297513097789565,0.07291666666666667
2024-01-01 00:17:18.000000,2024-01-01 00:17:24.000000,3,-8.072538860103627,-7.0,6.567353148322704,0.09375,678.8874627825412,2771.0,0.0,60.86010362694301,61.0,5.523257077052048,0.125,14.357512953367875,13.0,5.84180854836212,0.041666666666666664
2024-01-01 00:17:21.000000,2024-01-01 00:17:27.000000,3,-10.927461139896373,-10.0,7.877639919932711,0.11458333333333333,462.85427958409787,3139.0,0.0,62.81347150259067,62.0,17.741677182275332,0.11979166666666667,16.264248704663213,16.0,7.8513279516582735,0.07291666666666667
2024-01-01 00:17:24.000000,2024-01-01 00:17:30.000000,3,-13.041450777202073,-13.0,6.763746955961856,0.19791666666666666,658.3491371997278,3538.0,0.0,64.44041450777202,64.0,19.72381766191885,0.11979166666666667,18.33160621761658,18.0,8.798312220389835,0.14583333333333334
2024-01-01 00:17:27.000000,2024-01-01 00:17:33.000000,3,-11.901554404145077,-12.0,4.9101985351487425,0.17708333333333334,674.5908870220882,3469.0,0.0,63.37823834196891,63.0,13.273051607061978,0.13541666666666666,17.974093264248705,17.0,8.957908071201102,0.09895833333333333
2024-01-01 00:17:30.000000,2024-01-01 00:17:36.000000,3,-11.150259067357513,-12.0,4.7349776085392286,0.17708333333333334,494.4137936107779,3762.0,0.0,61.76165803108808,61.0,13.242339819808336,0.13020833333333334,19.492227979274613,19.0,8.108713915561543,0.13020833333333334
2024-01-01 00:17:33.000000,2024-01-01 00:17:39.000000,3,-12.844559585492227,-12.0,6.156524650203757,0.14583333333333334,459.21569597911946,3646.0,0.0,63.55440414507772,61.0,14.293005055736748,0.125,18.89119170984456,18.0,7.865640941881189,0.1875
2024-01-01 00:17:36.000000,2024-01-01 00:17:42.000000,3,-13.989637305699482,-14.0,6.718281679263996,0.11979166666666667,523.5267792685524,3622.0,0.0,64.06735751295336,63.0,13.411384380507746,0.13020833333333334,18.76683937823834,18.0,7.903884781924726,0.17708333333333334
2024-01-01 00:17:39.000000,2024-01-01 00:17:45.000000,3,-18.243523316062177,-15.0,13.615928632362499,0.125,532.1040684053906,4171.0,0.0,39.59585492227979,57.0,43.06030634736407,0.010416666666666666,21.61139896373057,20.0,9.485695074876727,0.11458333333333333
2024-01-01 00:17:42.000000,2024-01-01 00:17:48.000000,3,-19.21761658031088,-17.0,13.234436634769303,0.125,592.5786400162124,4197.0,0.0,40.196891191709845,57.0,43.60156474965443,0.010416666666666666,21.746113989637305,21.0,9.834717306957634,0.140625
2024-01-01 00:17:45.000000,2024-01-01 00:17:51.000000,3,-13.05181347150259,-12.0,6.150661323388396,0.125,496.29676540596046,3673.0,0.0,63.66839378238342,63.0,12.628666382248271,0.11979166666666667,19.031088082901555,18.0,7.906291492480911,0.13541666666666666
2024-01-01 00:17:48.000000,2024-01-01 00:17:54.000000,3,-10.927461139896373,-11.0,4.108543218074274,0.14583333333333334,624.1424442549223,3511.0,0.0,62.129533678756474,64.0,12.280099428299101,0.109375,18.191709844559586,18.0,6.585142183889274,0.140625
2024-01-01 00:17:51.000000,2024-01-01 00:17:57.000000,3,-10.66839378238342,-11.0,4.1437560973261744,0.16145833333333334,444.6495287740488,3867.0,0.0,60.41450777202073,61.0,13.304690467212104,0.125,20.036269430051814,19.0,6.077942580377236,0.16666666666666666
2024-01-01 00:17:54.000000,2024-01-01 00:18:00.000000,3,-10.580310880829016,-11.0,4.855733928685045,0.15625,466.8426095383536,3984.0,0.0,60.575129533678755,60.0,13.491733700245574,0.11458333333333333,20.642487046632123,20.0,5.970557800494862,0.1875
2024-01-01 00:17:57.000000,2024-01-01 00:18:03.000000,3,-9.89119170984456,-11.0,5.659024423573166,0.13020833333333334,589.0607934798625,3730.0,0.0,61.409326424870464,62.0,12.332347204192994,0.13541666666666666,19.326424870466322,18.0,6.3641391279086825,0.140625
2024-01-01 00:18:00.000000,2024-01-01 00:18:06.000000,3,-9.735751295336788,-10.0,5.918510561886087,0.109375,563.1633463652352,3819.0,0.0,60.05181347150259,60.0,12.244361343697188,0.140625,19.787564766839377,19.0,6.919285456335223,0.11979166666666667
2024-01-01 00:18:03.000000,2024-01-01 00:18:09.000000,3,-11.756476683937823,-12.0,6.749056417128912,0.11458333333333333,475.33046262486323,3714.0,0.0,59.90673575129534,59.0,11.78812989734521,0.13541666666666666,19.243523316062177,18.0,7.990735000919642,0.09375
2024-01-01 00:18:06.000000,2024-01-01 00:18:12.000000,3,-12.61139896373057,-12.0,5.447598344243742,0.22395833333333334,440.55077637085026,3770.0,0.0,59.97409326424871,59.0,7.619489288140633,0.16145833333333334,19.533678756476682,20.0,6.657558004536282,0.15104166666666666
2024-01-01 00:18:09.000000,2024-01-01 00:18:15.000000,3,-12.66839378238342,-13.0,2.5847884363704643,0.203125,182.1238170588048,3887.0,0.0,58.61139896373057,59.0,2.1888149884219517,0.19270833333333334,20.139896373056995,19.0,2.967903649470257,0.15104166666666666
2024-01-01 00:18:12.000000,2024-01-01 00:18:18.000000,3,-14.518134715025907,-13.0,6.39180241944769,0.125,437.53132253132094,3536.0,0.0,59.21761658031088,59.0,11.723120874567648,0.16666666666666666,18.321243523316063,19.0,6.992586439384395,0.16666666666666666
2024-01-01 00:18:15.000000,2024-01-01 00:18:21.000000,3,-13.89119170984456,-13.0,8.64542118271849,0.140625,972.7220325231098,3935.0,0.0,60.78756476683938,57.0,26.67554768996478,0.13541666666666666,20.38860103626943,18.0,11.714008467935892,0.09375
2024-01-01 00:18:18.000000,2024-01-01 00:18:24.000000,3,-11.67357512953368,-11.0,8.552666261038818,0.1875,1266.0806971335617,4453.0,0.0,61.932642487046635,54.0,32.31228839004948,0.13020833333333334,23.072538860103627,22.0,12.587399547753462,0.11458333333333333
2024-01-01 00:18:21.000000,2024-01-01 00:18:27.000000,3,-13.139896373056995,-13.0,8.728909939918358,0.16666666666666666,978.3051232221555,3995.0,0.0,62.41450777202073,60.0,25.974831505933928,0.13541666666666666,20.699481865284973,21.0,13.4993383225551,0.09895833333333333
2024-01-01 00:18:24.000000,2024-01-01 00:18:30.000000,3,-14.927461139896373,-15.0,9.397191639427039,0.171875,949.6353763367771,4177.0,0.0,62.751295336787564,60.0,26.42284978008359,0.13541666666666666,21.642487046632123,23.0,14.065014887385777,0.11458333333333333
2024-01-01 00:18:27.000000,2024-01-01 00:18:33.000000,3,-20.45077720207254,-18.0,14.700088999060887,0.16666666666666666,1006.9690821187638,4219.0,0.0,41.3419689119171,48.0,50.02902439104586,0.09375,21.860103626943005,22.0,12.629170680315426,0.11979166666666667
2024-01-01 00:18:30.000000,2024-01-01 00:18:36.000000,3,-19.8860103626943,-17.0,14.117345313032187,0.11979166666666667,990.6572187902946,3999.0000000000005,0.0,40.76165803108808,54.0,47.25182074696465,0.078125,20.72020725388601,21.0,12.788522521783172,0.11458333333333333
2024-01-01 00:18:33.000000,2024-01-01 00:18:39.000000,3,-12.83419689119171,-14.0,8.536287218800995,0.16666666666666666,896.4682484500628,4259.0,0.0,60.54922279792746,58.0,23.590890542332456,0.15104166666666666,22.067357512953368,24.0,13.156930277806458,0.08333333333333333
2024-01-01 00:18:36.000000,2024-01-01 00:18:42.000000,3,-14.606217616580311,-15.0,9.883190837978203,0.20833333333333334,1362.0850572221505,4215.0,0.0,60.259067357512954,56.0,28.11092672269951,0.15104166666666666,21.83937823834197,22.0,13.955289604473716,0.09895833333333333
2024-01-01 00:18:39.000000,2024-01-01 00:18:45.000000,3,-18.694300518134714,-14.0,17.73047102485958,0.15625,761.9015751260034,3959.0000000000005,0.0,55.47150259067357,52.0,31.572345268467075,0.11458333333333333,20.512953367875646,20.0,12.278075314139802,0.11458333333333333
2024-01-01 00:18:42.000000,2024-01-01 00:18:48.000000,3,-23.082901554404145,-17.0,19.688018984578743,0.09375,509.1751676883192,3510.0,0.0,42.134715025906736,48.0,43.74705331798826,0.08333333333333333,18.186528497409327,18.0,8.000418274903037,0.15625
2024-01-01 00:18:45.000000,2024-01-01 00:18:51.000000,3,-20.39378238341969,-19.0,13.892457586998896,0.16666666666666666,948.8397950498054,3638.0,0.0,45.55958549222798,51.0,41.06458104612727,0.10416666666666667,18.849740932642487,18.0,10.616085104847635,0.13020833333333334
2024-01-01 00:18:48.000000,2024-01-01 00:18:54.000000,3,-14.549222797927461,-15.0,8.727883472735197,0.1875,996.0549975843927,3854.0,0.0,60.284974093264246,54.0,24.119637403221198,0.13541666666666666,19.968911917098445,20.0,11.824632982214546,0.078125
2024-01-01 00:18:51.000000,2024-01-01 00:18:57.000000,3,-14.49740932642487,-14.0,9.69972312337424,0.21354166666666666,1056.5436663515857,3765.0000000000005,0.0,61.78238341968912,54.0,27.23497866787715,0.140625,19.507772020725387,19.0,11.457402615678424,0.15104166666666666
2024-01-01 00:18:54.000000,2024-01-01 00:19:00.000000,3,-14.875647668393782,-14.0,10.40958481201576,0.19791666666666666,909.4254873033276,3389.0,0.0,61.751295336787564,57.0,24.24850319437326,0.140625,17.559585492227978,17.0,13.357575247549798,0.13541666666666666
2024-01-01 00:18:57.000000,2024-01-01 00:19:03.000000,3,-13.870466321243523,-14.0,10.597700629645026,0.19270833333333334,946.0782209288276,3313.0,0.0,60.29015544041451,60.0,24.30596541310821,0.15104166666666666,17.16580310880829,17.0,13.155459556721382,0.125
2024-01-01 00:19:00.000000,2024-01-01 00:19:06.000000,3,-14.046632124352332,-14.0,9.545008597123996,0.1875,752.465108510093,3879.0000000000005,0.0,61.78238341968912,60.0,24.02828846116712,0.171875,20.098445595854923,20.0,12.45891780966189,0.15104166666666666
2024-01-01 00:19:03.000000,2024-01-01 00:19:09.000000,3,-15.067357512953368,-14.0,7.795606519170084,0.19270833333333334,921.3315699646907,4020.0,0.0,60.41968911917098,59.0,22.77414071528312,0.14583333333333334,20.82901554404145,20.0,13.409293557577849,0.14583333333333334
2024-01-01 00:19:06.000000,2024-01-01 00:19:12.000000,3,-14.507772020725389,-13.0,8.994280110034083,0.18229166666666666,974.940621125447,4010.0,0.0,59.30051813471503,59.0,22.5631717291727,0.16666666666666666,20.77720207253886,19.0,14.621869267669885,0.140625
2024-01-01 00:19:09.000000,2024-01-01 00:19:15.000000,3,-13.663212435233161,-13.0,8.465957814083682,0.19791666666666666,1079.3683245504824,4173.0,0.0,61.30051813471503,58.0,25.44996827398425,0.13541666666666666,21.621761658031087,21.0,13.417453768520959,0.08854166666666667
2024-01-01 00:19:12.000000,2024-01-01 00:19:18.000000,3,-15.450777202072539,-15.0,7.492281578196158,0.1875,750.2275674835996,4073.0,0.0,61.06217616580311,57.0,25.340314336177915,0.15625,21.10362694300518,22.0,10.814710145296095,0.13020833333333334
2024-01-01 00:19:15.000000,2024-01-01 00:19:21.000000,3,-17.27461139896373,-17.0,6.086377204742658,0.22395833333333334,884.2548714819059,3714.0000000000005,0.0,59.67875647668394,58.0,17.620135691274598,0.17708333333333334,19.243523316062177,21.0,8.983072740155364,0.13541666666666666
2024-01-01 00:19:18.000000,2024-01-01 00:19:24.000000,3,-15.689119170984457,-16.0,7.31698478935137,0.19791666666666666,714.3968191049939,3830.9999999999995,0.0,59.30051813471503,53.0,23.144312875523827,0.13541666666666666,19.849740932642487,20.0,9.302957215497008,0.13541666666666666
2024-01-01 00:19:21.000000,2024-01-01 00:19:27.000000,3,-14.89119170984456,-15.0,7.001753882178207,0.1875,1051.3190487870038,3798.0,0.0,60.53367875647668,55.0,23.836687310049992,0.13020833333333334,19.678756476683937,20.0,11.759766088047664,0.09375
2024-01-01 00:19:24.000000,2024-01-01 00:19:30.000000,3,-14.8860103626943,-15.0,7.583387898606096,0.16666666666666666,920.65498439788,3735.0,0.0,61.07772020725388,58.0,24.27273785770382,0.140625,19.352331606217618,19.0,11.866453382939005,0.11458333333333333
2024-01-01 00:19:27.000000,2024-01-01 00:19:33.000000,3,-14.259067357512953,-15.0,7.508691710876201,0.203125,880.5181682646017,3979.0,0.0,60.196891191709845,59.0,24.22319374659284,0.16666666666666666,20.616580310880828,20.0,10.99801756354989,0.14583333333333334
2024-01-01 00:19:30.000000,2024-01-01 00:19:36.000000,3,-16.616580310880828,-15.0,10.897636150169696,0.19791666666666666,660.8418811287846,4020.0,0.0,59.46632124352332,59.0,23.58782691524942,0.18229166666666666,20.82901554404145,20.0,10.830935034118658,0.15104166666666666
2024-01-01 00:19:33.000000,2024-01-01 00:19:39.000000,3,-16.05699481865285,-15.0,11.4424222233981,0.18229166666666666,939.1307735187455,3695.0,0.0,61.54922279792746,61.0,23.79051176233173,0.16666666666666666,19.145077720207254,19.0,12.798913085328888,0.11458333333333333
2024-01-01 00:19:36.000000,2024-01-01 00:19:42.000000,3,-15.398963730569948,-14.0,11.233385832147226,0.20833333333333334,1243.195507157695,3893.0,0.0,61.134715025906736,58.0,26.711664256280287,0.125,20.17098445595855,20.0,15.19960209062391,0.08333333333333333
2024-01-01 00:19:39.000000,2024-01-01 00:19:45.000000,3,-16.253886010362695,-15.0,11.67631139705966,0.16145833333333334,1144.5930574354325,4175.0,0.0,61.98963730569948,59.0,28.33688512737303,0.14583333333333334,21.632124352331605,21.0,14.775909593584736,0.109375
2024-01-01 00:19:42.000000,2024-01-01 00:19:48.000000,3,-15.761658031088082,-15.0,9.812045177736808,0.203125,914.5806013619219,3775.000000000001,0.0,61.41968911917098,59.0,25.424418747590867,0.15104166666666666,19.559585492227978,21.0,11.207690060576942,0.14583333333333334
2024-01-01 00:19:45.000000,2024-01-01 00:19:51.000000,3,-20.808290155440414,-17.0,15.283758184710477,0.13541666666666666,756.496650748829,3508.0,0.0,56.766839378238345,55.0,25.604006417862443,0.13541666666666666,18.17616580310881,19.0,9.550308230926344,0.11458333333333333
2024-01-01 00:19:48.000000,2024-01-01 00:19:54.000000,3,-20.321243523316063,-16.0,14.046070569579095,0.109375,940.76890539337,3247.0,0.0,57.90673575129534,56.0,22.249569429766883,0.14583333333333334,16.82383419689119,16.0,11.090538939671335,0.11458333333333333
2024-01-01 00:19:51.000000,2024-01-01 00:19:57.000000,3,-17.849740932642487,-16.0,10.944139053394492,0.19270833333333334,841.8868518140861,3828.0,0.0,59.72020725388601,56.0,28.52711531666241,0.15625,19.83419689119171,19.0,12.339109212116236,0.10416666666666667
2024-01-01 00:19:54.000000,2024-01-01 00:20:00.000000,3,-19.22279792746114,-18.0,11.102134669249976,0.140625,772.6750748704337,4080.0000000000005,0.0,60.15025906735751,57.0,27.202236665760307,0.14583333333333334,21.139896373056995,21.0,11.016375783617415,0.13541666666666666
2024-01-01 00:19:57.000000,2024-01-01 00:20:03.000000,3,-14.994818652849741,-15.0,9.218130577679528,0.11979166666666667,740.3612627532019,3243.0000000000005,0.0,65.03626943005182,60.0,22.56365372327133,0.125,16.803108808290155,16.0,11.738584466833046,0.125
2024-01-01 00:20:00.000000,2024-01-01 00:20:06.000000,3,-12.129533678756477,-11.0,10.803587766829061,0.15104166666666666,906.6393349588866,3117.0,0.0,69.46113989637306,66.0,25.277002738534264,0.15625,16.150259067357513,15.0,11.95709397331564,0.14583333333333334
2024-01-01 00:20:03.000000,2024-01-01 00:20:09.000000,3,-13.238341968911918,-12.0,11.51381332298795,0.125,565.6243905758142,3137.0000000000005,0.0,67.79274611398964,67.0,19.604117053323638,0.171875,16.253886010362695,15.0,9.301254279635554,0.18229166666666666
2024-01-01 00:20:06.000000,2024-01-01 00:20:12.000000,3,-15.83419689119171,-12.0,14.341572420131104,0.11979166666666667,670.7006429881486,3017.0000000000005,0.0,65.69430051813471,67.0,19.113281231385987,0.125,15.632124352331607,15.0,11.674152545308058,0.15625
2024-01-01 00:20:09.000000,2024-01-01 00:20:15.000000,3,-15.341968911917098,-12.0,13.50220469108145,0.125,907.0237099824936,3064.9999999999995,0.0,66.67875647668394,68.0,17.784895701472706,0.125,15.880829015544041,15.0,12.018704837702789,0.11458333333333333
2024-01-01 00:20:12.000000,2024-01-01 00:20:18.000000,3,-11.678756476683938,-10.0,8.277757251349096,0.15104166666666666,738.8176974928667,3549.0,0.0,67.19689119170984,68.0,16.285301101043263,0.15104166666666666,18.38860103626943,17.0,9.738201975734905,0.08854166666666667
2024-01-01 00:20:15.000000,2024-01-01 00:20:21.000000,3,-11.911917098445596,-11.0,8.509646055688307,0.15625,728.3422805789578,3706.9999999999995,0.0,67.76683937823834,69.0,17.621971928417693,0.15104166666666666,19.207253886010363,19.0,9.031112266700479,0.11458333333333333
2024-01-01 00:20:18.000000,2024-01-01 00:20:24.000000,3,-12.17098445595855,-12.0,8.525500203114111,0.17708333333333334,630.3931456392359,3379.0,0.0,68.63730569948187,70.0,16.736719143934273,0.140625,17.507772020725387,17.0,8.942011781347349,0.15104166666666666
2024-01-01 00:20:21.000000,2024-01-01 00:20:27.000000,3,-13.310880829015543,-12.0,10.387128240002912,0.15104166666666666,498.05780654965645,3486.0,0.0,67.27979274611398,66.0,21.575556577374524,0.125,18.06217616580311,18.0,8.613595686837407,0.14583333333333334
2024-01-01 00:20:24.000000,2024-01-01 00:20:30.000000,3,-13.538860103626943,-12.0,9.660367528060315,0.14583333333333334,761.2595204322604,3397.0,0.0,67.62694300518135,68.0,18.976292761239648,0.14583333333333334,17.60103626943005,17.0,8.376641565720279,0.11979166666666667
2024-01-01 00:20:27.000000,2024-01-01 00:20:33.000000,3,-11.766839378238341,-11.0,7.093316900149133,0.14583333333333334,632.742822677738,3538.0,0.0,66.81347150259067,70.0,15.73201436265349,0.13020833333333334,18.33160621761658,18.0,8.545459686921143,0.125
2024-01-01 00:20:30.000000,2024-01-01 00:20:36.000000,3,-11.994818652849741,-11.0,7.793892780920435,0.15625,609.7891435496472,3465.0,0.0,66.77720207253886,67.0,14.71879108082011,0.15104166666666666,17.95336787564767,17.0,7.8071082430802115,0.11979166666666667
2024-01-01 00:20:33.000000,2024-01-01 00:20:39.000000,3,-11.642487046632125,-12.0,6.502536206413371,0.1875,707.7222513400422,3578.0000000000005,0.0,64.94818652849742,66.0,14.34098908891431,0.15625,18.53886010362694,17.0,8.222162171667625,0.09375
2024-01-01 00:20:36.000000,2024-01-01 00:20:42.000000,3,-12.093264248704664,-12.0,6.321392763994651,0.18229166666666666,546.058805979069,3607.0,0.0,64.49222797927462,65.0,16.550465492882307,0.140625,18.689119170984455,17.0,8.618459824175815,0.10416666666666667
2024-01-01 00:20:39.000000,2024-01-01 00:20:45.000000,3,-11.901554404145077,-11.0,6.28702762211552,0.18229166666666666,675.3024665917825,3494.000000000001,0.0,64.53367875647669,67.0,15.064104528661229,0.13020833333333334,18.10362694300518,16.0,8.191690232186739,0.109375
2024-01-01 00:20:42.000000,2024-01-01 00:20:48.000000,3,-12.212435233160623,-11.0,7.35353166124406,0.16666666666666666,625.7422018400501,3184.000000000001,0.0,64.43523316062176,67.0,14.466815550040542,0.16666666666666666,16.497409326424872,15.0,8.770288592940041,0.140625
2024-01-01 00:20:45.000000,2024-01-01 00:20:51.000000,3,-12.062176165803109,-10.0,7.6305491713443585,0.13541666666666666,797.3377712564421,2960.0,0.0,66.46632124352331,67.0,14.48167503837517,0.19270833333333334,15.336787564766839,14.0,8.417215991239491,0.10416666666666667
2024-01-01 00:20:48.000000,2024-01-01 00:20:54.000000,3,-12.05699481865285,-10.0,8.087533184178065,0.11979166666666667,615.2170879950211,3447.0,0.0,65.42487046632124,67.0,15.625360099477449,0.16145833333333334,17.860103626943005,18.0,8.57297801656687,0.14583333333333334
2024-01-01 00:20:51.000000,2024-01-01 00:20:57.000000,3,-12.393782383419689,-11.0,7.814273978212116,0.125,631.9560273939687,3540.0,0.0,64.43523316062176,67.0,14.524663007871407,0.140625,18.3419689119171,17.0,7.678917991479128,0.09895833333333333
2024-01-01 00:20:54.000000,2024-01-01 00:21:00.000000,3,-10.720207253886011,-11.0,4.943899435009656,0.15104166666666666,438.61057146798044,3585.0000000000005,0.0,62.943005181347154,65.0,14.45762000947994,0.11979166666666667,18.575129533678755,17.0,6.554721827685898,0.09895833333333333
2024-01-01 00:20:57.000000,2024-01-01 00:21:03.000000,3,-12.740932642487047,-11.0,8.971321969233278,0.140625,461.229004047638,3619.9999999999995,0.0,63.994818652849744,62.0,19.014385291505405,0.125,18.756476683937823,18.0,7.044336674822946,0.15104166666666666
2024-01-01 00:21:00.000000,2024-01-01 00:21:06.000000,3,-14.207253886010363,-12.0,9.423958232810024,0.11979166666666667,498.6955797031856,3246.0,0.0,66.38341968911917,64.0,17.57893313964622,0.14583333333333334,16.818652849740932,16.0,6.845258718685074,0.19791666666666666
2024-01-01 00:21:03.000000,2024-01-01 00:21:09.000000,3,-13.17098445595855,-12.0,7.189893627861643,0.14583333333333334,595.3964312670014,3233.0,0.0,65.60621761658031,66.0,14.952367520671423,0.13541666666666666,16.751295336787564,16.0,7.668951938446146,0.15104166666666666
2024-01-01 00:21:06.000000,2024-01-01 00:21:12.000000,3,-13.202072538860104,-13.0,7.489269814132577,0.16145833333333334,574.1389690283303,3447.9999999999995,0.0,65.30051813471502,67.0,17.218656601105817,0.125,17.865284974093264,17.0,8.59641925495194,0.16145833333333334
2024-01-01 00:21:09.000000,2024-01-01 00:21:15.000000,3,-12.67357512953368,-13.0,7.118211397959815,0.15625,778.8888040408623,3296.0,0.0,66.62694300518135,66.0,14.57936968094332,0.171875,17.077720207253886,15.0,8.049273452232088,0.125
2024-01-01 00:21:12.000000,2024-01-01 00:21:18.000000,3,-11.305699481865284,-12.0,6.193479320762963,0.17708333333333334,538.3035118514233,3346.000000000001,0.0,65.29015544041451,65.0,11.563626363006215,0.16666666666666666,17.33678756476684,17.0,7.667948989778457,0.140625
2024-01-01 00:21:15.000000,2024-01-01 00:21:21.000000,3,-11.813471502590673,-12.0,7.085521098696206,0.203125,571.4542779869835,3552.0,0.0,64.5958549222798,65.0,16.91253182491737,0.10416666666666667,18.40414507772021,18.0,8.632688808371128,0.16666666666666666
2024-01-01 00:21:18.000000,2024-01-01 00:21:24.000000,3,-12.398963730569948,-12.0,7.3923805764597486,0.17708333333333334,734.4691411513501,3488.0000000000005,0.0,67.11917098445596,68.0,17.03003765828153,0.15104166666666666,18.072538860103627,17.0,8.985226432397283,0.11979166666666667
2024-01-01 00:21:21.000000,2024-01-01 00:21:27.000000,3,-11.989637305699482,-11.0,6.667700157370677,0.16666666666666666,551.9701327486938,3528.0,0.0,66.62694300518135,67.0,14.027343070836437,0.14583333333333334,18.27979274611399,18.0,8.107638885036469,0.13020833333333334
2024-01-01 00:21:24.000000,2024-01-01 00:21:30.000000,0,-11.958549222797927,-11.0,6.380989177571393,0.18229166666666666,397.40722031548916,3635.0000000000005,0.0,64.75647668393782,65.0,16.09761149534062,0.11979166666666667,18.83419689119171,18.0,7.599579998166469,0.171875
2024-01-01 00:21:27.000000,2024-01-01 00:21:33.000000,0,-13.373056994818652,-13.0,6.5220538912428765,0.14583333333333334,671.4380602512401,3510.0,0.0,64.93782383419689,65.0,15.670974676865848,0.140625,18.186528497409327,17.0,7.4719213887773925,0.15625
2024-01-01 00:21:30.000000,2024-01-01 00:21:36.000000,0,-13.155440414507773,-13.0,6.430451961972281,0.18229166666666666,494.22336569105,3448.0,0.0,64.139896373057,63.0,14.78654068421252,0.15104166666666666,17.865284974093264,17.0,6.974842220932918,0.14583333333333334
2024-01-01 00:21:33.000000,2024-01-01 00:21:39.000000,0,-11.683937823834198,-11.0,6.44516946346492,0.19791666666666666,432.99157448365224,3227.0000000000005,0.0,63.67875647668394,63.0,16.173551406919337,0.11979166666666667,16.72020725388601,16.0,8.48678236770698,0.14583333333333334
2024-01-01 00:21:36.000000,2024-01-01 00:21:42.000000,0,-11.694300518134716,-11.0,5.791050805341955,0.16666666666666666,668.7654347654559,3105.0,0.0,65.63730569948187,66.0,14.903965390781165,0.11458333333333333,16.088082901554404,16.0,8.469154384771338,0.140625
2024-01-01 00:21:39.000000,2024-01-01 00:21:45.000000,0,-15.984455958549223,-13.0,12.671932848794313,0.09895833333333333,917.8735275162222,3723.0000000000005,0.0,58.52849740932643,60.0,18.120846257408314,0.08854166666666667,19.29015544041451,18.0,10.169334851890714,0.11458333333333333
2024-01-01 00:21:42.000000,2024-01-01 00:21:48.000000,0,-28.512953367875646,-25.0,18.41990228221517,0.11979166666666667,1536.2251195343456,6200.0,0.0,34.134715025906736,30.0,23.278711820178298,0.0625,32.12435233160622,31.0,18.591414845528817,0.10416666666666667
2024-01-01 00:21:45.000000,2024-01-01 00:21:51.000000,0,-25.129533678756477,-18.0,17.20310074673301,0.11979166666666667,1584.1004372244158,5908.0,0.0,40.082901554404145,42.0,25.89026055367411,0.036458333333333336,30.61139896373057,23.0,17.99013834633317,0.036458333333333336
2024-01-01 00:21:48.000000,2024-01-01 00:21:54.000000,0,-13.803108808290155,-13.0,5.098262640512039,0.19270833333333334,301.75935601689594,3504.0,0.0,61.15025906735751,60.0,9.428636148459349,0.07291666666666667,18.155440414507773,19.0,4.544534714199734,0.10416666666666667
2024-01-01 00:21:51.000000,2024-01-01 00:21:57.000000,0,-13.518134715025907,-13.0,5.953022047883805,0.1875,354.6511966613513,3690.0000000000005,0.0,59.248704663212436,59.0,19.085070268865405,0.13541666666666666,19.11917098445596,18.0,7.366965633317903,0.10416666666666667
2024-01-01 00:21:54.000000,2024-01-01 00:22:00.000000,0,-13.735751295336788,-13.0,9.814297424565034,0.21875,1011.5817458556662,3970.0,0.0,60.284974093264246,56.0,28.77185097387492,0.11979166666666667,20.569948186528496,17.0,12.987033938437781,0.125
2024-01-01 00:21:57.000000,2024-01-01 00:22:03.000000,0,-14.124352331606218,-14.0,8.922996841040343,0.20833333333333334,1057.1272922974135,3818.0,0.0,60.932642487046635,59.0,24.730224038648075,0.140625,19.78238341968912,20.0,14.301234668367751,0.140625
2024-01-01 00:22:00.000000,2024-01-01 00:22:06.000000,0,-14.621761658031089,-15.0,7.9926361294046115,0.22395833333333334,690.6468975714339,3858.0,0.0,59.78756476683938,58.0,21.762483265769987,0.13541666666666666,19.989637305699482,21.0,13.034805025594657,0.11458333333333333
2024-01-01 00:22:03.000000,2024-01-01 00:22:09.000000,0,-15.310880829015543,-16.0,10.842947772981258,0.23958333333333334,813.5060175024173,3597.0000000000005,0.0,60.44041450777202,58.0,23.954771267827947,0.140625,18.637305699481864,19.0,13.858024788413012,0.10416666666666667
2024-01-01 00:22:06.000000,2024-01-01 00:22:12.000000,0,-14.32642487046632,-13.0,12.297619017762946,0.20833333333333334,906.5932536372691,3862.000000000001,0.0,59.259067357512954,56.0,25.049850988425348,0.15104166666666666,20.010362694300518,20.0,14.705437499621276,0.10416666666666667
2024-01-01 00:22:09.000000,2024-01-01 00:22:15.000000,0,-14.61139896373057,-14.0,11.557342300613072,0.21354166666666666,934.6305289425908,4279.0,0.0,59.92227979274612,58.0,25.352086760438645,0.18229166666666666,22.17098445595855,22.0,13.702447605445002,0.15104166666666666
2024-01-01 00:22:12.000000,2024-01-01 00:22:18.000000,0,-15.207253886010363,-15.0,9.620862163743322,0.1875,742.5170477374946,4174.0,0.0,60.10362694300518,58.0,22.571175324443566,0.15625,21.626943005181346,23.0,12.314274384913752,0.15104166666666666
2024-01-01 00:22:15.000000,2024-01-01 00:22:21.000000,0,-14.041450777202073,-14.0,8.775459506541518,0.22395833333333334,1067.2772965046584,4264.000000000001,0.0,58.575129533678755,57.0,24.41472837390732,0.15625,22.093264248704664,23.0,12.626922552362103,0.171875
2024-01-01 00:22:18.000000,2024-01-01 00:22:24.000000,0,-13.704663212435234,-14.0,9.293861606343103,0.21354166666666666,858.7161131446259,3883.0,0.0,59.865284974093264,58.0,25.90170697091041,0.1875,20.11917098445596,22.0,14.357101006441162,0.14583333333333334
2024-01-01 00:22:21.000000,2024-01-01 00:22:27.000000,0,-28.269430051813472,-21.0,24.6320833337533,0.06770833333333333,1502.579012142191,2493.0,0.0,44.64248704663213,45.0,33.25488150305731,0.13020833333333334,12.917098445595855,14.0,20.206830731309637,0.13020833333333334
2024-01-01 00:22:24.000000,2024-01-01 00:22:30.000000,0,-43.78756476683938,-41.0,22.614096147305677,0.0625,2101.5811376679703,1345.0,-0.16580310880829016,32.66839378238342,29.0,28.092367847171495,0.08333333333333333,6.9689119170984455,9.0,19.71883266906899,0.03125
2024-01-01 00:22:27.000000,2024-01-01 00:22:33.000000,0,-39.751295336787564,-38.0,20.462880796722235,0.09895833333333333,1113.4264570345633,2759.9999999999995,0.0,42.538860103626945,41.0,25.623064820142066,0.140625,14.300518134715025,15.0,15.765628811229567,0.08854166666666667
2024-01-01 00:22:30.000000,2024-01-01 00:22:36.000000,0,-30.072538860103627,-24.0,20.980519791180523,0.08854166666666667,991.2983404765251,3741.0,0.0,54.295336787564764,51.0,28.39198883883489,0.15104166666666666,19.383419689119172,19.0,13.718453763507213,0.15104166666666666
2024-01-01 00:22:33.000000,2024-01-01 00:22:39.000000,0,-21.264248704663213,-17.0,18.77214294119056,0.1875,958.3205094442457,4112.0,0.0,58.51813471502591,58.0,30.678455602739472,0.16666666666666666,21.305699481865286,22.0,14.890391849446123,0.15104166666666666
2024-01-01 00:22:36.000000,2024-01-01 00:22:42.000000,0,-16.735751295336787,-15.0,14.746384323097322,0.16145833333333334,1093.201314486671,4229.000000000001,0.0,60.07772020725388,59.0,30.82290089812241,0.15104166666666666,21.911917098445596,21.0,15.773379240345369,0.16145833333333334
2024-01-01 00:22:39.000000,2024-01-01 00:22:45.000000,0,-15.974093264248705,-15.0,12.22379647840323,0.19270833333333334,1052.0422151800951,3565.0000000000005,0.0,62.751295336787564,64.0,28.87419390795519,0.15104166666666666,18.471502590673577,16.0,17.19709478617329,0.16145833333333334
2024-01-01 00:22:42.000000,2024-01-01 00:22:48.000000,0,-15.103626943005182,-15.0,12.791584037695914,0.21875,844.0458693552401,3993.0,0.0,60.03626943005181,62.0,33.61893889873728,0.19270833333333334,20.689119170984455,20.0,16.27231595095177,0.15104166666666666
2024-01-01 00:22:45.000000,2024-01-01 00:22:51.000000,0,-14.595854922279793,-13.0,13.332775382324176,0.20833333333333334,840.6221301568847,4107.0,0.0,59.818652849740936,57.0,33.543554774736286,0.19270833333333334,21.27979274611399,22.0,14.429225838213059,0.17708333333333334
2024-01-01 00:22:48.000000,2024-01-01 00:22:54.000000,4,-15.487046632124352,-14.0,11.538932652243986,0.19270833333333334,903.8051802608126,3864.0,0.0,61.26424870466321,57.0,27.987303977657863,0.15625,20.020725388601036,20.0,13.452833712186345,0.21354166666666666
2024-01-01 00:22:51.000000,2024-01-01 00:22:57.000000,4,-15.088082901554404,-14.0,12.05791203566182,0.21354166666666666,753.9987019947239,3803.0,0.0,59.38341968911917,58.0,30.18222667390229,0.203125,19.704663212435232,18.0,13.628662696361365,0.19270833333333334
2024-01-01 00:22:54.000000,2024-01-01 00:23:00.000000,4,-14.746113989637307,-13.0,13.070434110660036,0.22395833333333334,829.2338266692643,3809.0000000000005,0.0,59.362694300518136,59.0,30.435776936081922,0.21875,19.735751295336787,18.0,15.725431120888985,0.14583333333333334
2024-01-01 00:22:57.000000,2024-01-01 00:23:03.000000,4,-17.207253886010363,-16.0,12.54568938349269,0.17708333333333334,824.7213138648856,4219.0,0.0,58.854922279792746,59.0,29.105764197133478,0.203125,21.860103626943005,20.0,15.294202128231651,0.15104166666666666
2024-01-01 00:23:00.000000,2024-01-01 00:23:06.000000,4,-17.575129533678755,-16.0,11.615175199066456,0.22395833333333334,931.2228352898679,4292.0,0.0,58.66839378238342,59.0,29.376398654829384,0.18229166666666666,22.238341968911918,21.0,13.934189866533861,0.171875
2024-01-01 00:23:03.000000,2024-01-01 00:23:09.000000,4,-16.40414507772021,-15.0,9.318014777596646,0.21875,973.2950494006315,4076.000000000001,0.0,59.90155440414508,59.0,27.718932452770318,0.17708333333333334,21.11917098445596,21.0,14.081285428154413,0.13541666666666666
2024-01-01 00:23:06.000000,2024-01-01 00:23:12.000000,4,-15.393782383419689,-15.0,11.733603928030655,0.22916666666666666,780.1296801954553,4048.0,0.0,58.26943005181347,56.0,31.465423288020464,0.203125,20.974093264248705,19.0,12.926650133687243,0.171875
2024-01-01 00:23:09.000000,2024-01-01 00:23:15.000000,4,-22.29015544041451,-19.0,19.82629662838085,0.15104166666666666,1035.8077741424554,4771.0,0.0,49.26424870466321,44.0,35.35633513159734,0.13020833333333334,24.72020725388601,23.0,16.39754986647361,0.15625
2024-01-01 00:23:12.000000,2024-01-01 00:23:18.000000,4,-33.59585492227979,-37.0,23.92789479656556,0.13541666666666666,1155.9848470508039,6352.0,0.0,34.64248704663213,24.0,33.64012451100199,0.07291666666666667,32.9119170984456,35.0,22.66990279334603,0.16145833333333334
2024-01-01 00:23:15.000000,2024-01-01 00:23:21.000000,4,-25.626943005181346,-22.0,22.243109876100423,0.08854166666666667,1321.63591038994,5527.0,0.0,45.30569948186528,49.0,30.832795355433678,0.078125,28.637305699481864,26.0,20.829242689936418,0.140625
2024-01-01 00:23:18.000000,2024-01-01 00:23:24.000000,4,-26.145077720207254,-23.0,16.65675817296,0.036458333333333336,865.2418389719772,4945.0,0.0,47.26943005181347,51.0,27.50378663676998,0.078125,25.621761658031087,26.0,12.223054676732707,0.15104166666666666
2024-01-01 00:23:21.000000,2024-01-01 00:23:27.000000,4,-31.04663212435233,-29.0,16.215119666096758,0.07291666666666667,950.7444135210483,4916.0,0.0,40.689119170984455,49.0,27.140006136223814,0.041666666666666664,25.471502590673577,26.0,13.443960319958876,0.17708333333333334
2024-01-01 00:23:24.000000,2024-01-01 00:23:30.000000,4,-18.357512953367877,-17.0,13.430052511031002,0.11979166666666667,458.2280183386199,3967.0000000000005,0.0,56.67875647668394,58.0,21.54091104028787,0.109375,20.55440414507772,20.0,9.534935423132978,0.16666666666666666
2024-01-01 00:23:27.000000,2024-01-01 00:23:33.000000,4,-13.419689119170984,-12.0,7.821912723423199,0.15625,539.2259551333506,3582.0,0.0,62.04145077720207,59.0,14.154222793367465,0.16145833333333334,18.559585492227978,19.0,8.563356029849226,0.16145833333333334
2024-01-01 00:23:30.000000,2024-01-01 00:23:36.000000,4,-13.253886010362693,-12.0,9.465551463479136,0.17708333333333334,685.074913594193,3013.0,0.0,60.766839378238345,60.0,9.76027977634903,0.19270833333333334,15.61139896373057,15.0,9.695857932825767,0.14583333333333334
2024-01-01 00:23:33.000000,2024-01-01 00:23:39.000000,4,-11.129533678756477,-10.0,7.7398325973872755,0.15104166666666666,374.139201995786,3155.0,0.0,60.10362694300518,60.0,3.470056031262846,0.19791666666666666,16.34715025906736,17.0,6.834250801966486,0.109375
2024-01-01 00:23:36.000000,2024-01-01 00:23:42.000000,4,-10.466321243523316,-10.0,2.537254799403964,0.21354166666666666,124.26623692696619,3498.0,0.0,61.81347150259067,61.0,2.79441870641029,0.08854166666666667,18.124352331606218,18.0,2.265014192424091,0.15625
2024-01-01 00:23:39.000000,2024-01-01 00:23:45.000000,4,-10.974093264248705,-11.0,2.463134929060212,0.171875,117.61743112856118,3679.0,0.0,62.233160621761655,62.0,2.954963842859663,0.09375,19.06217616580311,19.0,2.1228590759407395,0.203125
2024-01-01 00:23:42.000000,2024-01-01 00:23:48.000000,4,-13.336787564766839,-12.0,5.819824600150007,0.09375,136.7759993215467,3617.0,0.0,59.89119170984456,60.0,2.7316766694829693,0.16666666666666666,18.740932642487046,19.0,3.3393539109106625,0.13541666666666666
2024-01-01 00:23:45.000000,2024-01-01 00:23:51.000000,4,-14.870466321243523,-14.0,6.266545457340268,0.14583333333333334,170.70485767825153,3689.0,0.0,57.29015544041451,58.0,4.068265969248541,0.16145833333333334,19.1139896373057,19.0,4.420296598727897,0.16145833333333334
2024-01-01 00:23:48.000000,2024-01-01 00:23:54.000000,4,-13.704663212435234,-13.0,3.5045846484081933,0.171875,156.554700091399,3915.0000000000005,0.0,55.347150259067355,54.0,3.7233364102884337,0.0625,20.28497409326425,19.0,3.4273155378809785,0.10416666666666667
2024-01-01 00:23:51.000000,2024-01-01 00:23:57.000000,4,-13.336787564766839,-13.0,6.358683698416769,0.13020833333333334,285.79144670157626,3900.0,0.0,56.41450777202073,55.0,4.941764707907967,0.08333333333333333,20.207253886010363,20.0,4.534422650541945,0.11979166666666667
2024-01-01 00:23:54.000000,2024-01-01 00:24:00.000000,4,-14.854922279792746,-14.0,8.648801044025491,0.10416666666666667,602.4756390126768,3639.9999999999995,0.0,62.13989637305699,59.0,14.039605956218008,0.11458333333333333,18.860103626943005,20.0,8.635326788211636,0.11458333333333333
2024-01-01 00:23:57.000000,2024-01-01 00:24:03.000000,4,-15.279792746113989,-14.0,8.598355944994491,0.11458333333333333,978.6194417903746,3515.0,0.0,67.04663212435233,68.0,16.67373500806496,0.15625,18.212435233160623,19.0,9.538379206810705,0.13541666666666666
2024-01-01 00:24:00.000000,2024-01-01 00:24:06.000000,4,-14.528497409326425,-13.0,9.75322950367186,0.10416666666666667,584.8613579337414,3490.0000000000005,0.0,67.63730569948187,68.0,17.004688599606954,0.17708333333333334,18.082901554404145,18.0,7.796458055027272,0.16145833333333334
2024-01-01 00:24:03.000000,2024-01-01 00:24:09.000000,4,-14.689119170984457,-14.0,9.14448466240349,0.140625,479.5538232206544,3391.0,0.0,66.45077720207254,65.0,16.725694801122938,0.140625,17.569948186528496,17.0,7.402598677815878,0.171875
2024-01-01 00:24:06.000000,2024-01-01 00:24:12.000000,4,-14.398963730569948,-13.0,8.8094054237816,0.125,505.92324621053643,3509.0000000000005,0.0,66.03108808290155,66.0,16.473117853968713,0.13020833333333334,18.181347150259068,18.0,7.0136224776549945,0.18229166666666666
2024-01-01 00:24:09.000000,2024-01-01 00:24:15.000000,4,-13.968911917098445,-12.0,9.001681981574851,0.11979166666666667,339.96769950073343,3615.0,0.0,65.65284974093264,68.0,18.11274599163564,0.11979166666666667,18.730569948186528,18.0,5.8076770480374105,0.19791666666666666
2024-01-01 00:24:12.000000,2024-01-01 00:24:18.000000,4,-15.020725388601036,-14.0,7.3477310480449844,0.15104166666666666,448.7284902064941,3563.0,0.0,64.68911917098445,65.0,16.894795048799278,0.11979166666666667,18.46113989637306,18.0,7.568423489111546,0.171875
2024-01-01 00:24:15.000000,2024-01-01 00:24:21.000000,4,-25.492227979274613,-21.0,17.18742247588106,0.078125,725.714672213084,4238.0,0.0,44.30569948186528,58.0,38.04280509413116,0.052083333333333336,21.958549222797927,23.0,12.061834695336223,0.11979166666666667
2024-01-01 00:24:18.000000,2024-01-01 00:24:24.000000,4,-36.44559585492228,-30.0,18.763561589509493,0.057291666666666664,1453.294382476123,4439.0,0.0,31.932642487046632,42.0,32.87635646380328,0.036458333333333336,23.0,28.0,16.09994824008243,0.07291666666666667
2024-01-01 00:24:21.000000,2024-01-01 00:24:27.000000,4,-38.36787564766839,-40.0,15.742868893072062,0.0625,2006.3135406000458,5450.0,0.0,35.129533678756474,35.0,13.468667663714129,0.10416666666666667,28.238341968911918,31.0,18.048406593656622,0.09375
2024-01-01 00:24:24.000000,2024-01-01 00:24:30.000000,4,-37.310880829015545,-40.0,14.334789258104426,0.078125,1274.4187487287115,7821.000000000001,0.0,25.476683937823836,26.0,10.848901892808911,0.08854166666666667,40.523316062176164,38.0,13.379505681444023,0.109375
2024-01-01 00:24:27.000000,2024-01-01 00:24:33.000000,4,-31.72020725388601,-29.0,13.724387355731237,0.09375,630.5627897279805,9345.0,0.0,21.984455958549223,22.0,12.49686489181796,0.14583333333333334,48.41968911917098,49.0,11.373627477026982,0.16145833333333334
2024-01-01 00:24:30.000000,2024-01-01 00:24:36.000000,4,-36.56476683937824,-36.0,13.762009984939017,0.06770833333333333,842.3024938536854,8731.0,0.0,21.76683937823834,21.0,12.363106189220462,0.11458333333333333,45.23834196891192,44.0,12.449279653991297,0.13020833333333334
2024-01-01 00:24:33.000000,2024-01-01 00:24:39.000000,4,-40.233160621761655,-40.0,10.971199933429094,0.14583333333333334,458.62500543569445,7891.0,0.0,24.683937823834196,24.0,11.366462044663708,0.07291666666666667,40.8860103626943,41.0,9.23407757642267,0.21354166666666666
2024-01-01 00:24:36.000000,2024-01-01 00:24:42.000000,4,-40.8860103626943,-43.0,10.186667202151645,0.08333333333333333,1439.6375196027243,6283.0,0.0,31.94300518134715,35.0,9.566209263435965,0.06770833333333333,32.55440414507772,34.0,13.78247656228671,0.078125
2024-01-01 00:24:39.000000,2024-01-01 00:24:45.000000,4,-47.80829015544042,-49.0,8.21580880064189,0.21354166666666666,613.6625093754087,4034.0,0.0,35.33678756476684,36.0,7.281221855557255,0.21354166666666666,20.901554404145077,19.0,10.91709514116477,0.19270833333333334
2024-01-01 00:24:42.000000,2024-01-01 00:24:48.000000,4,-46.83937823834197,-49.0,9.631226537227695,0.171875,546.8427518615372,3871.0,0.0,37.10880829015544,37.0,6.963713623247131,0.20833333333333334,20.05699481865285,19.0,10.710774622088795,0.171875
2024-01-01 00:24:45.000000,2024-01-01 00:24:51.000000,4,-38.40414507772021,-39.0,11.871814635043915,0.10416666666666667,1265.3444471263545,5245.0,0.0,40.06217616580311,39.0,4.398895390470655,0.17708333333333334,27.17616580310881,28.0,11.94388144500631,0.08333333333333333
2024-01-01 00:24:48.000000,2024-01-01 00:24:54.000000,4,-42.766839378238345,-45.0,13.860635915399936,0.057291666666666664,2531.6561887345933,2599.0,0.0,37.27979274611399,36.0,7.576310114879281,0.109375,13.466321243523316,13.0,23.216152679770858,0.046875
2024-01-01 00:24:51.000000,2024-01-01 00:24:57.000000,4,-52.47150259067357,-52.0,5.945101828505151,0.2604166666666667,1473.6268006799198,2288.0,0.0,32.461139896373055,33.0,7.187937866815631,0.15625,-11.854922279792746,-13.0,13.472954742710908,0.052083333333333336
2024-01-01 00:24:54.000000,2024-01-01 00:25:00.000000,4,-51.259067357512954,-51.0,3.1083277190446004,0.3072916666666667,1462.1176390119983,1291.0000000000002,0.16580310880829016,34.93782383419689,37.0,5.946486132412195,0.078125,-6.689119170984456,-1.0,14.442657295004015,0.026041666666666668
2024-01-01 00:24:57.000000,2024-01-01 00:25:03.000000,4,-50.09844559585492,-51.0,4.602495662273189,0.24479166666666666,565.6879382276729,1176.0,0.0,38.652849740932645,39.0,2.738366427424621,0.2552083333333333,6.0932642487046635,5.0,7.1101164882640235,0.11458333333333333
2024-01-01 00:25:00.000000,2024-01-01 00:25:06.000000,4,-45.73056994818653,-46.0,11.027897776138806,0.17708333333333334,1060.8540864406325,2847.0000000000005,0.0,40.06217616580311,40.0,11.092709196718836,0.14583333333333334,14.751295336787564,17.0,10.683432992295293,0.052083333333333336
2024-01-01 00:25:03.000000,2024-01-01 00:25:09.000000,4,-39.90155440414508,-41.0,14.248744377005417,0.125,1753.6011915587342,3240.0,0.0,41.512953367875646,43.0,12.495877990482397,0.16666666666666666,16.787564766839377,22.0,18.51945628862392,0.07291666666666667
2024-01-01 00:25:06.000000,2024-01-01 00:25:12.000000,4,-39.7979274611399,-43.0,20.82580520289377,0.09375,2565.730780463945,2137.0000000000005,0.16580310880829016,40.41450777202073,40.0,12.203320795108386,0.125,11.072538860103627,15.0,22.816407708228688,0.07291666666666667
2024-01-01 00:25:09.000000,2024-01-01 00:25:15.000000,4,-36.83419689119171,-36.0,20.148497449732258,0.22916666666666666,1677.7897921210617,3629.0,0.0,42.41450777202073,44.0,12.239544725805425,0.15104166666666666,18.803108808290155,25.0,19.031295242791735,0.140625
2024-01-01 00:25:12.000000,2024-01-01 00:25:18.000000,4,-30.212435233160623,-30.0,16.984718952426583,0.21354166666666666,1179.8682557956238,4965.0,0.0,44.984455958549226,47.0,8.929397075074684,0.16145833333333334,25.72538860103627,31.0,21.208838271148743,0.21354166666666666
2024-01-01 00:25:15.000000,2024-01-01 00:25:21.000000,4,-24.23316062176166,-18.0,17.606300330069583,0.09895833333333333,1358.5001947728847,6698.0,0.0,39.67357512953368,48.0,17.6402763632748,0.07291666666666667,34.704663212435236,36.0,24.065466895350106,0.109375
2024-01-01 00:25:18.000000,2024-01-01 00:25:24.000000,4,-31.212435233160623,-28.0,17.374893608103587,0.13020833333333334,1736.485503306157,7014.0,0.0,35.2279792746114,37.0,17.55734190444465,0.13020833333333334,36.3419689119171,36.0,17.424454506617852,0.140625
2024-01-01 00:25:21.000000,2024-01-01 00:25:27.000000,4,-45.25388601036269,-49.0,12.122327795206607,0.16145833333333334,1438.9037636308,3651.0,0.0,36.2020725388601,36.0,9.014201518467628,0.234375,18.917098445595855,19.0,17.882817867172545,0.15104166666666666
2024-01-01 00:25:24.000000,2024-01-01 00:25:30.000000,4,-41.15544041450777,-48.0,15.22596069553248,0.06770833333333333,2165.6527553306964,2855.0000000000005,0.0,40.35233160621762,40.0,6.823687851115745,0.15104166666666666,14.792746113989637,14.0,17.988090655775963,0.03125
2024-01-01 00:25:27.000000,2024-01-01 00:25:33.000000,4,-42.601036269430054,-50.0,16.82821907552567,0.03125,1841.8248981613322,2539.0,0.0,38.89637305699482,38.0,8.403225900020198,0.171875,13.155440414507773,6.0,18.45480639567643,0.0625
2024-01-01 00:25:30.000000,2024-01-01 00:25:36.000000,4,-51.98963730569948,-54.0,9.645265266195004,0.1875,952.4089493685213,1167.0,0.0,34.50777202072539,34.0,7.375437254682246,0.17708333333333334,6.046632124352332,4.0,13.016532018392525,0.14583333333333334
2024-01-01 00:25:33.000000,2024-01-01 00:25:39.000000,4,-39.55440414507772,-42.0,16.660156867708345,0.036458333333333336,2033.7740264092874,4129.0,0.0,37.69430051813472,39.0,10.624991110430091,0.09375,21.39378238341969,28.0,19.68846856597104,0.026041666666666668
2024-01-01 00:25:36.000000,2024-01-01 00:25:42.000000,4,-14.601036269430052,-21.0,17.90429996547997,0.09895833333333333,1091.9905906762788,8669.0,0.0,38.9119170984456,43.0,14.101104897362644,0.07291666666666667,44.917098445595855,44.0,10.734648334736747,0.13541666666666666
2024-01-01 00:25:39.000000,2024-01-01 00:25:45.000000,4,-3.5751295336787563,-4.0,11.74183240547837,0.25,1441.1673423838672,7887.0,0.0,46.0880829015544,52.0,14.43294527552935,0.046875,40.865284974093264,37.0,12.726796166890352,0.078125
2024-01-01 00:25:42.000000,2024-01-01 00:25:48.000000,4,-21.264248704663213,-8.0,21.983128392879483,0.015625,926.8186225226704,5537.000000000001,0.0,45.97409326424871,52.0,11.941016163295725,0.036458333333333336,28.689119170984455,30.0,11.81659918959763,0.13020833333333334
2024-01-01 00:25:45.000000,2024-01-01 00:25:51.000000,4,-42.64766839378238,-46.0,15.502694901945212,0.18229166666666666,1123.1094182207748,4872.0,0.0,35.652849740932645,37.0,10.08705361792265,0.16145833333333334,25.243523316062177,27.0,14.686578766170236,0.16145833333333334
2024-01-01 00:25:48.000000,2024-01-01 00:25:54.000000,4,-48.07253886010363,-51.0,9.72726635330387,0.13541666666666666,866.9349556373525,3689.0,0.0,34.86010362694301,33.0,8.33642321817569,0.125,19.1139896373057,18.0,12.149565370308187,0.15104166666666666
2024-01-01 00:25:51.000000,2024-01-01 00:25:57.000000,4,-43.932642487046635,-41.0,9.37531231488995,0.06770833333333333,1128.340769158789,4324.0,0.0,38.03626943005181,39.0,6.116382591888997,0.109375,22.40414507772021,26.0,10.790253289991666,0.09375
2024-01-01 00:25:54.000000,2024-01-01 00:26:00.000000,4,-25.38860103626943,-36.0,19.092408903022335,0.026041666666666668,1541.4612467974391,7830.0,0.0,35.30569948186528,40.0,16.600853976930978,0.08333333333333333,40.5699481865285,35.0,15.187595284248742,0.0625
2024-01-01 00:25:57.000000,2024-01-01 00:26:03.000000,4,-5.813471502590674,0.0,15.273766482875216,0.08854166666666667,1111.8322438122268,8511.0,0.0,40.2279792746114,50.0,18.76304669866372,0.08333333333333333,44.09844559585492,38.0,12.585360529384031,0.07291666666666667
2024-01-01 00:26:00.000000,2024-01-01 00:26:06.000000,4,-11.139896373056995,0.0,21.245247360430337,0.015625,1165.8789233851226,6004.0,0.0,47.03626943005181,51.0,9.190899630088598,0.036458333333333336,31.10880829015544,37.0,15.945662129868765,0.03125
2024-01-01 00:26:03.000000,2024-01-01 00:26:09.000000,4,-35.27461139896373,-45.0,21.886359621426568,0.06770833333333333,1078.6094396660853,4569.000000000001,0.0,39.26424870466321,38.0,9.83709055587528,0.140625,23.673575129533678,27.0,16.466575241157802,0.11979166666666667
2024-01-01 00:26:06.000000,2024-01-01 00:26:12.000000,4,-45.63212435233161,-47.0,10.401041822070322,0.1875,1314.9092905369994,3385.0,0.0,37.13989637305699,37.0,7.605926553629448,0.15104166666666666,17.53886010362694,22.0,14.790192159351252,0.11458333333333333
2024-01-01 00:26:09.000000,2024-01-01 00:26:15.000000,4,-40.56476683937824,-38.0,9.376233367343978,0.078125,1363.812269192357,3909.0,0.0,41.20725388601036,43.0,6.7622226701295896,0.078125,20.253886010362695,27.0,14.370571706596742,0.078125
2024-01-01 00:26:12.000000,2024-01-01 00:26:18.000000,4,-38.07253886010363,-39.0,1.8832934029117185,0.18229166666666666,36.63227624105497,5346.0,0.0,42.90155440414508,43.0,1.397783836856349,0.24479166666666666,27.699481865284973,28.0,1.2131440475632562,0.4322916666666667
2024-01-01 00:26:15.000000,2024-01-01 00:26:21.000000,4,-39.84974093264249,-40.0,5.648857963048921,0.22395833333333334,136.01295667261581,5345.999999999999,0.0,41.37823834196891,42.0,5.965782901715183,0.22395833333333334,27.699481865284973,27.0,4.118410107489479,0.3229166666666667
2024-01-01 00:26:18.000000,2024-01-01 00:26:24.000000,4,-45.7720207253886,-42.0,9.55411367332949,0.11979166666666667,1855.8136183899926,3099.0,0.0,37.626943005181346,39.0,6.934642766113459,0.11979166666666667,16.05699481865285,26.0,16.8573013757199,0.026041666666666668
2024-01-01 00:26:21.000000,2024-01-01 00:26:27.000000,4,-52.10880829015544,-54.0,6.791046121666209,0.24479166666666666,1236.5824096440065,369.99999999999994,0.16580310880829016,34.119170984455955,34.0,3.2709732459652385,0.1875,-1.9170984455958548,-5.0,13.705738148811943,0.078125
2024-01-01 00:26:24.000000,2024-01-01 00:26:30.000000,4,-51.44559585492228,-52.0,4.592611115329645,0.10416666666666667,1372.1276446628508,279.0,-0.16580310880829016,35.52849740932643,35.0,3.806582336509834,0.078125,1.4455958549222798,-4.0,12.643690528875753,0.026041666666666668
2024-01-01 00:26:27.000000,2024-01-01 00:26:33.000000,4,-48.92746113989637,-50.0,5.123975739090117,0.19270833333333334,535.7010146735923,2639.0,0.0,37.424870466321245,37.0,3.239695701503765,0.22395833333333334,13.67357512953368,15.0,8.797619005885172,0.11979166666666667
2024-01-01 00:26:30.000000,2024-01-01 00:26:36.000000,4,-43.01036269430052,-47.0,10.876671153831994,0.052083333333333336,1380.7229565024645,3618.0000000000005,0.0,39.637305699481864,39.0,5.540857427895925,0.0625,18.746113989637305,19.0,13.908285822047663,0.06770833333333333
2024-01-01 00:26:33.000000,2024-01-01 00:26:39.000000,4,-44.38860103626943,-50.0,19.400904043889476,0.046875,2429.0111895649843,1133.0,0.16580310880829016,36.652849740932645,37.0,13.102508692009302,0.109375,5.870466321243524,-1.0,28.047742190217598,0.026041666666666668
2024-01-01 00:26:36.000000,2024-01-01 00:26:42.000000,4,-49.92227979274612,-51.0,18.59377054577174,0.22395833333333334,1499.964148655906,285.99999999999994,0.16580310880829016,34.54922279792746,36.0,13.540406810000613,0.16145833333333334,1.4818652849740932,0.0,24.766007715601987,0.06770833333333333
2024-01-01 00:26:39.000000,2024-01-01 00:26:45.000000,4,-47.10880829015544,-47.0,10.885941580463497,0.3177083333333333,574.0415465394208,3087.0,0.0,38.72020725388601,39.0,8.834971700963285,0.19791666666666666,15.994818652849741,16.0,12.223396882501623,0.203125
2024-01-01 00:26:42.000000,2024-01-01 00:26:48.000000,4,-31.854922279792746,-43.0,21.902950931304588,0.06770833333333333,1422.6366685508297,5704.0,0.0,39.43523316062176,40.0,10.143614682427621,0.19791666666666666,29.55440414507772,26.0,15.708224815575106,0.09895833333333333
2024-01-01 00:26:45.000000,2024-01-01 00:26:51.000000,4,-25.968911917098445,-25.0,24.677905674862473,0.036458333333333336,2157.1349239221745,5860.0,0.0,39.06217616580311,44.0,11.382381736246465,0.11458333333333333,30.362694300518136,42.0,20.96457967707126,0.078125
2024-01-01 00:26:48.000000,2024-01-01 00:26:54.000000,4,-40.69430051813472,-48.0,18.91331152292968,0.06770833333333333,1366.7120247809107,3896.0,0.0,37.803108808290155,38.0,8.750154205401605,0.15625,20.186528497409327,19.0,16.208164894276873,0.14583333333333334
2024-01-01 00:26:51.000000,2024-01-01 00:26:57.000000,4,-45.40414507772021,-47.0,10.010535253530461,0.16145833333333334,447.4561966070519,4315.0,0.0,36.20725388601036,37.0,7.676299375811316,0.16145833333333334,22.357512953367877,21.0,8.016367243482767,0.13541666666666666
2024-01-01 00:26:54.000000,2024-01-01 00:27:00.000000,4,-22.88082901554404,-24.0,25.051640318400057,0.036458333333333336,1506.3998176002801,7041.000000000001,0.0,37.880829015544045,37.0,11.937829198636592,0.14583333333333334,36.48186528497409,34.0,15.606186428334244,0.13020833333333334
2024-01-01 00:26:57.000000,2024-01-01 00:27:03.000000,4,-7.476683937823834,-1.0,18.85528013439364,0.0625,864.5632984912935,7913.0,0.0,43.2020725388601,47.0,13.861502288071476,0.078125,41.0,39.0,13.183006738474598,0.09375
2024-01-01 00:27:00.000000,2024-01-01 00:27:06.000000,4,-25.99481865284974,-33.0,24.2936671723411,0.057291666666666664,704.5079172021645,5913.0,0.0,43.06217616580311,46.0,18.07611999267645,0.078125,30.637305699481864,34.0,15.892970701002884,0.11458333333333333
2024-01-01 00:27:03.000000,2024-01-01 00:27:09.000000,4,-31.45077720207254,-38.0,23.32891874720395,0.078125,834.2785727349815,6147.0,0.0,38.69948186528497,38.0,17.318789463473994,0.07291666666666667,31.849740932642487,34.0,16.225725858032803,0.16145833333333334
2024-01-01 00:27:06.000000,2024-01-01 00:27:12.000000,4,-11.575129533678757,-1.0,20.41154195314525,0.015625,433.257159780329,7016.0,0.0,45.03626943005181,50.0,10.440492613395328,0.026041666666666668,36.35233160621762,36.0,7.000015420659064,0.15625
2024-01-01 00:27:09.000000,2024-01-01 00:27:15.000000,4,2.8134715025906734,1.0,19.452838933518223,0.020833333333333332,473.0892645880695,6535.0,0.0,48.53367875647668,52.0,10.180156117848345,0.08854166666666667,33.86010362694301,36.0,10.529527628176815,0.08854166666666667
2024-01-01 00:27:12.000000,2024-01-01 00:27:18.000000,4,-19.678756476683937,-25.0,38.30416119839022,0.06770833333333333,2064.9980619658863,3542.0,0.0,42.72538860103627,44.0,15.892288092397026,0.1875,18.352331606217618,28.0,28.79164026627864,0.11458333333333333
2024-01-01 00:27:15.000000,2024-01-01 00:27:21.000000,4,-36.46632124352332,-37.0,24.545454336470634,0.13020833333333334,2312.2712965003616,4550.0,0.0,37.54922279792746,38.0,14.678105574186938,0.19791666666666666,23.575129533678755,32.0,31.250930037973934,0.07291666666666667
2024-01-01 00:27:18.000000,2024-01-01 00:27:24.000000,4,-13.487046632124352,-9.0,18.505378950087874,0.08333333333333333,744.3704866567433,8402.000000000002,0.0,39.90155440414508,44.0,11.184329051009009,0.08854166666666667,43.53367875647668,42.0,11.24028077572347,0.14583333333333334
2024-01-01 00:27:21.000000,2024-01-01 00:27:27.000000,4,-25.917098445595855,-25.0,28.54972576991122,0.010416666666666666,2547.9660270203663,4943.0,0.0,38.0,43.0,11.752216103073213,0.078125,25.61139896373057,37.0,23.559748393963673,0.03125
2024-01-01 00:27:24.000000,2024-01-01 00:27:30.000000,4,-50.20725388601036,-53.0,14.351921663680251,0.18229166666666666,1333.6222729703031,2748.0,0.0,32.24352331606217,32.0,11.175576608013962,0.203125,14.238341968911918,14.0,17.679884442588467,0.140625
2024-01-01 00:27:27.000000,2024-01-01 00:27:33.000000,4,-50.538860103626945,-53.0,13.33111151069315,0.17708333333333334,1482.9440102485512,2081.0,0.0,33.66321243523316,33.0,9.466802964914361,0.2708333333333333,10.782383419689118,11.0,16.479605467760944,0.11458333333333333
2024-01-01 00:27:30.000000,2024-01-01 00:27:36.000000,4,-43.38341968911917,-49.0,12.338039700920296,0.052083333333333336,2020.624047639293,2798.0,0.0,39.1139896373057,37.0,7.0243224124508075,0.0625,14.49740932642487,15.0,16.72545600783789,0.06770833333333333
2024-01-01 00:27:33.000000,2024-01-01 00:27:39.000000,4,-42.5440414507772,-49.0,11.442309018067096,0.046875,1342.999997310424,3670.0,0.0,39.96373056994819,38.0,5.930476597797973,0.057291666666666664,19.015544041450777,16.0,11.735574781734623,0.026041666666666668
2024-01-01 00:27:36.000000,2024-01-01 00:27:42.000000,4,-52.15025906735751,-53.0,5.379669719109271,0.1875,713.1319785665135,1743.0000000000002,0.0,34.54922279792746,35.0,4.923256027634985,0.16666666666666666,9.031088082901555,7.0,8.966318187012028,0.08333333333333333
2024-01-01 00:27:39.000000,2024-01-01 00:27:45.000000,0,-41.38341968911917,-46.0,14.695809164344055,0.052083333333333336,1203.9126396789406,2689.0,0.0,41.83937823834197,38.0,10.926368317579216,0.041666666666666664,13.932642487046632,14.0,11.494592105350833,0.0625
2024-01-01 00:27:42.000000,2024-01-01 00:27:48.000000,0,-41.12435233160622,-44.0,14.546444214717306,0.046875,1435.0810885004087,1797.0000000000002,0.0,42.77720207253886,43.0,11.243845466779991,0.08333333333333333,9.310880829015543,14.0,14.118794202796945,0.052083333333333336
2024-01-01 00:27:45.000000,2024-01-01 00:27:51.000000,0,-51.58031088082902,-51.0,6.388060633153827,0.18229166666666666,1290.043029759559,1781.0,0.0,34.40414507772021,34.0,7.214163111235383,0.203125,9.2279792746114,16.0,13.532747494487891,0.078125
2024-01-01 00:27:48.000000,2024-01-01 00:27:54.000000,0,-50.49740932642487,-50.0,4.803562428391475,0.3802083333333333,205.769553348508,3736.0,0.0,33.63212435233161,34.0,3.7213354660823876,0.3125,19.357512953367877,20.0,5.695544496860421,0.2760416666666667
2024-01-01 00:27:51.000000,2024-01-01 00:27:57.000000,0,-48.72020725388601,-50.0,4.8136585140779795,0.16145833333333334,574.2817909213524,4273.0,0.0,33.89637305699482,34.0,5.439979061856485,0.21354166666666666,22.139896373056995,20.0,7.986062989517355,0.078125
2024-01-01 00:27:54.000000,2024-01-01 00:28:00.000000,0,-37.248704663212436,-44.0,20.138849036150592,0.08333333333333333,1924.2622715294024,5512.000000000001,0.0,15.694300518134716,33.0,32.80283299904728,0.026041666666666668,28.559585492227978,24.0,19.622951693377367,0.03125
2024-01-01 00:27:57.000000,2024-01-01 00:28:03.000000,0,-30.45077720207254,-29.0,20.63242068316216,0.09375,1553.5351778864779,5319.0,0.0,15.720207253886011,29.0,39.41280534238616,0.026041666666666668,27.559585492227978,23.0,19.92819986419467,0.078125
2024-01-01 00:28:00.000000,2024-01-01 00:28:06.000000,0,-35.36787564766839,-30.0,15.672906696518972,0.07291666666666667,592.4455135753242,3740.0000000000005,0.0,39.362694300518136,50.0,25.18066092003151,0.03125,19.378238341968913,22.0,10.472033341097804,0.14583333333333334
2024-01-01 00:28:03.000000,2024-01-01 00:28:09.000000,0,-45.13989637305699,-51.0,14.865231876402227,0.06770833333333333,1271.244931007165,2519.0000000000005,0.0,37.932642487046635,34.0,12.272115316238692,0.08854166666666667,13.05181347150259,15.0,12.063953251250576,0.08854166666666667
2024-01-01 00:28:06.000000,2024-01-01 00:28:12.000000,0,-49.689119170984455,-51.0,9.811596866681077,0.22916666666666666,1507.2707340694026,3570.0,0.0,31.911917098445596,33.0,8.97899823624133,0.16666666666666666,18.497409326424872,22.0,16.253885545825266,0.11458333333333333
2024-01-01 00:28:09.000000,2024-01-01 00:28:15.000000,0,-50.523316062176164,-52.0,10.235290532261043,0.19270833333333334,1841.4771037442717,2676.0,0.0,31.932642487046632,31.0,7.958264949203883,0.19791666666666666,13.865284974093264,15.0,18.331794074964634,0.08333333333333333
2024-01-01 00:28:12.000000,2024-01-01 00:28:18.000000,0,-53.45077720207254,-55.0,9.364099880944826,0.3072916666666667,1768.0378303943273,359.00000000000006,0.16580310880829016,29.932642487046632,31.0,6.518453114177251,0.21354166666666666,1.8601036269430051,-5.0,17.633009822655694,0.0625
2024-01-01 00:28:15.000000,2024-01-01 00:28:21.000000,0,-47.89637305699482,-51.0,13.862405594271998,0.11979166666666667,2504.2251304755573,2456.0,0.16580310880829016,29.77720207253886,32.0,13.009896010889653,0.125,12.72538860103627,10.0,25.678951902516282,0.078125
2024-01-01 00:28:18.000000,2024-01-01 00:28:24.000000,0,-39.64766839378238,-39.0,12.677498408182291,0.19791666666666666,1244.9164146744176,3803.0,0.0,39.96373056994819,46.0,15.619289975658178,0.057291666666666664,19.704663212435232,17.0,18.093818840270444,0.046875
2024-01-01 00:28:21.000000,2024-01-01 00:28:27.000000,0,-39.63212435233161,-38.0,10.610745543290344,0.171875,399.8151099723292,2912.0,0.0,45.73056994818653,48.0,8.662656214712694,0.06770833333333333,15.088082901554404,17.0,6.453964620791228,0.13020833333333334
2024-01-01 00:28:24.000000,2024-01-01 00:28:30.000000,0,-42.55958549222798,-42.0,13.418264287677273,0.11979166666666667,1328.627846106493,4143.0,0.0,38.512953367875646,36.0,10.306303091782677,0.140625,21.466321243523318,19.0,14.620553292668685,0.09375
2024-01-01 00:28:27.000000,2024-01-01 00:28:33.000000,0,-42.73056994818653,-41.0,13.034407518601194,0.125,1445.7904980579801,4015.0,0.0,37.92227979274612,36.0,9.611146468665515,0.14583333333333334,20.803108808290155,22.0,16.04461847323397,0.125
2024-01-01 00:28:30.000000,2024-01-01 00:28:36.000000,0,-39.16580310880829,-35.0,10.75113712506101,0.09895833333333333,724.5304397939858,2786.0000000000005,0.0,45.58031088082902,48.0,8.915402513974513,0.09895833333333333,14.435233160621761,16.0,9.562143352419891,0.171875
2024-01-01 00:28:33.000000,2024-01-01 00:28:39.000000,0,-34.41450777202073,-35.0,5.393301873156313,0.19270833333333334,258.4863237203218,3210.0,0.0,50.32124352331606,50.0,3.799727855903529,0.2760416666666667,16.632124352331605,17.0,5.029538181363105,0.2708333333333333
2024-01-01 00:28:36.000000,2024-01-01 00:28:42.000000,0,-33.943005181347154,-34.0,4.973038273716378,0.22916666666666666,238.9513576188031,3412.0,0.0,50.22279792746114,50.0,3.2703049114971448,0.3177083333333333,17.678756476683937,18.0,4.340988571619285,0.18229166666666666
2024-01-01 00:28:39.000000,2024-01-01 00:28:45.000000,0,-27.813471502590673,-32.0,13.984977984969056,0.10416666666666667,2108.616723312651,6748.0,0.0,39.21761658031088,49.0,17.810469197629907,0.052083333333333336,34.96373056994819,23.0,19.392162575218276,0.036458333333333336
2024-01-01 00:28:42.000000,2024-01-01 00:28:48.000000,0,-13.77720207253886,-6.0,15.842884129712505,0.08854166666666667,789.215566710519,8932.0,0.0,37.52849740932643,45.0,16.637697729893237,0.052083333333333336,46.27979274611399,43.0,11.660316246003882,0.09375
2024-01-01 00:28:45.000000,2024-01-01 00:28:51.000000,0,-17.196891191709845,-5.0,20.693008850454156,0.005208333333333333,1410.6620443183492,6376.000000000001,0.0,43.880829015544045,47.0,9.762347701372196,0.07291666666666667,33.03626943005181,40.0,16.60772067474531,0.036458333333333336
2024-01-01 00:28:48.000000,2024-01-01 00:28:54.000000,0,-37.24352331606217,-43.0,18.60913115977177,0.078125,965.0682776212894,4813.0,0.0,39.07772020725388,40.0,9.581295307810683,0.171875,24.93782383419689,26.0,15.19821362275747,0.13541666666666666
2024-01-01 00:28:51.000000,2024-01-01 00:28:57.000000,0,-36.803108808290155,-40.0,13.521302277701439,0.09895833333333333,1532.0266779809397,7214.0,0.0,30.922279792746114,35.0,12.924829584001293,0.125,37.37823834196891,31.0,16.70787436002549,0.057291666666666664
2024-01-01 00:28:54.000000,2024-01-01 00:29:00.000000,0,-16.559585492227978,-11.0,16.164770845698836,0.09895833333333333,521.8890837101065,8924.0,0.0,34.968911917098445,41.0,15.35072838111415,0.10416666666666667,46.23834196891192,43.0,10.923749992712285,0.08333333333333333
2024-01-01 00:28:57.000000,2024-01-01 00:29:03.000000,0,-20.10880829015544,-5.0,29.094558038000823,0.036458333333333336,2478.5274939080277,5329.0,0.0,42.233160621761655,46.0,15.003907090463963,0.08333333333333333,27.61139896373057,42.0,31.00485974359837,0.0625
2024-01-01 00:29:00.000000,2024-01-01 00:29:06.000000,0,-39.295336787564764,-43.0,25.132167904059894,0.234375,1465.840813574929,2778.0,0.0,41.0880829015544,44.0,15.861953725600504,0.14583333333333334,14.393782383419689,17.0,27.343691432209678,0.15625
2024-01-01 00:29:03.000000,2024-01-01 00:29:09.000000,0,-39.04663212435233,-41.0,24.268955253969438,0.296875,1032.429444557795,3217.0,0.0,38.50259067357513,43.0,21.170715906729615,0.10416666666666667,16.66839378238342,18.0,23.562060915678146,0.18229166666666666
2024-01-01 00:29:06.000000,2024-01-01 00:29:12.000000,0,-45.25388601036269,-52.0,25.909554180670593,0.11979166666666667,1437.5305751550254,1517.0,0.0,31.99481865284974,32.0,20.671663729539297,0.11979166666666667,7.860103626943006,9.0,26.223719264675992,0.109375
2024-01-01 00:29:09.000000,2024-01-01 00:29:15.000000,0,-45.55440414507772,-47.0,13.575345060929985,0.08854166666666667,1735.0701052370018,2783.0,0.0,35.50259067357513,36.0,9.425764973559845,0.15104166666666666,14.419689119170984,14.0,19.64383453706319,0.046875
2024-01-01 00:29:12.000000,2024-01-01 00:29:18.000000,0,-37.03626943005181,-37.0,7.8583640797791166,0.3125,377.9126208495694,5851.0,0.0,40.880829015544045,41.0,4.357858722180772,0.265625,30.316062176165804,31.0,7.9561690579981565,0.25
2024-01-01 00:29:15.000000,2024-01-01 00:29:21.000000,0,-39.979274611398964,-38.0,10.280421597438055,0.171875,1094.1568417395222,4727.0,0.0,40.5699481865285,41.0,6.322622123623609,0.24479166666666666,24.492227979274613,30.0,14.078322273306862,0.09895833333333333
2024-01-01 00:29:18.000000,2024-01-01 00:29:24.000000,0,-47.295336787564764,-51.0,13.083499030885884,0.13541666666666666,1736.0946191819894,1868.0,0.0,37.626943005181346,36.0,8.867996032190307,0.14583333333333334,9.678756476683938,3.0,16.28011358822769,0.10416666666666667
2024-01-01 00:29:21.000000,2024-01-01 00:29:27.000000,0,-42.652849740932645,-41.0,14.461468367960169,0.046875,2505.607941646562,3921.0,0.0,34.81347150259067,34.0,11.419848623051115,0.15625,20.316062176165804,22.0,22.733936660408105,0.046875
2024-01-01 00:29:24.000000,2024-01-01 00:29:30.000000,0,-32.16580310880829,-35.0,14.06915477733229,0.14583333333333334,1205.3748788034593,6967.0,0.0,36.78238341968912,39.0,16.877138769344867,0.0625,36.09844559585492,33.0,15.741255762737296,0.11979166666666667
2024-01-01 00:29:27.000000,2024-01-01 00:29:33.000000,0,-23.699481865284973,-19.0,16.753819519146624,0.041666666666666664,952.4454613722943,5076.0,0.0,48.80829015544042,51.0,19.453725373700824,0.07291666666666667,26.300518134715027,27.0,14.738443556907157,0.125
2024-01-01 00:29:30.000000,2024-01-01 00:29:36.000000,0,-21.11917098445596,-19.0,15.318877764895852,0.078125,863.6810701121365,3875.0,0.0,49.23834196891192,57.0,27.941068589144574,0.052083333333333336,20.077720207253886,19.0,13.989548590840057,0.09375
2024-01-01 00:29:33.000000,2024-01-01 00:29:39.000000,0,-19.88082901554404,-14.0,14.004139839436313,0.057291666666666664,719.1611781394183,4194.0,0.0,49.0,58.0,26.837861936699305,0.015625,21.730569948186528,22.0,12.911959418602358,0.11458333333333333
2024-01-01 00:29:36.000000,2024-01-01 00:29:42.000000,0,-13.974093264248705,-13.0,6.830107393891386,0.08333333333333333,180.54665308571037,4108.0,0.0,59.031088082901555,59.0,5.223052603354621,0.109375,21.28497409326425,20.0,4.047457036568396,0.09895833333333333
2024-01-01 00:29:39.000000,2024-01-01 00:29:45.000000,0,-22.756476683937823,-13.0,20.619008524213495,0.015625,886.6522712031248,2960.0,0.0,52.24352331606217,58.0,13.421755195263732,0.078125,15.336787564766839,19.0,13.514095420825543,0.046875
2024-01-01 00:29:42.000000,2024-01-01 00:29:48.000000,0,-28.305699481865286,-26.0,23.808586044325516,0.046875,3166.628615417782,4852.0,0.0,32.9119170984456,28.0,19.30585816083877,0.057291666666666664,25.139896373056995,26.0,29.483683941108943,0.057291666666666664
2024-01-01 00:29:45.000000,2024-01-01 00:29:51.000000,0,-24.21761658031088,-20.0,17.705469391491906,0.13020833333333334,2878.6829237826805,6355.0,0.0,33.40414507772021,26.0,21.636735337434256,0.057291666666666664,32.92746113989637,35.0,26.867439290737224,0.03125
2024-01-01 00:29:48.000000,2024-01-01 00:29:54.000000,0,-28.497409326424872,-23.0,17.572505854415137,0.078125,1329.9060730296878,4869.0,0.0,41.56476683937824,52.0,28.196062115578506,0.020833333333333332,25.2279792746114,24.0,15.82455385625668,0.13541666666666666
2024-01-01 00:29:51.000000,2024-01-01 00:29:57.000000,0,-30.502590673575128,-28.0,17.498846495415656,0.08333333333333333,1303.9302494579115,4397.0,0.0,42.27979274611399,49.0,32.06754680810735,0.03125,22.78238341968912,23.0,14.216858409639022,0.109375
2024-01-01 00:29:54.000000,2024-01-01 00:30:00.000000,0,-22.036269430051814,-21.0,11.342385963442437,0.11979166666666667,862.9041082440359,3905.0000000000005,0.0,54.284974093264246,58.0,24.13345344391336,0.13020833333333334,20.23316062176166,20.0,13.54823708012502,0.13541666666666666
2024-01-01 00:29:57.000000,2024-01-01 00:30:03.000000,0,-16.33160621761658,-15.0,7.32105169545067,0.11979166666666667,593.796222703211,3529.0,0.0,62.41450777202073,60.0,16.40548043881449,0.140625,18.28497409326425,19.0,8.518768013208653,0.14583333333333334
2024-01-01 00:30:00.000000,2024-01-01 00:30:06.000000,0,-16.39896373056995,-13.0,8.342374197666153,0.08854166666666667,441.0034925052876,3988.0,0.0,62.487046632124354,60.0,17.39824847754381,0.09895833333333333,20.66321243523316,21.0,6.954880184195214,0.16145833333333334
2024-01-01 00:30:03.000000,2024-01-01 00:30:09.000000,0,-15.341968911917098,-13.0,6.716518060215065,0.036458333333333336,325.05117991906354,4054.0,0.0,59.854922279792746,59.0,11.04817524145065,0.15625,21.00518134715026,21.0,5.730489916271005,0.14583333333333334
2024-01-01 00:30:06.000000,2024-01-01 00:30:12.000000,0,-19.82901554404145,-13.0,12.059608356547024,0.015625,672.6903693139633,4569.0,0.0,53.1139896373057,59.0,11.310368636228974,0.03125,23.673575129533678,21.0,8.115839461984917,0.046875
2024-01-01 00:30:09.000000,2024-01-01 00:30:15.000000,0,-34.43523316062176,-41.0,12.479032500915052,0.06770833333333333,430.00867915410475,5677.0,0.0,41.461139896373055,37.0,11.384830584768007,0.015625,29.414507772020727,31.0,7.569414668805293,0.06770833333333333
2024-01-01 00:30:12.000000,2024-01-01 00:30:18.000000,0,-41.92746113989637,-42.0,1.6816789353056654,0.25,69.3847013802928,6126.0,0.0,35.74611398963731,36.0,1.381725192566164,0.0625,31.740932642487046,32.0,1.5529652954850608,0.22395833333333334
2024-01-01 00:30:15.000000,2024-01-01 00:30:21.000000,0,-42.005181347150256,-42.0,1.4982538771795628,0.14583333333333334,63.26480440577344,6106.000000000001,0.0,35.90673575129534,36.0,0.9251161062360065,0.026041666666666668,31.637305699481864,31.0,0.9752440906098483,0.20833333333333334
2024-01-01 00:30:18.000000,2024-01-01 00:30:24.000000,0,-35.310880829015545,-42.0,11.680946725655389,0.06770833333333333,769.5858491256411,5739.0,0.0,41.39378238341969,36.0,15.234293916683386,0.015625,29.735751295336787,31.0,9.802083992931834,0.03125
2024-01-01 00:30:21.000000,2024-01-01 00:30:27.000000,0,-23.23316062176166,-20.0,12.816515178183495,0.08854166666666667,1045.3880224467168,4614.0,0.0,52.310880829015545,54.0,17.15483215912063,0.06770833333333333,23.906735751295336,25.0,13.22291280858158,0.07291666666666667
2024-01-01 00:30:24.000000,2024-01-01 00:30:30.000000,0,-18.803108808290155,-18.0,9.238314165382528,0.13541666666666666,486.0215697719962,3824.0,0.0,57.523316062176164,57.0,7.975922451131239,0.140625,19.813471502590673,20.0,8.4961035720344,0.15625
2024-01-01 00:30:27.000000,2024-01-01 00:30:33.000000,0,-18.3419689119171,-18.0,6.4393929465332285,0.10416666666666667,113.05820401632583,3968.0,0.0,57.233160621761655,57.0,2.114567247911798,0.18229166666666666,20.559585492227978,21.0,3.5805935021010673,0.17708333333333334
2024-01-01 00:30:30.000000,2024-01-01 00:30:36.000000,0,-17.16580310880829,-17.0,1.913077664009476,0.203125,129.54870307961227,3880.0,0.0,55.38860103626943,57.0,2.395585047583837,0.026041666666666668,20.10362694300518,20.0,1.4824098151670562,0.109375
2024-01-01 00:30:33.000000,2024-01-01 00:30:39.000000,0,-17.300518134715027,-17.0,1.404178934515885,0.22916666666666666,102.7593091724341,3816.0000000000005,0.0,54.69430051813472,55.0,2.38153020067319,0.07291666666666667,19.7720207253886,20.0,1.2204185414171986,0.17708333333333334
2024-01-01 00:30:36.000000,2024-01-01 00:30:42.000000,0,-18.264248704663213,-18.0,1.7131892105535709,0.18229166666666666,58.59332948324704,3940.0,0.0,56.409326424870464,57.0,1.9184727167116151,0.140625,20.414507772020727,20.0,1.3670973246229983,0.22916666666666666
2024-01-01 00:30:39.000000,2024-01-01 00:30:45.000000,0,-19.031088082901555,-19.0,2.4128707309087223,0.1875,117.5686522613178,3947.0,0.0,58.259067357512954,57.0,2.50732949748951,0.06770833333333333,20.45077720207254,21.0,1.9388871155839749,0.23958333333333334
2024-01-01 00:30:42.000000,2024-01-01 00:30:48.000000,0,-19.16062176165803,-19.0,2.031036175141229,0.16666666666666666,111.24035599544919,3933.0,0.0,59.9119170984456,60.0,2.573404229114595,0.041666666666666664,20.378238341968913,20.0,1.7873814078321106,0.19791666666666666
2024-01-01 00:30:45.000000,2024-01-01 00:30:51.000000,0,-19.6580310880829,-19.0,5.186837333082835,0.11979166666666667,438.9606378120048,3364.999999999999,0.0,59.84455958549223,59.0,5.85561375393162,0.06770833333333333,17.435233160621763,20.0,6.1624874976663975,0.041666666666666664
2024-01-01 00:30:48.000000,2024-01-01 00:30:54.000000,0,-17.99481865284974,-18.0,7.060377564064852,0.140625,450.6595793799251,3346.0000000000005,0.0,60.46632124352332,58.0,12.465375188247048,0.125,17.33678756476684,18.0,7.201384707807554,0.13020833333333334
2024-01-01 00:30:51.000000,2024-01-01 00:30:57.000000,0,-17.575129533678755,-15.0,8.572959129632078,0.13541666666666666,503.49423174513856,3656.0,0.0,61.409326424870464,60.0,15.173418233809421,0.15625,18.94300518134715,19.0,6.382908924504147,0.203125
2024-01-01 00:30:54.000000,2024-01-01 00:31:00.000000,0,-17.751295336787564,-16.0,10.291598053794353,0.08333333333333333,557.621667818308,3490.0,0.0,63.35751295336787,62.0,15.125229269305315,0.13541666666666666,18.082901554404145,17.0,7.074997635132678,0.16666666666666666
2024-01-01 00:30:57.000000,2024-01-01 00:31:03.000000,0,-16.512953367875646,-14.0,9.705082865163448,0.08333333333333333,605.1758394342856,3719.0,0.0,63.41450777202073,61.0,14.05844189191408,0.11979166666666667,19.269430051813472,19.0,7.179248755566319,0.14583333333333334
2024-01-01 00:31:00.000000,2024-01-01 00:31:06.000000,0,-15.341968911917098,-13.0,8.210584521611633,0.06770833333333333,728.5745330079232,3686.0,0.0,63.61658031088083,62.0,13.357197447873764,0.13020833333333334,19.098445595854923,18.0,8.008826359372318,0.13020833333333334
2024-01-01 00:31:03.000000,2024-01-01 00:31:09.000000,0,-13.72538860103627,-12.0,6.883118538260432,0.11458333333333333,974.4120733718181,3499.0000000000005,0.0,65.20725388601036,63.0,13.002345510474173,0.14583333333333334,18.129533678756477,18.0,8.736823906255172,0.15104166666666666
2024-01-01 00:31:06.000000,2024-01-01 00:31:12.000000,0,-13.450777202072539,-12.0,6.5167182369894485,0.125,1035.7308281812018,3516.0,0.0,66.13471502590673,65.0,15.249743407903898,0.140625,18.21761658031088,17.0,9.21357131480823,0.13541666666666666
2024-01-01 00:31:09.000000,2024-01-01 00:31:15.000000,0,-13.533678756476684,-12.0,6.928214915625701,0.10416666666666667,1093.7453376108883,3527.0,0.0,68.05181347150258,69.0,17.557862950304983,0.16145833333333334,18.27461139896373,17.0,9.333085635437564,0.11979166666666667
2024-01-01 00:31:12.000000,2024-01-01 00:31:18.000000,0,-13.808290155440414,-12.0,7.189368139739728,0.08854166666666667,1049.5668306525401,3630.0,0.0,67.83419689119171,69.0,15.7189996336238,0.13541666666666666,18.808290155440414,18.0,9.402987871701809,0.125
2024-01-01 00:31:15.000000,2024-01-01 00:31:21.000000,0,-13.880829015544041,-12.0,7.107163004731237,0.109375,960.6341549444339,3678.0,0.0,66.97409326424871,67.0,13.348858890510323,0.15104166666666666,19.05699481865285,18.0,9.258547024516396,0.125
2024-01-01 00:31:18.000000,2024-01-01 00:31:24.000000,0,-13.585492227979275,-12.0,7.85640641525488,0.13541666666666666,1035.7246832337319,3599.0000000000005,0.0,66.66839378238342,68.0,14.653067298719217,0.15625,18.647668393782382,17.0,9.402471265016692,0.14583333333333334
2024-01-01 00:31:21.000000,2024-01-01 00:31:27.000000,0,-14.264248704663212,-13.0,9.825965632165145,0.13541666666666666,1015.7298070678573,3376.0,0.0,69.03108808290155,71.0,17.888225508158783,0.15625,17.492227979274613,17.0,10.11193558941222,0.15625
2024-01-01 00:31:24.000000,2024-01-01 00:31:30.000000,0,-14.176165803108809,-12.0,9.32235506577421,0.10416666666666667,856.1807723187922,3434.0,0.0,69.38341968911917,70.0,16.679520086865576,0.16666666666666666,17.792746113989637,17.0,9.22511005031455,0.171875
2024-01-01 00:31:27.000000,2024-01-01 00:31:33.000000,0,-13.124352331606218,-12.0,6.2119741326905045,0.11458333333333333,1019.8480399245087,3707.0,0.0,67.17098445595855,68.0,13.943217719736202,0.15625,19.207253886010363,17.0,9.018993223955093,0.17708333333333334
2024-01-01 00:31:30.000000,2024-01-01 00:31:36.000000,0,-13.196891191709845,-12.0,5.009635577395568,0.16145833333333334,1125.13625836074,3828.0,0.0,65.32642487046633,63.0,15.424621016609931,0.13541666666666666,19.83419689119171,19.0,9.996534373564934,0.15625
2024-01-01 00:31:33.000000,2024-01-01 00:31:39.000000,0,-13.202072538860104,-13.0,4.861155111240953,0.17708333333333334,1032.5417810145766,3840.0,0.0,64.90155440414507,62.0,13.720257516579036,0.14583333333333334,19.89637305699482,19.0,9.53336450892882,0.14583333333333334
2024-01-01 00:31:36.000000,2024-01-01 00:31:42.000000,0,-13.119170984455959,-12.0,5.042661265887989,0.171875,1057.8513794515632,3667.9999999999995,0.0,66.42487046632124,65.0,11.609344436200605,0.17708333333333334,19.00518134715026,18.0,9.398302932647837,0.14583333333333334
2024-01-01 00:31:39.000000,2024-01-01 00:31:45.000000,0,-15.041450777202073,-14.0,6.020653858534241,0.13020833333333334,894.7739184428999,3529.9999999999995,0.0,64.48704663212435,63.0,12.784719398029658,0.16145833333333334,18.29015544041451,18.0,8.552458009048967,0.140625
2024-01-01 00:31:42.000000,2024-01-01 00:31:48.000000,0,-16.70984455958549,-14.0,9.664623875930838,0.09895833333333333,623.1862988600669,3494.0,0.0,62.5699481865285,60.0,12.221758623515191,0.16145833333333334,18.10362694300518,18.0,6.9183961672319905,0.15625
2024-01-01 00:31:45.000000,2024-01-01 00:31:51.000000,0,-16.39896373056995,-12.0,10.255658954314898,0.08333333333333333,554.4605732752696,3392.0,0.0,62.56476683937824,60.0,11.746329305740352,0.18229166666666666,17.575129533678755,18.0,6.5060711317718685,0.13541666666666666
2024-01-01 00:31:48.000000,2024-01-01 00:31:54.000000,0,-15.953367875647668,-14.0,7.579639775026978,0.11979166666666667,426.191923269572,3271.0000000000005,0.0,62.15544041450777,59.0,12.541459741004362,0.17708333333333334,16.94818652849741,16.0,7.0553916533168115,0.16666666666666666
2024-01-01 00:31:51.000000,2024-01-01 00:31:57.000000,0,-14.715025906735752,-14.0,6.864509581623457,0.15104166666666666,545.608484329034,3638.0,0.0,62.77720207253886,60.0,14.939360011308915,0.15104166666666666,18.849740932642487,18.0,8.54785623923924,0.11979166666666667
2024-01-01 00:31:54.000000,2024-01-01 00:32:00.000000,0,-13.38341968911917,-12.0,8.591913271296757,0.11979166666666667,582.5552265342686,4002.0,0.0,61.25388601036269,58.0,14.60032811872523,0.11979166666666667,20.735751295336787,22.0,8.038813175535129,0.13020833333333334
2024-01-01 00:31:57.000000,2024-01-01 00:32:03.000000,0,-21.83937823834197,-14.0,19.63919612946006,0.06770833333333333,860.2211679139034,4737.000000000001,0.0,43.44559585492228,52.0,36.119714056499895,0.09375,24.5440414507772,23.0,14.696207640009476,0.15625
2024-01-01 00:32:00.000000,2024-01-01 00:32:06.000000,0,-26.202072538860104,-22.0,19.06992603592221,0.17708333333333334,1118.6486541639845,4302.0,0.0,44.575129533678755,53.0,39.846656633963775,0.11458333333333333,22.29015544041451,23.0,20.22345885343419,0.125
2024-01-01 00:32:03.000000,2024-01-01 00:32:09.000000,0,-19.22279792746114,-18.0,14.295872745219004,0.19791666666666666,1341.577034508612,3696.0,0.0,60.35751295336787,62.0,34.47601306873688,0.16666666666666666,19.150259067357513,18.0,19.497681818275243,0.125
2024-01-01 00:32:06.000000,2024-01-01 00:32:12.000000,0,-15.0,-12.0,16.092182367017013,0.16666666666666666,1289.0649104758027,4217.0,0.0,62.5699481865285,61.0,36.17242458722023,0.15625,21.849740932642487,20.0,17.6385353592648,0.16666666666666666
2024-01-01 00:32:09.000000,2024-01-01 00:32:15.000000,0,-13.569948186528498,-13.0,15.208499833474749,0.18229166666666666,1361.8850773880952,3784.0,0.0,63.69430051813472,61.0,32.24458641017722,0.140625,19.60621761658031,19.0,16.138410531190168,0.140625
2024-01-01 00:32:12.000000,2024-01-01 00:32:18.000000,0,-22.481865284974095,-18.0,27.809638104488,0.16666666666666666,1048.013539607238,4724.000000000001,0.0,50.8860103626943,51.0,38.1043996412583,0.13541666666666666,24.476683937823836,24.0,18.19428497119703,0.17708333333333334
2024-01-01 00:32:15.000000,2024-01-01 00:32:21.000000,0,-21.575129533678755,-17.0,28.44065098126873,0.11458333333333333,985.042331421523,4688.0,0.0,52.512953367875646,53.0,37.820313766806436,0.13020833333333334,24.29015544041451,25.0,19.30670103003649,0.16145833333333334
2024-01-01 00:32:18.000000,2024-01-01 00:32:24.000000,0,-10.005181347150259,-11.0,13.63875353592904,0.19791666666666666,1013.5112650557545,3593.0,0.0,65.4041450777202,61.0,35.304956914417026,0.125,18.616580310880828,19.0,18.62704504194959,0.109375
2024-01-01 00:32:21.000000,2024-01-01 00:32:27.000000,0,-11.626943005181348,-10.0,12.6493453174572,0.19270833333333334,911.3514322004476,3534.9999999999995,0.0,63.50259067357513,61.0,30.294066448785877,0.16145833333333334,18.316062176165804,16.0,15.609111956784966,0.15104166666666666
2024-01-01 00:32:24.000000,2024-01-01 00:32:30.000000,0,-14.901554404145077,-14.0,9.121611680759974,0.14583333333333334,729.1561409925089,3280.0000000000005,0.0,63.06217616580311,63.0,16.58269270423145,0.16145833333333334,16.99481865284974,16.0,10.030421128438077,0.14583333333333334
2024-01-01 00:32:27.000000,2024-01-01 00:32:33.000000,0,-14.321243523316062,-14.0,6.6716451078872465,0.13541666666666666,664.1031213524068,3887.0,0.0,61.90673575129534,59.0,12.928151059220236,0.13541666666666666,20.139896373056995,20.0,9.321017580672482,0.11979166666666667
2024-01-01 00:32:30.000000,2024-01-01 00:32:36.000000,0,-10.953367875647668,-12.0,6.959922589548274,0.125,438.00388270053134,4793.0,0.0,57.72538860103627,57.0,9.540059616082651,0.203125,24.83419689119171,25.0,7.833120886032497,0.15104166666666666
2024-01-01 00:32:33.000000,2024-01-01 00:32:39.000000,0,-11.626943005181348,-11.0,7.701846334501637,0.15104166666666666,431.717710807492,4399.0,0.0,59.15544041450777,57.0,10.593172129658168,0.16145833333333334,22.792746113989637,23.0,7.528318013147505,0.14583333333333334
2024-01-01 00:32:36.000000,2024-01-01 00:32:42.000000,0,-21.93782383419689,-19.0,15.496177937036732,0.13541666666666666,442.7411061510003,3519.0,0.0,56.10880829015544,56.0,15.762348833848682,0.15104166666666666,18.23316062176166,17.0,11.441997697631649,0.16145833333333334
2024-01-01 00:32:39.000000,2024-01-01 00:32:45.000000,0,-41.26943005181347,-45.0,20.95133120737122,0.078125,1109.403541254508,3092.0,0.0,32.33160621761658,29.0,25.06603541170392,0.036458333333333336,16.020725388601036,16.0,19.969236378850443,0.125
2024-01-01 00:32:42.000000,2024-01-01 00:32:48.000000,0,-53.10880829015544,-55.0,15.600266261400717,0.203125,1666.2690667278891,2342.0,0.0,18.984455958549223,18.0,22.897979506010696,0.08333333333333333,12.134715025906736,13.0,21.87327343297237,0.078125
2024-01-01 00:32:45.000000,2024-01-01 00:32:51.000000,0,-34.984455958549226,-35.0,22.52394019980413,0.046875,1147.6958116501496,2974.0,0.0,44.4559585492228,54.0,29.41565233564618,0.026041666666666668,15.409326424870466,19.0,15.220371356554793,0.10416666666666667
2024-01-01 00:32:48.000000,2024-01-01 00:32:54.000000,0,-15.49740932642487,-12.0,10.505020799763043,0.08333333333333333,436.9327889812134,3787.0000000000005,0.0,66.46632124352331,67.0,10.978205465850587,0.14583333333333334,19.621761658031087,19.0,6.498152221752267,0.14583333333333334
2024-01-01 00:32:51.000000,2024-01-01 00:32:57.000000,0,-12.94818652849741,-12.0,6.642461997007778,0.11458333333333333,613.4567378252641,3404.0,0.0,67.17098445595855,68.0,10.882745688166148,0.16666666666666666,17.637305699481864,16.0,6.324807061848033,0.125
2024-01-01 00:32:54.000000,2024-01-01 00:33:00.000000,0,-13.22279792746114,-12.0,6.230561308113606,0.11979166666666667,692.5070021300196,3422.9999999999995,0.0,67.37305699481865,68.0,10.862094808412557,0.15104166666666666,17.735751295336787,16.0,6.527794467083847,0.10416666666666667
2024-01-01 00:32:57.000000,2024-01-01 00:33:03.000000,0,-13.72538860103627,-13.0,6.995700165940818,0.11979166666666667,647.331046692651,3388.0,0.0,68.78756476683938,70.0,10.915463552208195,0.15104166666666666,17.55440414507772,16.0,6.733652564295945,0.09895833333333333
2024-01-01 00:33:00.000000,2024-01-01 00:33:06.000000,0,-13.55440414507772,-13.0,7.051033743831423,0.15625,763.836714331401,3379.9999999999995,0.0,68.01554404145078,68.0,11.981094779875184,0.17708333333333334,17.512953367875646,16.0,7.361292917666649,0.109375
2024-01-01 00:33:03.000000,2024-01-01 00:33:09.000000,0,-12.968911917098445,-12.0,5.940597206011868,0.16666666666666666,740.9960232047407,3476.0,0.0,66.30569948186529,67.0,13.261976452627701,0.1875,18.010362694300518,16.0,7.283678698885678,0.10416666666666667
2024-01-01 00:33:06.000000,2024-01-01 00:33:12.000000,0,-12.694300518134716,-12.0,5.395292957450822,0.140625,633.8631105834911,3491.0,0.0,65.34196891191709,65.0,13.607486843151035,0.14583333333333334,18.088082901554404,16.0,6.619692288399177,0.08854166666666667
2024-01-01 00:33:09.000000,2024-01-01 00:33:15.000000,0,-12.305699481865284,-12.0,5.041992274559577,0.140625,528.5365966079462,3442.0000000000005,0.0,63.538860103626945,63.0,12.187758234277625,0.16145833333333334,17.83419689119171,16.0,6.149480965783365,0.11979166666666667
2024-01-01 00:33:12.000000,2024-01-01 00:33:18.000000,0,-12.492227979274611,-12.0,5.317149113740817,0.11979166666666667,450.42668647003063,3318.0000000000005,0.0,63.33678756476684,62.0,11.19409926597541,0.16145833333333334,17.191709844559586,16.0,5.748145867614297,0.11979166666666667
2024-01-01 00:33:15.000000,2024-01-01 00:33:21.000000,0,-13.1139896373057,-13.0,5.5544146424916265,0.11979166666666667,479.9758515921339,3372.0,0.0,64.78756476683938,64.0,10.813352604978048,0.19270833333333334,17.471502590673577,16.0,6.001776327440792,0.11458333333333333
2024-01-01 00:33:18.000000,2024-01-01 00:33:24.000000,0,-13.181347150259068,-14.0,5.52958560162821,0.11979166666666667,499.582511852819,3430.0,0.0,65.02590673575129,64.0,11.256680994506766,0.17708333333333334,17.7720207253886,16.0,6.14239405684528,0.125
2024-01-01 00:33:21.000000,2024-01-01 00:33:27.000000,0,-12.7720207253886,-13.0,6.2857183161169585,0.125,436.467072817854,3493.0,0.0,64.9119170984456,64.0,11.96468383729486,0.234375,18.098445595854923,17.0,6.118248631858917,0.11979166666666667
2024-01-01 00:33:24.000000,2024-01-01 00:33:30.000000,0,-12.901554404145077,-13.0,7.42922492511232,0.11979166666666667,431.39145212212605,3454.0,0.0,65.32124352331606,65.0,13.985498982121777,0.18229166666666666,17.89637305699482,18.0,6.455749803606881,0.140625
2024-01-01 00:33:27.000000,2024-01-01 00:33:33.000000,0,-13.647668393782384,-15.0,6.424254760110151,0.140625,637.4092974448206,3568.0,0.0,63.2279792746114,61.0,13.135505500344028,0.14583333333333334,18.487046632124354,19.0,6.842810101585151,0.109375
2024-01-01 00:33:30.000000,2024-01-01 00:33:36.000000,0,-21.72020725388601,-17.0,13.574426628412539,0.06770833333333333,397.6642890222843,3562.0,0.0,56.196891191709845,56.0,11.633849260597605,0.16145833333333334,18.4559585492228,17.0,8.525658469092354,0.125
2024-01-01 00:33:33.000000,2024-01-01 00:33:39.000000,0,-27.39378238341969,-24.0,16.34333333421398,0.07291666666666667,499.745466648739,3341.0,0.0,53.72538860103627,55.0,13.624129482101882,0.15625,17.310880829015545,16.0,9.115962176731502,0.16145833333333334
2024-01-01 00:33:36.000000,2024-01-01 00:33:42.000000,0,-19.730569948186528,-16.0,14.381337305490774,0.10416666666666667,467.5839915890829,3485.0000000000005,0.0,59.78238341968912,60.0,14.568241018498316,0.140625,18.05699481865285,17.0,7.786999401043258,0.125
2024-01-01 00:33:39.000000,2024-01-01 00:33:45.000000,0,-13.512953367875648,-12.0,7.039404573756393,0.078125,414.7628379652241,3409.0,0.0,65.03626943005182,65.0,13.960648958544011,0.15104166666666666,17.66321243523316,17.0,6.303565793251024,0.140625
2024-01-01 00:33:42.000000,2024-01-01 00:33:48.000000,0,-13.994818652849741,-11.0,9.793969982280778,0.09895833333333333,431.055287463774,3241.0,0.0,67.81865284974093,69.0,14.546737329234137,0.140625,16.792746113989637,16.0,7.040696374678754,0.16145833333333334
2024-01-01 00:33:45.000000,2024-01-01 00:33:51.000000,0,-14.637305699481866,-12.0,11.383607411665954,0.07291666666666667,545.4534269996841,3297.0,0.0,69.52849740932642,70.0,13.515055891534274,0.16145833333333334,17.082901554404145,16.0,7.315321241781956,0.19270833333333334
2024-01-01 00:33:48.000000,2024-01-01 00:33:54.000000,0,-14.2279792746114,-11.0,9.633375390600897,0.0625,396.55268611989754,3391.0,0.0,67.80310880829016,68.0,11.950531311130366,0.171875,17.569948186528496,16.0,6.41746709001831,0.1875
2024-01-01 00:33:51.000000,2024-01-01 00:33:57.000000,0,-13.590673575129534,-11.0,7.982618883012866,0.06770833333333333,546.2411152556525,3420.0,0.0,65.96373056994818,65.0,10.252729848371894,0.21354166666666666,17.72020725388601,17.0,6.327392166089341,0.16145833333333334
2024-01-01 00:33:54.000000,2024-01-01 00:34:00.000000,0,-12.932642487046632,-11.0,7.912978642820105,0.08854166666666667,564.5304165822732,3411.0000000000005,0.0,66.5440414507772,65.0,12.933700256755847,0.16145833333333334,17.673575129533678,17.0,6.760961482859644,0.140625
2024-01-01 00:33:57.000000,2024-01-01 00:34:03.000000,0,-13.279792746113989,-12.0,7.757688119331823,0.08333333333333333,528.4421991904278,3463.0,0.0,65.93264248704664,66.0,15.280727982278652,0.11979166666666667,17.94300518134715,18.0,8.341778967253608,0.09895833333333333
2024-01-01 00:34:00.000000,2024-01-01 00:34:06.000000,0,-16.487046632124354,-15.0,9.778328934589094,0.09895833333333333,609.0007860140608,3732.0,0.0,60.538860103626945,59.0,12.64621949215926,0.109375,19.33678756476684,21.0,9.383914874747704,0.11979166666666667
2024-01-01 00:34:03.000000,2024-01-01 00:34:09.000000,0,-19.704663212435232,-21.0,9.596593851875696,0.08333333333333333,555.3391033339066,3399.0,0.0,57.40414507772021,58.0,7.208385121660474,0.16145833333333334,17.61139896373057,16.0,7.937862499032118,0.052083333333333336
2024-01-01 00:34:06.000000,2024-01-01 00:34:12.000000,0,-22.414507772020727,-25.0,6.284421619766722,0.041666666666666664,239.781955696431,2705.0,0.0,57.523316062176164,57.0,3.816183383057746,0.21875,14.015544041450777,13.0,3.853403100855877,0.03125
2024-01-01 00:34:09.000000,2024-01-01 00:34:15.000000,0,-20.202072538860104,-20.0,5.035870896102354,0.005208333333333333,211.9079713944901,2804.0000000000005,0.0,58.22279792746114,58.0,1.651103938025207,0.11979166666666667,14.528497409326425,14.0,1.8201609135720223,0.046875
2024-01-01 00:34:12.000000,2024-01-01 00:34:18.000000,0,-15.66839378238342,-16.0,1.5824183793994366,0.125,77.45872754654464,3080.0000000000005,0.0,59.32642487046632,59.0,1.9072712198439166,0.2552083333333333,15.958549222797927,16.0,1.2699827627241953,0.09895833333333333
2024-01-01 00:34:15.000000,2024-01-01 00:34:21.000000,0,-15.66839378238342,-16.0,1.0123641937536474,0.15625,82.22616799765953,2972.0,0.0,59.487046632124354,59.0,1.7914984658163784,0.3072916666666667,15.398963730569948,15.0,1.1508144596557182,0.109375
2024-01-01 00:34:18.000000,2024-01-01 00:34:24.000000,0,-15.82901554404145,-16.0,0.8458154132544472,0.1875,78.94358740501578,2811.9999999999995,0.0,59.6839378238342,60.0,0.6443674516769582,0.28125,14.569948186528498,15.0,0.8394743502939089,0.13541666666666666
2024-01-01 00:34:21.000000,2024-01-01 00:34:27.000000,0,-13.544041450777202,-15.0,3.570623521404381,0.036458333333333336,362.54560320809014,3230.0000000000005,0.0,59.59585492227979,60.0,1.5249260295206133,0.15104166666666666,16.735751295336787,15.0,3.175035528067441,0.026041666666666668
2024-01-01 00:34:24.000000,2024-01-01 00:34:30.000000,0,-11.585492227979275,-12.0,2.9710752983262982,0.109375,122.55205457438213,3837.0,0.0,59.16062176165803,59.0,1.9764508455138226,0.109375,19.88082901554404,20.0,2.2847536648736817,0.09375
2024-01-01 00:34:27.000000,2024-01-01 00:34:33.000000,0,-12.414507772020725,-13.0,1.7272922243571558,0.11458333333333333,101.67143895842655,3952.0000000000005,0.0,58.76165803108808,59.0,1.430756409484689,0.16666666666666666,20.476683937823836,20.0,1.4757502994949432,0.203125
2024-01-01 00:34:30.000000,2024-01-01 00:34:36.000000,0,-13.347150259067357,-13.0,4.983170077789802,0.140625,164.17059605638326,4050.0,0.0,58.38860103626943,59.0,2.315993894682638,0.21875,20.984455958549223,21.0,3.667817078911151,0.17708333333333334
2024-01-01 00:34:33.000000,2024-01-01 00:34:39.000000,0,-29.269430051813472,-23.0,19.193096311633354,0.057291666666666664,1207.0875679272588,2965.000000000001,0.0,48.49740932642487,55.0,14.572063866755036,0.057291666666666664,15.362694300518134,20.0,14.324478502535541,0.06770833333333333
2024-01-01 00:34:36.000000,2024-01-01 00:34:42.000000,0,-38.86010362694301,-37.0,13.46392223954591,0.13020833333333334,1345.2040816849058,2992.0,0.0,43.79274611398964,47.0,11.997332569106675,0.10416666666666667,15.50259067357513,18.0,15.07969259202988,0.11979166666666667
2024-01-01 00:34:39.000000,2024-01-01 00:34:45.000000,0,-27.569948186528496,-29.0,16.653844916959404,0.22395833333333334,2124.7266296389707,7089.0,0.0,33.78238341968912,46.0,23.963824744248505,0.026041666666666668,36.73056994818653,31.0,20.46134435207766,0.026041666666666668
2024-01-01 00:34:42.000000,2024-01-01 00:34:48.000000,0,-19.76683937823834,-19.0,15.37593285991481,0.3020833333333333,672.2729974049613,10689.0,0.0,16.40414507772021,13.0,20.199071333327254,0.3177083333333333,55.38341968911917,57.0,14.935560707970938,0.40625
2024-01-01 00:34:45.000000,2024-01-01 00:34:51.000000,0,-16.502590673575128,-16.0,8.565388413266554,0.4947916666666667,495.42134338546214,11571.0,0.0,14.196891191709845,15.0,10.988753278616613,0.4114583333333333,59.95336787564767,60.0,10.262335136434798,0.5364583333333334
2024-01-01 00:34:48.000000,2024-01-01 00:34:54.000000,0,-15.606217616580311,-16.0,8.589623263366272,0.484375,409.4564189334206,11496.0,0.0,16.150259067357513,16.0,10.311967786025836,0.5104166666666666,59.56476683937824,60.0,9.521204518979104,0.5989583333333334
2024-01-01 00:34:51.000000,2024-01-01 00:34:57.000000,0,-11.44559585492228,-12.0,11.268891258237554,0.3854166666666667,383.13105179575405,11478.0,0.0,16.139896373056995,16.0,8.737259414286545,0.484375,59.47150259067357,60.0,9.562321148721967,0.5885416666666666
2024-01-01 00:34:54.000000,2024-01-01 00:35:00.000000,0,-11.139896373056995,-12.0,11.344332009387138,0.484375,318.98845471363137,11572.0,0.0,14.202072538860104,14.0,9.31763537682947,0.4895833333333333,59.95854922279793,60.0,9.57037213927878,0.6302083333333334
2024-01-01 00:34:57.000000,2024-01-01 00:35:03.000000,0,-16.29015544041451,-17.0,6.8737693199010135,0.484375,304.53599787403573,11525.999999999998,0.0,14.398963730569948,15.0,8.72564461346855,0.5,59.72020725388601,60.0,7.1286142849426755,0.6770833333333334
2024-01-01 00:35:00.000000,2024-01-01 00:35:06.000000,0,-15.922279792746114,-16.0,5.62446025044255,0.4010416666666667,197.01254093768415,11448.0,0.0,16.10880829015544,16.0,7.945358651015338,0.4791666666666667,59.3160621761658,59.0,6.119351224826096,0.640625
2024-01-01 00:35:03.000000,2024-01-01 00:35:09.000000,0,-11.352331606217616,-11.0,7.604837225266426,0.22916666666666666,143.62139587303008,11357.0,0.0,18.40414507772021,19.0,6.631080811515027,0.453125,58.84455958549223,59.0,4.837643617358196,0.5416666666666666
2024-01-01 00:35:06.000000,2024-01-01 00:35:12.000000,0,-13.2279792746114,-14.0,8.562870707278506,0.10416666666666667,145.87132643524203,11398.0,0.0,17.077720207253886,18.0,6.060388032857988,0.22916666666666666,59.056994818652846,59.0,4.503686601572243,0.3958333333333333
2024-01-01 00:35:09.000000,2024-01-01 00:35:15.000000,0,-17.253886010362695,-18.0,6.037452374506872,0.2864583333333333,222.06068702803947,11372.0,0.0,15.585492227979275,16.0,6.333130223540703,0.296875,58.92227979274612,59.0,4.995745167187269,0.390625
2024-01-01 00:35:12.000000,2024-01-01 00:35:18.000000,0,-9.38341968911917,-11.0,11.030645508226256,0.15104166666666666,205.88352796832808,11372.999999999998,0.0,19.33678756476684,19.0,7.987982121694515,0.2604166666666667,58.92746113989637,59.0,5.7422885137185595,0.3645833333333333
2024-01-01 00:35:15.000000,2024-01-01 00:35:21.000000,0,-7.658031088082901,-7.0,13.645326972503389,0.13020833333333334,188.80278732535285,11520.0,0.0,16.321243523316063,15.0,10.749535576584808,0.15104166666666666,59.689119170984455,60.0,6.914412465346032,0.3645833333333333
2024-01-01 00:35:18.000000,2024-01-01 00:35:24.000000,0,-17.466321243523318,-18.0,15.362635795454025,0.24479166666666666,1187.477799921334,10286.0,0.0,16.59585492227979,13.0,19.944255214526716,0.11979166666666667,53.295336787564764,59.0,18.810757920877574,0.11979166666666667
2024-01-01 00:35:21.000000,2024-01-01 00:35:27.000000,0,-15.637305699481866,-17.0,14.719355772913527,0.20833333333333334,2495.366453528702,7065.0,0.0,38.17616580310881,35.0,28.053706896576657,0.046875,36.60621761658031,31.0,24.351171316247385,0.052083333333333336
2024-01-01 00:35:24.000000,2024-01-01 00:35:30.000000,0,-14.61658031088083,-16.0,11.331102785172849,0.19791666666666666,1727.3452666021344,7186.0,0.0,45.398963730569946,40.0,18.333183682070956,0.06770833333333333,37.233160621761655,43.0,18.56639377960282,0.046875
2024-01-01 00:35:27.000000,2024-01-01 00:35:33.000000,5,-25.150259067357513,-23.0,10.296298507394194,0.11458333333333333,328.0844537029083,9494.0,0.0,29.367875647668395,32.0,11.49068482080693,0.11979166666666667,49.19170984455958,48.0,6.931925964841087,0.22395833333333334
2024-01-01 00:35:30.000000,2024-01-01 00:35:36.000000,5,-35.52849740932643,-40.0,9.08813708915614,0.057291666666666664,626.0619832266117,8892.0,0.0,23.409326424870468,25.0,7.069838816981633,0.08333333333333333,46.07253886010363,44.0,7.374288262251763,0.09375
2024-01-01 00:35:33.000000,2024-01-01 00:35:39.000000,5,-41.92746113989637,-42.0,1.4049474633537413,0.046875,199.0482408775304,7799.0,0.0,25.699481865284973,26.0,1.1649614357586409,0.03125,40.409326424870464,40.0,2.1147586697856324,0.026041666666666668
2024-01-01 00:35:36.000000,2024-01-01 00:35:42.000000,5,-42.44559585492228,-42.0,0.6441999094350003,0.2760416666666667,59.144024645155966,7447.0,0.0,27.569948186528496,27.0,1.3793599426792307,0.057291666666666664,38.58549222797927,39.0,0.856468579881769,0.057291666666666664
2024-01-01 00:35:39.000000,2024-01-01 00:35:45.000000,5,-42.04663212435233,-42.0,0.588873885058862,0.08854166666666667,25.198101316908428,7324.999999999999,0.0,29.23316062176166,29.0,1.0269995030547054,0.15104166666666666,37.95336787564767,38.0,0.588873885058862,0.16145833333333334
2024-01-01 00:35:42.000000,2024-01-01 00:35:48.000000,5,-41.83937823834197,-42.0,0.520520199478974,0.19791666666666666,43.36377766016507,7224.0,0.0,30.269430051813472,30.0,0.8164635290694366,0.15104166666666666,37.4300518134715,37.0,0.6586986044224242,0.20833333333333334
2024-01-01 00:35:45.000000,2024-01-01 00:35:51.000000,5,-41.740932642487046,-42.0,0.5638716245574017,0.21354166666666666,22.94651901379789,7136.0,0.0,31.0,31.0,0.6208193510729725,0.09114583333333333,36.97409326424871,37.0,0.5537300895651339,0.125
2024-01-01 00:35:48.000000,2024-01-01 00:35:54.000000,5,-39.51813471502591,-41.0,6.084554612781778,0.005208333333333333,364.6414770405827,7474.0,0.0,30.735751295336787,32.0,4.656717435185129,0.03125,38.72538860103627,37.0,5.264091008434193,0.036458333333333336
2024-01-01 00:35:51.000000,2024-01-01 00:35:57.000000,5,-32.90673575129534,-31.0,8.302334399232778,0.078125,653.0517619263534,8610.0,0.0,29.83937823834197,31.0,5.1619706777611185,0.11979166666666667,44.61139896373057,47.0,6.9476670703342815,0.078125
2024-01-01 00:35:54.000000,2024-01-01 00:36:00.000000,5,-31.78238341968912,-30.0,11.252050762996811,0.1875,1037.3757673658083,8441.0,0.0,13.487046632124352,27.0,27.099567341312955,0.010416666666666666,43.73575129533679,49.0,14.374370152154745,0.052083333333333336
2024-01-01 00:35:57.000000,2024-01-01 00:36:03.000000,5,-35.424870466321245,-36.0,9.967959248094624,0.11979166666666667,1019.1585366901497,8348.0,0.0,10.005181347150259,22.0,25.0783142976919,0.010416666666666666,43.25388601036269,48.0,13.9531507018226,0.020833333333333332
2024-01-01 00:36:00.000000,2024-01-01 00:36:06.000000,5,-36.39378238341969,-36.0,0.8356401577411844,0.078125,35.981372563606385,9143.0,0.0,22.191709844559586,22.0,0.6287667151161832,0.171875,47.373056994818654,47.0,0.5358982741867521,0.2552083333333333
2024-01-01 00:36:03.000000,2024-01-01 00:36:09.000000,5,-34.27461139896373,-37.0,9.024978530634353,0.06770833333333333,332.6038049191962,9388.0,0.0,17.642487046632123,22.0,12.766805021188743,0.026041666666666668,48.64248704663213,47.0,6.98597240540285,0.08333333333333333
2024-01-01 00:36:06.000000,2024-01-01 00:36:12.000000,5,-28.150259067357513,-28.0,11.571931398288756,0.17708333333333334,529.893454993527,10005.0,0.0,14.492227979274611,22.0,17.866437101385234,0.041666666666666664,51.83937823834197,51.0,10.36018538820931,0.19270833333333334
2024-01-01 00:36:09.000000,2024-01-01 00:36:15.000000,5,-26.212435233160623,-27.0,7.222754176414896,0.18229166666666666,283.47877921040816,10228.0,0.0,18.76683937823834,23.0,14.278937681515657,0.026041666666666668,52.994818652849744,53.0,7.7389016025413495,0.234375
2024-01-01 00:36:12.000000,2024-01-01 00:36:18.000000,5,-28.632124352331605,-27.0,7.60443977672184,0.10416666666666667,108.95734281254452,10277.0,0.0,22.124352331606218,23.0,3.524479530164592,0.265625,53.248704663212436,53.0,3.660076114991356,0.20833333333333334
2024-01-01 00:36:15.000000,2024-01-01 00:36:21.000000,5,-28.59585492227979,-26.0,16.09873129769888,0.06770833333333333,1540.7665971455704,8329.0,0.0,-5.746113989637306,19.0,33.427514831962995,0.020833333333333332,43.15544041450777,53.0,15.72771849639673,0.041666666666666664
2024-01-01 00:36:18.000000,2024-01-01 00:36:24.000000,5,-32.43523316062176,-34.0,15.486122889829316,0.09375,1310.0279348755714,7497.000000000001,0.0,-4.678756476683938,23.0,34.21760046787225,0.015625,38.84455958549223,39.0,13.243185509356623,0.052083333333333336
2024-01-01 00:36:21.000000,2024-01-01 00:36:27.000000,5,-41.09844559585492,-45.0,5.667492066270891,0.026041666666666668,589.1362705635187,8024.999999999999,0.0,24.3419689119171,24.0,1.1624105068900994,0.3229166666666667,41.58031088082902,38.0,5.538221915577518,0.036458333333333336
2024-01-01 00:36:24.000000,2024-01-01 00:36:30.000000,5,-45.295336787564764,-45.0,1.0412477568723586,0.40625,41.31935754336604,7277.0,0.0,24.259067357512954,24.0,1.0334172482501915,0.2604166666666667,37.704663212435236,38.0,1.246172897792159,0.3333333333333333
2024-01-01 00:36:27.000000,2024-01-01 00:36:33.000000,5,-45.310880829015545,-45.0,0.574398010325574,0.296875,31.449146355829786,7296.0,0.0,23.932642487046632,24.0,0.6129010265889443,0.15625,37.803108808290155,38.0,0.6789933369634464,0.1875
2024-01-01 00:36:30.000000,2024-01-01 00:36:36.000000,5,-42.81347150259067,-45.0,3.583298188364422,0.005208333333333333,394.1094731248182,7776.0,0.0,24.093264248704664,24.0,0.8669908554019495,0.234375,40.29015544041451,38.0,3.502790030325224,0.015625
2024-01-01 00:36:33.000000,2024-01-01 00:36:39.000000,5,-38.512953367875646,-38.0,7.351380828548862,0.109375,292.9189502935666,8686.0,0.0,22.134715025906736,24.0,7.774322521839131,0.057291666666666664,45.005181347150256,45.0,4.5751791965434,0.24479166666666666
2024-01-01 00:36:36.000000,2024-01-01 00:36:42.000000,5,-24.22279792746114,-20.0,14.518562057385775,0.036458333333333336,945.9941993412618,10552.0,0.0,7.979274611398964,5.0,15.135484847021054,0.026041666666666668,54.67357512953368,57.0,8.215976316870591,0.046875
2024-01-01 00:36:39.000000,2024-01-01 00:36:45.000000,5,-14.751295336787564,-13.0,7.80026113884637,0.11458333333333333,685.3710282300736,11218.0,0.0,7.746113989637306,2.0,18.777557469164407,0.03125,58.12435233160622,61.0,7.501046990823961,0.14583333333333334
2024-01-01 00:36:42.000000,2024-01-01 00:36:48.000000,5,-19.694300518134714,-22.0,6.87498626156579,0.078125,670.0111411678265,9998.000000000002,0.0,26.310880829015545,34.0,15.530103017717968,0.015625,51.803108808290155,49.0,6.753285517803463,0.0625
2024-01-01 00:36:45.000000,2024-01-01 00:36:51.000000,5,-23.71502590673575,-23.0,2.410185012856967,0.036458333333333336,216.38671914902054,9527.0,0.0,31.932642487046632,32.0,2.588158483373931,0.020833333333333332,49.362694300518136,49.0,1.8237601367146483,0.07291666666666667
2024-01-01 00:36:48.000000,2024-01-01 00:36:54.000000,5,-25.77720207253886,-26.0,1.47093311002314,0.15625,163.4595215771738,9596.0,0.0,29.927461139896373,29.0,1.6313728497140398,0.19791666666666666,49.72020725388601,50.0,1.484101846287996,0.0625
2024-01-01 00:36:51.000000,2024-01-01 00:36:57.000000,5,-26.305699481865286,-26.0,1.4123040619445775,0.08854166666666667,69.04051123629297,9728.0,0.0,28.28497409326425,28.0,1.5365790345874426,0.109375,50.40414507772021,51.0,1.0764444847937291,0.296875
2024-01-01 00:36:54.000000,2024-01-01 00:37:00.000000,5,-25.212435233160623,-25.0,1.9287978707609974,0.052083333333333336,139.69910164805663,10014.0,0.0,26.53886010362694,27.0,1.2289022651139012,0.203125,51.8860103626943,52.0,1.3984593978346502,0.15104166666666666
2024-01-01 00:36:57.000000,2024-01-01 00:37:03.000000,5,-24.015544041450777,-24.0,1.4594401178827656,0.15625,46.16073980135915,10257.0,0.0,25.352331606217618,25.0,1.237524096518767,0.15104166666666666,53.145077720207254,53.0,1.0356605778293293,0.3125
2024-01-01 00:37:00.000000,2024-01-01 00:37:06.000000,5,-18.17616580310881,-23.0,13.571187763261527,0.015625,442.93952953259515,9667.0,0.0,30.55440414507772,26.0,8.40376861037055,0.046875,50.0880829015544,53.0,6.472498950155049,0.109375
2024-01-01 00:37:03.000000,2024-01-01 00:37:09.000000,5,-22.72538860103627,-24.0,24.29875313972052,0.07291666666666667,510.8244791265351,8461.0,0.0,30.89637305699482,31.0,14.103768604883724,0.08333333333333333,43.83937823834197,47.0,11.37248615202787,0.109375
2024-01-01 00:37:06.000000,2024-01-01 00:37:12.000000,5,-35.196891191709845,-42.0,20.63352325589696,0.10416666666666667,460.2001922449635,8053.0,0.0,25.476683937823836,23.0,13.412553408894947,0.14583333333333334,41.72538860103627,41.0,10.607202151293762,0.28125
2024-01-01 00:37:09.000000,2024-01-01 00:37:15.000000,5,-30.440414507772022,-35.0,24.35646354654048,0.14583333333333334,757.0907123593867,7905.0,0.0,36.06217616580311,34.0,17.982232823622617,0.14583333333333334,40.95854922279793,42.0,17.434351327698334,0.3020833333333333
2024-01-01 00:37:12.000000,2024-01-01 00:37:18.000000,5,-20.673575129533678,-22.0,30.444830160571502,0.17708333333333334,1404.3985067498409,7492.0,0.0,45.97409326424871,45.0,16.959644267459048,0.2604166666666667,38.818652849740936,36.0,23.072423660994104,0.20833333333333334
2024-01-01 00:37:15.000000,2024-01-01 00:37:21.000000,5,-20.1139896373057,-23.0,28.467039806661646,0.18229166666666666,1041.088862772459,7851.000000000001,0.0,39.29015544041451,40.0,25.71556671220526,0.3072916666666667,40.67875647668394,42.0,20.808161822842397,0.2708333333333333
2024-01-01 00:37:18.000000,2024-01-01 00:37:24.000000,5,-15.564766839378239,-14.0,21.697907014861165,0.3020833333333333,457.49030098651195,8808.0,0.0,36.75647668393783,39.0,25.386753682217595,0.375,45.637305699481864,46.0,15.820709561719086,0.375
2024-01-01 00:37:21.000000,2024-01-01 00:37:27.000000,5,-8.564766839378239,-9.0,19.170485183189673,0.3697916666666667,406.6859554968571,9113.0,0.0,41.39378238341969,41.0,17.159192224768713,0.5208333333333334,47.21761658031088,48.0,13.149552452703112,0.4270833333333333
2024-01-01 00:37:24.000000,2024-01-01 00:37:30.000000,5,-6.829015544041451,-6.0,17.804399841424,0.4010416666666667,383.91726411391335,8546.0,0.0,44.056994818652846,45.0,14.633432942131103,0.5572916666666666,44.27979274611399,43.0,11.910449541900395,0.3958333333333333
2024-01-01 00:37:27.000000,2024-01-01 00:37:33.000000,5,-4.901554404145077,-4.0,6.758146909810179,0.4322916666666667,277.0900922099293,8261.0,0.0,45.21243523316062,46.0,13.043255392203745,0.6041666666666666,42.803108808290155,43.0,8.773931005254948,0.5260416666666666
2024-01-01 00:37:30.000000,2024-01-01 00:37:36.000000,5,-4.4404145077720205,-4.0,6.458829860015028,0.4375,391.9988207447939,8375.0,0.0,45.64766839378238,45.0,14.544837545424764,0.5885416666666666,43.39378238341969,43.0,9.979163849736931,0.5572916666666666
2024-01-01 00:37:33.000000,2024-01-01 00:37:39.000000,5,-5.321243523316062,-5.0,7.500723194839007,0.4635416666666667,458.5376999746649,8464.0,0.0,45.24352331606217,45.0,16.746198947470308,0.6197916666666666,43.854922279792746,44.0,11.114915331772426,0.5520833333333334
2024-01-01 00:37:36.000000,2024-01-01 00:37:42.000000,5,-6.652849740932642,-6.0,8.173808823972227,0.4791666666666667,383.91009674448276,8419.0,0.0,44.2279792746114,45.0,17.058106716443305,0.6354166666666666,43.62176165803109,45.0,11.127431522910573,0.5364583333333334
2024-01-01 00:37:39.000000,2024-01-01 00:37:45.000000,5,-6.875647668393782,-5.0,10.42658249980385,0.4427083333333333,390.193823726417,8557.0,0.0,43.61658031088083,45.0,17.85964184956738,0.5989583333333334,44.33678756476684,44.0,11.191307268434342,0.5208333333333334
2024-01-01 00:37:42.000000,2024-01-01 00:37:48.000000,5,-8.264248704663212,-6.0,12.637065875345588,0.3958333333333333,466.57304146773896,8744.0,0.0,43.95336787564767,44.0,21.439422935000778,0.5989583333333334,45.30569948186528,46.0,11.69200308316408,0.5364583333333334
2024-01-01 00:37:45.000000,2024-01-01 00:37:51.000000,5,-7.528497409326425,-6.0,11.042553407219513,0.4427083333333333,443.67785584117956,8391.0,0.0,45.38341968911917,45.0,18.43253844866424,0.609375,43.476683937823836,44.0,10.91256564454296,0.5416666666666666
2024-01-01 00:37:48.000000,2024-01-01 00:37:54.000000,5,-5.33678756476684,-5.0,7.938929926413959,0.3697916666666667,408.2804353629332,8191.000000000001,0.0,46.58549222797927,47.0,12.788104697790752,0.6302083333333334,42.44041450777202,42.0,10.043023274589931,0.4895833333333333
2024-01-01 00:37:51.000000,2024-01-01 00:37:57.000000,5,-6.036269430051814,-5.0,8.31625733189893,0.453125,482.3859882571035,8285.000000000002,0.0,45.8860103626943,46.0,12.273678694156533,0.578125,42.92746113989637,42.0,9.727266353303865,0.453125
2024-01-01 00:37:54.000000,2024-01-01 00:38:00.000000,5,-6.8549222797927465,-6.0,8.220888607634606,0.4739583333333333,354.67938693539435,8377.0,0.0,44.24352331606217,44.0,12.954558883069785,0.5833333333333334,43.40414507772021,44.0,10.422950608897152,0.5208333333333334
2024-01-01 00:37:57.000000,2024-01-01 00:38:03.000000,5,-7.668393782383419,-7.0,12.53885153941385,0.5625,461.7108736687186,8493.0,0.0,44.22279792746114,44.0,21.007863072688483,0.6145833333333334,44.005181347150256,45.0,16.376589429644692,0.5625
2024-01-01 00:38:00.000000,2024-01-01 00:38:06.000000,5,-7.823834196891192,-8.0,12.816820483477931,0.5520833333333334,574.3766109668611,8576.0,0.0,44.43523316062176,45.0,21.214362324273644,0.6614583333333334,44.43523316062176,45.0,15.71614092238385,0.5729166666666666
2024-01-01 00:38:03.000000,2024-01-01 00:38:09.000000,5,-8.046632124352332,-9.0,10.712769908813078,0.4895833333333333,356.00517535272394,8742.0,0.0,44.181347150259064,44.0,19.988884000673995,0.6822916666666666,45.295336787564764,45.0,11.692270818416397,0.5260416666666666
2024-01-01 00:38:06.000000,2024-01-01 00:38:12.000000,5,-7.341968911917099,-8.0,20.24684003788892,0.53125,831.2501690928591,8554.0,0.0,42.84974093264249,45.0,29.403677711357265,0.625,44.32124352331606,46.0,25.388654259575524,0.5
2024-01-01 00:38:09.000000,2024-01-01 00:38:15.000000,5,-6.538860103626943,-7.0,19.307268513279368,0.5104166666666666,829.9366720361862,8442.0,0.0,42.704663212435236,45.0,27.415035963704142,0.53125,43.740932642487046,45.0,25.038620859430612,0.5520833333333334
2024-01-01 00:38:12.000000,2024-01-01 00:38:18.000000,5,-7.55440414507772,-6.0,15.38188849014698,0.5260416666666666,633.0477909868016,8493.0,0.0,45.50259067357513,44.0,28.539469079448338,0.5989583333333334,44.005181347150256,45.0,21.815871852403326,0.5677083333333334
2024-01-01 00:38:15.000000,2024-01-01 00:38:21.000000,5,-9.373056994818652,-9.0,26.48890686608785,0.4895833333333333,931.1911378398092,8847.0,0.0,43.259067357512954,42.0,37.26894419230281,0.5885416666666666,45.83937823834197,47.0,27.5849087596473,0.5833333333333334
2024-01-01 00:38:18.000000,2024-01-01 00:38:24.000000,5,-9.419689119170984,-10.0,28.33826597822896,0.5729166666666666,838.7077773856194,9131.0,0.0,42.3419689119171,42.0,37.54743042499529,0.59375,47.310880829015545,47.0,25.9066178753795,0.5833333333333334
2024-01-01 00:38:21.000000,2024-01-01 00:38:27.000000,5,-8.041450777202073,-9.0,21.915518235965802,0.6354166666666666,600.6710256046481,8772.0,0.0,43.38860103626943,45.0,34.83830618328348,0.6354166666666666,45.45077720207254,46.0,23.30725280351543,0.5260416666666666
2024-01-01 00:38:24.000000,2024-01-01 00:38:30.000000,5,-7.248704663212435,-7.0,26.117130211814306,0.578125,892.755698153267,8215.0,0.0,41.94818652849741,44.0,39.78755313807356,0.5677083333333334,42.56476683937824,45.0,31.309729619170472,0.5260416666666666
2024-01-01 00:38:27.000000,2024-01-01 00:38:33.000000,5,-7.248704663212435,-8.0,23.20650750330311,0.5208333333333334,913.5857500622328,8307.0,0.0,42.72020725388601,42.0,33.956995719441316,0.578125,43.04145077720207,47.0,28.37157361781243,0.5572916666666666
2024-01-01 00:38:30.000000,2024-01-01 00:38:36.000000,5,-7.963730569948186,-7.0,8.845533864255795,0.5520833333333334,481.10547610597615,8736.0,0.0,43.601036269430054,44.0,16.42506338660177,0.6197916666666666,45.26424870466321,46.0,11.47177771480183,0.578125
2024-01-01 00:38:33.000000,2024-01-01 00:38:39.000000,5,-5.9067357512953365,-5.0,8.989090970542236,0.5104166666666666,610.083095573057,8762.0,0.0,43.1139896373057,45.0,15.928468393227856,0.578125,45.398963730569946,46.0,11.567798288952222,0.6354166666666666
2024-01-01 00:38:36.000000,2024-01-01 00:38:42.000000,5,-4.813471502590674,-4.0,8.7265414630732,0.4583333333333333,305.74346231668596,8686.0,0.0,43.43523316062176,45.0,11.88912327124648,0.515625,45.005181347150256,46.0,9.875526045759976,0.5729166666666666
2024-01-01 00:38:39.000000,2024-01-01 00:38:45.000000,5,-7.580310880829016,-7.0,15.518303235841104,0.4479166666666667,429.97567553261996,8669.0,0.0,43.181347150259064,44.0,14.4324310816208,0.5416666666666666,44.917098445595855,46.0,15.831908966929182,0.515625
2024-01-01 00:38:42.000000,2024-01-01 00:38:48.000000,5,-6.217616580310881,-4.0,16.451453219692276,0.4166666666666667,425.97334570211274,8633.000000000002,0.0,44.3160621761658,44.0,14.742886739467977,0.53125,44.73056994818653,46.0,15.51376902499734,0.5052083333333334
2024-01-01 00:38:45.000000,2024-01-01 00:38:51.000000,5,-2.5025906735751295,-2.0,10.00631277428342,0.5416666666666666,263.12032885046517,8413.0,0.0,46.487046632124354,46.0,9.212824399698995,0.5625,43.590673575129536,44.0,8.680276737030537,0.5364583333333334
2024-01-01 00:38:48.000000,2024-01-01 00:38:54.000000,5,-0.616580310880829,0.0,19.701103361524844,0.4427083333333333,446.84591768974326,8418.0,0.0,43.943005181347154,46.0,20.292185105072218,0.4739583333333333,43.61658031088083,44.0,15.596745611232024,0.5416666666666666
2024-01-01 00:38:51.000000,2024-01-01 00:38:57.000000,5,-3.139896373056995,0.0,33.7686077406103,0.3802083333333333,1094.293084527074,9023.0,0.0,39.98963730569948,44.0,39.69742194049803,0.515625,46.751295336787564,46.0,31.044328368225283,0.40625
2024-01-01 00:38:54.000000,2024-01-01 00:39:00.000000,5,-11.808290155440414,-10.0,38.83457884731988,0.4947916666666667,1370.9045009431388,9373.0,0.0,37.44041450777202,36.0,45.96735508119454,0.6197916666666666,48.56476683937824,47.0,39.28590716986048,0.5625
2024-01-01 00:38:57.000000,2024-01-01 00:39:03.000000,5,-15.984455958549223,-16.0,36.57234222001218,0.4739583333333333,1140.6912245830847,8904.0,0.0,40.16580310880829,40.0,36.52044905914856,0.5572916666666666,46.134715025906736,43.0,36.20877666174656,0.5677083333333334
2024-01-01 00:39:00.000000,2024-01-01 00:39:06.000000,5,-18.430051813471504,-20.0,32.92552404824362,0.4895833333333333,1060.4245348787063,8638.0,0.0,41.880829015544045,43.0,32.393435795581894,0.5677083333333334,44.75647668393783,46.0,31.9626698278099,0.59375
2024-01-01 00:39:03.000000,2024-01-01 00:39:09.000000,5,-20.321243523316063,-20.0,34.178154793848414,0.5260416666666666,1431.167979961212,9105.000000000002,0.0,41.66839378238342,42.0,35.41191957416967,0.5625,47.17616580310881,49.0,35.54149646032132,0.6145833333333334
2024-01-01 00:39:06.000000,2024-01-01 00:39:12.000000,5,-17.580310880829014,-16.0,35.78662206262069,0.5416666666666666,1698.9848620100015,8985.0,0.0,42.25388601036269,42.0,33.84989533968713,0.6145833333333334,46.55440414507772,45.0,40.043965340485215,0.625
2024-01-01 00:39:09.000000,2024-01-01 00:39:15.000000,5,-16.637305699481864,-20.0,35.72876783540498,0.5364583333333334,1450.6469350943837,8474.0,0.0,38.41450777202073,41.0,34.388015670603295,0.6458333333333334,43.90673575129534,45.0,40.19511794331103,0.6041666666666666
2024-01-01 00:39:12.000000,2024-01-01 00:39:18.000000,5,-18.94300518134715,-18.0,39.281593777134965,0.5416666666666666,1098.8496771234213,8411.0,0.0,36.46632124352332,36.0,35.934694172212346,0.6458333333333334,43.58031088082902,46.0,35.57042641464277,0.5520833333333334
2024-01-01 00:39:15.000000,2024-01-01 00:39:21.000000,5,-16.010362694300518,-12.0,44.71704904606967,0.5677083333333334,1176.5316750210168,8429.0,0.0,38.58549222797927,38.0,50.203795060018365,0.5885416666666666,43.67357512953368,47.0,40.57287907998861,0.5416666666666666
2024-01-01 00:39:18.000000,2024-01-01 00:39:24.000000,5,-14.253886010362693,-13.0,65.95510466350909,0.6197916666666666,2142.9067455548434,7523.0,0.0,22.300518134715027,38.0,83.34080914222116,0.609375,38.979274611398964,51.0,60.28309590220466,0.546875
2024-01-01 00:39:21.000000,2024-01-01 00:39:27.000000,5,-15.585492227979275,-20.0,79.65435877440518,0.59375,3164.5350283649636,7436.000000000001,0.0,14.461139896373057,31.0,97.69483627147615,0.6614583333333334,38.52849740932643,51.0,71.66989188228177,0.625
2024-01-01 00:39:24.000000,2024-01-01 00:39:30.000000,5,-20.60103626943005,-23.0,69.91148718620725,0.5989583333333334,2981.135281059193,8038.0,0.0,24.06217616580311,38.0,82.10794641196208,0.609375,41.64766839378238,48.0,61.39277752762236,0.6041666666666666
2024-01-01 00:39:27.000000,2024-01-01 00:39:33.000000,5,-21.186528497409327,-19.0,47.2520549031828,0.5520833333333334,1306.5838643984516,8749.0,0.0,33.24352331606217,40.0,51.92620737663773,0.6041666666666666,45.33160621761658,50.0,38.90819705315914,0.59375
2024-01-01 00:39:30.000000,2024-01-01 00:39:36.000000,5,-18.367875647668395,-16.0,32.48724756451043,0.4947916666666667,1031.149991572241,9099.0,0.0,39.40414507772021,43.0,37.715662962870525,0.5989583333333334,47.145077720207254,51.0,30.435890428338112,0.5729166666666666
2024-01-01 00:39:33.000000,2024-01-01 00:39:39.000000,5,-15.373056994818652,-13.0,39.40171976314751,0.546875,1450.5549180937576,8191.0,0.0,40.181347150259064,43.0,42.27074520586392,0.5989583333333334,42.44041450777202,46.0,41.58860801342063,0.5364583333333334
2024-01-01 00:39:36.000000,2024-01-01 00:39:42.000000,5,-13.404145077720207,-9.0,41.988371200395186,0.5729166666666666,1561.538068745512,8641.0,0.0,40.60621761658031,43.0,47.81834509690357,0.5989583333333334,44.7720207253886,50.0,46.58817630489774,0.5208333333333334
2024-01-01 00:39:39.000000,2024-01-01 00:39:45.000000,5,-15.507772020725389,-15.0,35.46258579636321,0.5833333333333334,1099.1404158091416,8788.0,0.0,40.04663212435233,41.0,42.75454290621255,0.5989583333333334,45.53367875647668,49.0,39.3153669521698,0.46875
2024-01-01 00:39:42.000000,2024-01-01 00:39:48.000000,5,-13.523316062176166,-13.0,33.321363351656636,0.5625,1170.8993794839937,8933.0,0.0,40.4559585492228,41.0,37.397907949486594,0.6041666666666666,46.284974093264246,46.0,32.942447163644864,0.5052083333333334
2024-01-01 00:39:45.000000,2024-01-01 00:39:51.000000,5,-12.549222797927461,-11.0,34.23173040587213,0.5260416666666666,1262.0631407752119,9502.0,0.0,38.64766839378238,40.0,40.16230362611352,0.5885416666666666,49.233160621761655,49.0,33.99666863060666,0.5677083333333334
2024-01-01 00:39:48.000000,2024-01-01 00:39:54.000000,5,-13.419689119170984,-12.0,30.01084918246816,0.5052083333333334,1129.5420943293254,8887.0,0.0,38.181347150259064,39.0,40.92985951917093,0.5885416666666666,46.04663212435233,48.0,34.91034501575672,0.5104166666666666
2024-01-01 00:39:51.000000,2024-01-01 00:39:57.000000,5,-10.253886010362693,-11.0,32.98141518857408,0.53125,1172.395131605374,9576.0,0.0,43.134715025906736,44.0,42.65404053553318,0.6145833333333334,49.61658031088083,53.0,35.29131938113798,0.5625
2024-01-01 00:39:54.000000,2024-01-01 00:40:00.000000,5,-12.16580310880829,-11.0,41.115354384323766,0.5677083333333334,1253.1984680651744,9540.0,0.0,39.76165803108808,42.0,53.124413539382076,0.5677083333333334,49.4300518134715,52.0,38.74094690614572,0.5885416666666666
2024-01-01 00:39:57.000000,2024-01-01 00:40:03.000000,5,-13.715025906735752,-13.0,42.261544676725514,0.5729166666666666,1336.6466263075376,8480.0,0.0,33.424870466321245,33.0,58.08278756715861,0.5677083333333334,43.93782383419689,49.0,43.19090699815148,0.5104166666666666
2024-01-01 00:40:00.000000,2024-01-01 00:40:06.000000,5,-11.347150259067357,-11.0,32.8584195302236,0.5416666666666666,1359.7126382893703,8249.0,0.0,37.84455958549223,35.0,47.97641221581601,0.5625,42.740932642487046,47.0,45.15707808537863,0.4791666666666667
2024-01-01 00:40:03.000000,2024-01-01 00:40:09.000000,5,-10.958549222797927,-10.0,28.398913234211687,0.5208333333333334,1124.3008466923861,9057.0,0.0,41.41450777202073,40.0,42.14723939273278,0.609375,46.92746113989637,52.0,41.13677544535366,0.5520833333333334
2024-01-01 00:40:06.000000,2024-01-01 00:40:12.000000,5,-13.378238341968911,-16.0,37.282800757146234,0.4583333333333333,1294.5202431637033,8864.0,0.0,38.09844559585492,42.0,50.15720752116534,0.6302083333333334,45.92746113989637,49.0,41.35611253540943,0.5989583333333334
2024-01-01 00:40:09.000000,2024-01-01 00:40:15.000000,5,-13.414507772020725,-14.0,34.66963424134043,0.453125,1318.886761770257,8207.0,0.0,37.90155440414508,41.0,44.796712673155405,0.5520833333333334,42.523316062176164,44.0,41.642585441826164,0.5677083333333334
2024-01-01 00:40:12.000000,2024-01-01 00:40:18.000000,5,-9.22279792746114,-9.0,26.446232766643632,0.484375,1404.1343490813028,9018.0,0.0,43.7720207253886,44.0,33.55871478592262,0.5520833333333334,46.72538860103627,49.0,38.023871723060296,0.5104166666666666
2024-01-01 00:40:15.000000,2024-01-01 00:40:21.000000,5,-6.383419689119171,-6.0,40.14333867938928,0.5260416666666666,1335.3179059835102,9275.0,0.0,44.35751295336787,47.0,44.21858180805574,0.5989583333333334,48.056994818652846,55.0,47.250241018840484,0.5885416666666666
2024-01-01 00:40:18.000000,2024-01-01 00:40:24.000000,5,-7.94300518134715,-10.0,41.98824073085044,0.5677083333333334,1747.0592382111302,9022.0,0.0,43.01036269430052,44.0,47.44909439306438,0.6510416666666666,46.74611398963731,50.0,48.89820205802838,0.5572916666666666
2024-01-01 00:40:21.000000,2024-01-01 00:40:27.000000,5,-10.678756476683938,-11.0,30.025343713474165,0.515625,1394.541849571068,8964.0,0.0,42.56476683937824,44.0,41.42648108990466,0.609375,46.44559585492228,50.0,44.01252655237273,0.4947916666666667
2024-01-01 00:40:24.000000,2024-01-01 00:40:30.000000,5,-9.217616580310882,-10.0,27.40845179331351,0.5,1706.378793570174,9181.0,0.0,43.19170984455958,44.0,40.40884203053466,0.6145833333333334,47.5699481865285,52.0,43.77542747384812,0.484375
2024-01-01 00:40:27.000000,2024-01-01 00:40:33.000000,5,-6.953367875647668,-8.0,25.057702191525294,0.5364583333333334,1329.696209808422,9544.0,0.0,47.10362694300518,45.0,36.22872417746408,0.640625,49.45077720207254,49.0,39.35163211245049,0.546875
2024-01-01 00:40:30.000000,2024-01-01 00:40:36.000000,5,-7.072538860103627,-8.0,25.010517002015707,0.5572916666666666,1191.1023076767574,9303.0,0.0,48.35233160621762,48.0,31.447380111695544,0.609375,48.2020725388601,46.0,38.19461671076451,0.5520833333333334
2024-01-01 00:40:33.000000,2024-01-01 00:40:39.000000,5,-7.839378238341969,-10.0,25.764156780523578,0.5364583333333334,1438.583236017324,8797.0,0.0,45.17616580310881,47.0,34.66461409909294,0.5520833333333334,45.58031088082902,46.0,38.96278975278228,0.4895833333333333
2024-01-01 00:40:36.000000,2024-01-01 00:40:42.000000,5,-8.041450777202073,-10.0,27.59733422302989,0.5572916666666666,1303.7572455315951,8471.0,0.0,41.46632124352332,42.0,39.814546067784896,0.5572916666666666,43.89119170984456,44.0,39.66623216406198,0.515625
2024-01-01 00:40:39.000000,2024-01-01 00:40:45.000000,5,-8.466321243523316,-8.0,36.906415367120545,0.578125,1507.7211419414145,8327.0,0.0,41.49222797927461,42.0,51.20741311598437,0.640625,43.145077720207254,47.0,49.383065682132404,0.5572916666666666
2024-01-01 00:40:42.000000,2024-01-01 00:40:48.000000,5,-11.66839378238342,-9.0,44.341641052861284,0.5833333333333334,2134.46878463216,8077.0,0.0,39.38341968911917,41.0,54.3716774340724,0.6770833333333334,41.84974093264249,49.0,56.30537286044173,0.5625
2024-01-01 00:40:45.000000,2024-01-01 00:40:51.000000,5,-11.046632124352332,-11.0,39.740209768602185,0.5989583333333334,2062.36849341439,8299.0,0.0,40.84455958549223,44.0,48.11841604245961,0.6302083333333334,43.0,47.0,51.410926205752546,0.59375
2024-01-01 00:40:48.000000,2024-01-01 00:40:54.000000,5,-7.9689119170984455,-10.0,38.91254975579742,0.625,1757.388191167634,8558.0,0.0,42.38860103626943,46.0,45.5047991357711,0.59375,44.3419689119171,43.0,48.58248087723112,0.6041666666666666
2024-01-01 00:40:51.000000,2024-01-01 00:40:57.000000,5,-9.310880829015543,-9.0,37.388678318544514,0.609375,1681.548988798207,8105.000000000002,0.0,39.69948186528497,37.0,43.95893976367951,0.59375,41.994818652849744,41.0,50.82050699616395,0.609375
2024-01-01 00:40:54.000000,2024-01-01 00:41:00.000000,5,-9.699481865284975,-9.0,26.36350163540758,0.5364583333333334,1752.056176767136,7967.0,0.0,40.16062176165803,37.0,39.23606578066578,0.578125,41.27979274611399,43.0,48.94059383535125,0.5677083333333334
2024-01-01 00:40:57.000000,2024-01-01 00:41:03.000000,5,-6.300518134715026,-6.0,21.344955730729566,0.4895833333333333,1518.499353212584,8105.000000000001,0.0,43.310880829015545,42.0,36.31698890428921,0.5677083333333334,41.994818652849744,46.0,46.604888134334324,0.546875
2024-01-01 00:41:00.000000,2024-01-01 00:41:06.000000,5,-3.7461139896373057,-5.0,23.04689056050234,0.5104166666666666,1363.7324978682586,7896.0,0.0,46.26943005181347,46.0,39.32662303530481,0.5729166666666666,40.9119170984456,44.0,48.43076580019246,0.5520833333333334
2024-01-01 00:41:03.000000,2024-01-01 00:41:09.000000,5,-5.430051813471502,-6.0,25.526467646702205,0.4895833333333333,1266.7473234618965,7827.0,0.0,42.398963730569946,40.0,37.47737371517939,0.5729166666666666,40.55440414507772,42.0,44.705382713084006,0.5416666666666666
2024-01-01 00:41:06.000000,2024-01-01 00:41:12.000000,5,-7.896373056994818,-8.0,27.314519134093686,0.5520833333333334,1441.8608514225193,8138.0,0.0,42.284974093264246,45.0,38.4306278697456,0.53125,42.16580310880829,45.0,46.29809966742909,0.515625
2024-01-01 00:41:09.000000,2024-01-01 00:41:15.000000,5,-8.870466321243523,-9.0,29.189196208567395,0.5364583333333334,1685.3785504777677,8135.0,0.0,44.637305699481864,49.0,46.50854600002314,0.6041666666666666,42.15025906735751,43.0,51.7139892062103,0.5260416666666666
2024-01-01 00:41:12.000000,2024-01-01 00:41:18.000000,5,-8.025906735751295,-8.0,26.505391596404618,0.53125,1337.819601925244,8628.0,0.0,46.461139896373055,46.0,43.12409169026678,0.625,44.704663212435236,48.0,45.752969268575264,0.5208333333333334
2024-01-01 00:41:15.000000,2024-01-01 00:41:21.000000,5,-5.5595854922279795,-5.0,25.076088872880906,0.5520833333333334,1270.3280082870483,8474.0,0.0,46.3419689119171,46.0,37.97816190286021,0.6041666666666666,43.90673575129534,44.0,41.55946550598732,0.5364583333333334
2024-01-01 00:41:18.000000,2024-01-01 00:41:24.000000,5,-4.875647668393782,-7.0,26.65335105807928,0.5989583333333334,1366.536214188073,8815.0,0.0,45.23834196891192,46.0,37.32256887242108,0.6302083333333334,45.67357512953368,46.0,38.855932839649824,0.5729166666666666
2024-01-01 00:41:21.000000,2024-01-01 00:41:27.000000,5,-6.233160621761658,-8.0,30.80182859256803,0.546875,1156.0203041701634,9109.0,0.0,43.917098445595855,46.0,44.16839659987443,0.625,47.196891191709845,48.0,38.12742602490988,0.6041666666666666
2024-01-01 00:41:24.000000,2024-01-01 00:41:30.000000,5,-13.196891191709845,-15.0,37.0543321617276,0.5,1151.3626657441694,8378.0,0.0,36.49740932642487,40.0,53.98949785532481,0.6458333333333334,43.409326424870464,45.0,41.786203315984174,0.578125
2024-01-01 00:41:27.000000,2024-01-01 00:41:33.000000,5,-13.139896373056995,-16.0,36.43381719509873,0.546875,1443.7810296212872,8900.0,0.0,36.55440414507772,39.0,48.91774977984281,0.625,46.1139896373057,46.0,40.73846284967142,0.5260416666666666
2024-01-01 00:41:30.000000,2024-01-01 00:41:36.000000,5,-9.642487046632125,-12.0,29.598734102137705,0.5729166666666666,1135.4545933636311,9237.0,0.0,42.5440414507772,44.0,35.948304582158066,0.671875,47.86010362694301,46.0,32.14738380344304,0.546875
2024-01-01 00:41:33.000000,2024-01-01 00:41:39.000000,5,-10.020725388601036,-11.0,40.86843200916494,0.4479166666666667,1038.9819278766274,8961.0,0.0,32.72538860103627,37.0,51.67488739686243,0.5677083333333334,46.4300518134715,46.0,35.6790748738174,0.5989583333333334
2024-01-01 00:41:36.000000,2024-01-01 00:41:42.000000,5,-20.015544041450777,-20.0,56.85493938194247,0.5,1671.821347270871,8722.0,0.0,21.99481865284974,28.0,72.73793552665953,0.5885416666666666,45.19170984455958,46.0,46.01493794680924,0.5364583333333334
2024-01-01 00:41:39.000000,2024-01-01 00:41:45.000000,5,-26.637305699481864,-28.0,48.88968297132093,0.53125,1418.6385860133803,8462.0,0.0,28.16062176165803,35.0,63.63101726316131,0.484375,43.84455958549223,45.0,40.340564313131495,0.5
2024-01-01 00:41:42.000000,2024-01-01 00:41:48.000000,5,-20.020725388601036,-22.0,26.036224474522754,0.3229166666666667,667.903215965788,8213.0,0.0,39.854922279792746,43.0,27.832079982742975,0.328125,42.55440414507772,42.0,20.824124475952914,0.375
2024-01-01 00:41:45.000000,2024-01-01 00:41:51.000000,0,-18.0,-18.0,17.9057137063378,0.23958333333333334,421.84253249168825,7848.0,0.0,43.09844559585492,44.0,14.242163330099944,0.2864583333333333,40.66321243523316,41.0,11.649639838918247,0.34375
2024-01-01 00:41:48.000000,2024-01-01 00:41:54.000000,0,-19.207253886010363,-18.0,16.248991931001378,0.20833333333333334,434.267580747677,8021.0,0.0,42.64248704663213,43.0,13.5062353667624,0.3125,41.55958549222798,43.0,12.638310798017603,0.3541666666666667
2024-01-01 00:41:51.000000,2024-01-01 00:41:57.000000,0,-21.196891191709845,-22.0,24.15838774873662,0.21875,465.616589382677,8674.0,0.0,37.984455958549226,40.0,24.78374733821244,0.328125,44.943005181347154,45.0,15.314476582801687,0.390625
2024-01-01 00:41:54.000000,2024-01-01 00:42:00.000000,0,-22.813471502590673,-25.0,25.043429462437235,0.390625,404.7227139807393,9068.0,0.0,35.01036269430052,36.0,27.608496132928618,0.484375,46.984455958549226,45.0,16.0232502567681,0.4635416666666667
2024-01-01 00:41:57.000000,2024-01-01 00:42:03.000000,0,-21.10362694300518,-21.0,20.367192709357465,0.4739583333333333,550.8285228209638,8941.0,0.0,35.83419689119171,37.0,23.934665226024478,0.5208333333333334,46.32642487046632,46.0,17.660931935755208,0.5052083333333334
2024-01-01 00:42:00.000000,2024-01-01 00:42:06.000000,0,-18.487046632124354,-15.0,25.774686550044066,0.4427083333333333,744.0320316349449,8976.0,0.0,35.932642487046635,38.0,26.802141972892024,0.421875,46.50777202072539,48.0,21.537060880362052,0.4947916666666667
2024-01-01 00:42:03.000000,2024-01-01 00:42:09.000000,0,-18.243523316062177,-15.0,27.096043915208764,0.4427083333333333,756.0501974490686,8820.0,0.0,36.73575129533679,38.0,31.223949418213536,0.4791666666666667,45.69948186528497,48.0,23.632447012814215,0.5520833333333334
2024-01-01 00:42:06.000000,2024-01-01 00:42:12.000000,0,-14.787564766839377,-13.0,21.11998093179976,0.4166666666666667,782.2682941987539,8753.0,0.0,40.50777202072539,42.0,28.987806195555542,0.546875,45.35233160621762,46.0,20.26825841612441,0.5989583333333334
2024-01-01 00:42:09.000000,2024-01-01 00:42:15.000000,0,-13.373056994818652,-14.0,15.042152559622012,0.375,493.3973197375583,8990.0,0.0,42.590673575129536,43.0,18.91712506957916,0.546875,46.58031088082902,46.0,13.349275335619653,0.578125
2024-01-01 00:42:12.000000,2024-01-01 00:42:18.000000,0,-15.160621761658032,-15.0,16.224342039398667,0.4322916666666667,425.0174891822644,8980.0,0.0,40.62176165803109,42.0,17.952975119193955,0.4479166666666667,46.52849740932643,46.0,12.651600126122203,0.4895833333333333
2024-01-01 00:42:15.000000,2024-01-01 00:42:21.000000,0,-14.82901554404145,-13.0,19.326331011859583,0.40625,492.2120206056625,8791.0,0.0,39.979274611398964,40.0,23.097609578072593,0.421875,45.54922279792746,45.0,14.181447384299116,0.4895833333333333
2024-01-01 00:42:18.000000,2024-01-01 00:42:24.000000,0,-19.45077720207254,-17.0,32.82718182513252,0.4739583333333333,814.138494052651,8755.0,0.0,39.067357512953365,40.0,31.30962015635227,0.515625,45.362694300518136,46.0,22.584403195633396,0.5572916666666666
2024-01-01 00:42:21.000000,2024-01-01 00:42:27.000000,0,-18.10362694300518,-19.0,43.57858846031428,0.5416666666666666,1190.4463993030229,9473.0,0.0,39.082901554404145,39.0,42.49048138352635,0.578125,49.082901554404145,49.0,33.32843768021238,0.5885416666666666
2024-01-01 00:42:24.000000,2024-01-01 00:42:30.000000,0,-12.27461139896373,-14.0,50.13328306436498,0.5572916666666666,1275.4750814871227,9930.0,0.0,38.248704663212436,39.0,53.99508379319545,0.6510416666666666,51.45077720207254,52.0,33.463427049745576,0.6354166666666666
2024-01-01 00:42:27.000000,2024-01-01 00:42:33.000000,0,-16.373056994818654,-20.0,44.67714856195439,0.53125,954.2138656700444,9432.0,0.0,34.870466321243526,36.0,46.15269954512135,0.578125,48.870466321243526,49.0,25.99176168139136,0.5364583333333334
2024-01-01 00:42:30.000000,2024-01-01 00:42:36.000000,0,-18.33678756476684,-19.0,25.944763923442785,0.4739583333333333,559.5064568613249,9105.0,0.0,35.994818652849744,35.0,24.518168732876788,0.4791666666666667,47.17616580310881,49.0,18.261698642396315,0.4739583333333333
2024-01-01 00:42:33.000000,2024-01-01 00:42:39.000000,0,-15.61658031088083,-14.0,17.260206362077056,0.5052083333333334,483.4219897718516,8965.0,0.0,39.20725388601036,39.0,18.49995915600215,0.4270833333333333,46.45077720207254,47.0,13.746170372639941,0.4791666666666667
2024-01-01 00:42:36.000000,2024-01-01 00:42:42.000000,0,-15.212435233160623,-12.0,15.315142655541454,0.4270833333333333,549.6085765003543,9087.0,0.0,38.58031088082902,40.0,16.488159448106487,0.4375,47.082901554404145,47.0,12.679271464499307,0.4739583333333333
2024-01-01 00:42:39.000000,2024-01-01 00:42:45.000000,0,-15.626943005181348,-14.0,15.799053883917951,0.453125,465.4276096095634,9174.0,0.0,37.38860103626943,39.0,17.41046364652227,0.4583333333333333,47.53367875647668,47.0,12.621911975493191,0.4947916666666667
2024-01-01 00:42:42.000000,2024-01-01 00:42:48.000000,0,-14.32642487046632,-15.0,30.256407313262514,0.609375,726.1609546811543,9031.0,0.0,39.5699481865285,40.0,29.35516224649652,0.5052083333333334,46.79274611398964,47.0,21.664548355329604,0.5520833333333334
2024-01-01 00:42:45.000000,2024-01-01 00:42:51.000000,0,-14.580310880829016,-15.0,30.41663857144938,0.5520833333333334,642.5029170073631,9004.0,0.0,39.16062176165803,40.0,29.69445275824088,0.5208333333333334,46.652849740932645,48.0,22.029542301740626,0.5989583333333334
2024-01-01 00:42:48.000000,2024-01-01 00:42:54.000000,0,-13.740932642487047,-13.0,29.457512361744243,0.5364583333333334,840.9244732032264,9104.0,0.0,37.689119170984455,38.0,28.592808240434618,0.4895833333333333,47.170984455958546,46.0,23.798126404823673,0.5885416666666666
2024-01-01 00:42:51.000000,2024-01-01 00:42:57.000000,0,-13.766839378238341,-14.0,30.804533940843974,0.578125,737.8358525765667,9383.0,0.0,39.37823834196891,41.0,29.802071778603974,0.484375,48.61658031088083,48.0,24.165189639813544,0.5052083333333334
2024-01-01 00:42:54.000000,2024-01-01 00:43:00.000000,0,-12.284974093264248,-10.0,20.40288562424934,0.46875,837.7817757011911,9274.0,0.0,42.73056994818653,42.0,22.608994066395354,0.4895833333333333,48.05181347150259,48.0,18.87920508694754,0.5
2024-01-01 00:42:57.000000,2024-01-01 00:43:03.000000,0,-9.968911917098445,-9.0,19.586322485280625,0.4895833333333333,755.6982779891189,9077.0,0.0,43.92227979274612,44.0,25.014978241888233,0.59375,47.031088082901555,47.0,20.422594395197265,0.53125
2024-01-01 00:43:00.000000,2024-01-01 00:43:06.000000,0,-12.922279792746114,-11.0,23.162675862447504,0.5572916666666666,854.0539790835197,8904.0,0.0,41.26943005181347,42.0,28.95164697723259,0.5833333333333334,46.134715025906736,46.0,22.427487019434622,0.609375
2024-01-01 00:43:03.000000,2024-01-01 00:43:09.000000,0,-14.751295336787564,-12.0,28.31519598791781,0.5625,1027.5562965829156,8826.0,0.0,39.72538860103627,40.0,32.01630814879209,0.53125,45.73056994818653,44.0,27.219783479930552,0.6614583333333334
2024-01-01 00:43:06.000000,2024-01-01 00:43:12.000000,0,-13.735751295336788,-12.0,33.48970016693426,0.5364583333333334,1042.220712032723,8509.0,0.0,41.12435233160622,40.0,37.35799610023558,0.546875,44.0880829015544,46.0,31.993285639225796,0.59375
2024-01-01 00:43:09.000000,2024-01-01 00:43:15.000000,0,-11.409326424870466,-10.0,26.77516954626867,0.46875,1011.1817694007262,8575.0,0.0,41.50777202072539,42.0,31.169081764323572,0.4166666666666667,44.4300518134715,46.0,26.76530964734268,0.4635416666666667
2024-01-01 00:43:12.000000,2024-01-01 00:43:18.000000,0,-8.67357512953368,-8.0,12.901557406222118,0.3854166666666667,616.1263085755066,8695.0,0.0,42.67357512953368,43.0,13.941924789618469,0.3854166666666667,45.05181347150259,45.0,13.737775221933108,0.46875
2024-01-01 00:43:15.000000,2024-01-01 00:43:21.000000,0,-5.880829015544041,-4.0,11.844974995435285,0.4010416666666667,446.68290012505173,8222.0,0.0,45.86010362694301,46.0,12.966949734069008,0.5208333333333334,42.601036269430054,43.0,14.023469872106757,0.4947916666666667
2024-01-01 00:43:18.000000,2024-01-01 00:43:24.000000,0,-3.4507772020725387,-3.0,10.522243894736086,0.4010416666666667,402.12234808846495,8249.0,0.0,46.58031088082902,46.0,13.714918348991961,0.546875,42.740932642487046,42.0,14.309642478959695,0.46875
2024-01-01 00:43:21.000000,2024-01-01 00:43:27.000000,0,0.23316062176165803,0.0,12.640565440119419,0.4010416666666667,633.800333666359,8153.0,0.0,46.487046632124354,45.0,20.461118821308112,0.5677083333333334,42.24352331606217,43.0,19.1851660366785,0.5104166666666666
2024-01-01 00:43:24.000000,2024-01-01 00:43:30.000000,0,1.8186528497409327,1.0,11.878870608173742,0.4375,668.4386580717972,8040.000000000001,0.0,47.067357512953365,48.0,20.283424620489026,0.5520833333333334,41.6580310880829,42.0,19.793126707349582,0.5572916666666666
2024-01-01 00:43:27.000000,2024-01-01 00:43:33.000000,0,0.8808290155440415,0.0,7.964850865468464,0.4427083333333333,462.3970407356996,8206.0,0.0,48.984455958549226,48.0,13.546015974854711,0.515625,42.51813471502591,42.0,13.85832077980316,0.5052083333333334
2024-01-01 00:43:30.000000,2024-01-01 00:43:36.000000,0,1.0155440414507773,0.0,8.546122831886144,0.4375,357.3315882813906,7843.0,0.0,50.740932642487046,49.0,11.764850241672479,0.453125,40.637305699481864,40.0,10.868199837274622,0.515625
2024-01-01 00:43:33.000000,2024-01-01 00:43:39.000000,0,0.09326424870466321,1.0,10.48816824537777,0.2864583333333333,687.6944411098026,6707.0,0.0,52.81347150259067,51.0,8.492424618843296,0.40625,34.751295336787564,36.0,12.042040545558029,0.328125
2024-01-01 00:43:36.000000,2024-01-01 00:43:42.000000,0,-19.792746113989637,-9.0,27.095674416907976,0.015625,1511.8791860381755,3931.0,0.0,48.2020725388601,50.0,14.145287637544786,0.13020833333333334,20.367875647668395,16.0,15.930003274255455,0.08854166666666667
2024-01-01 00:43:39.000000,2024-01-01 00:43:45.000000,0,-40.424870466321245,-44.0,19.92056629646043,0.17708333333333334,1715.712683704696,4564.0,0.0,34.56476683937824,31.0,15.92551680455702,0.13020833333333334,23.647668393782382,20.0,18.00637061031821,0.078125
2024-01-01 00:43:42.000000,2024-01-01 00:43:48.000000,0,-40.715025906735754,-41.0,11.504828339855129,0.28125,755.315743338744,8105.0,0.0,21.694300518134714,21.0,10.60143556772941,0.21354166666666666,41.994818652849744,43.0,12.874998951992852,0.2552083333333333
2024-01-01 00:43:45.000000,2024-01-01 00:43:51.000000,0,-41.92227979274612,-43.0,11.986067040894115,0.24479166666666666,618.5523774326434,8277.0,0.0,18.39896373056995,19.0,8.928033970993802,0.15625,42.8860103626943,42.0,10.180529882446791,0.2916666666666667
2024-01-01 00:43:48.000000,2024-01-01 00:43:54.000000,0,-44.82383419689119,-45.0,15.158882565645559,0.390625,594.2911086566162,7877.0,0.0,12.093264248704664,14.0,15.727219180241324,0.24479166666666666,40.81347150259067,41.0,20.025671671800072,0.3489583333333333
2024-01-01 00:43:51.000000,2024-01-01 00:43:57.000000,0,-45.145077720207254,-46.0,15.911856465095568,0.3385416666666667,597.4747201577846,7617.0,0.0,12.341968911917098,14.0,15.502256228901926,0.1875,39.46632124352332,40.0,20.543403124046865,0.3020833333333333
2024-01-01 00:43:54.000000,2024-01-01 00:44:00.000000,0,-49.12435233160622,-48.0,11.701365559563945,0.359375,1037.092311571892,6006.0,0.0,22.041450777202073,22.0,9.153115474213315,0.19791666666666666,31.11917098445596,32.0,13.09107899713212,0.28125
2024-01-01 00:43:57.000000,2024-01-01 00:44:03.000000,0,-49.55958549222798,-49.0,11.13121660738941,0.4166666666666667,963.8770615876841,6138.0,0.0,20.082901554404145,20.0,10.730766120698606,0.2708333333333333,31.803108808290155,33.0,13.701527844914745,0.3072916666666667
2024-01-01 00:44:00.000000,2024-01-01 00:44:06.000000,0,-49.29015544041451,-49.0,10.843044836662765,0.4010416666666667,814.6774894314013,6369.0,0.0,19.71502590673575,20.0,10.149745077071328,0.2916666666666667,33.0,33.0,12.865894838681063,0.3385416666666667
2024-01-01 00:44:03.000000,2024-01-01 00:44:09.000000,0,-50.880829015544045,-51.0,9.390891827145797,0.3489583333333333,959.705204496017,6002.000000000001,0.0,21.212435233160623,22.0,9.224709275974615,0.265625,31.098445595854923,31.0,11.767967099485654,0.2760416666666667
2024-01-01 00:44:06.000000,2024-01-01 00:44:12.000000,0,-52.72020725388601,-52.0,10.486819900403017,0.4739583333333333,831.9655931153737,5769.0,0.0,20.414507772020727,22.0,9.037779323207191,0.3177083333333333,29.89119170984456,30.0,10.648433723319636,0.3854166666666667
2024-01-01 00:44:09.000000,2024-01-01 00:44:15.000000,0,-53.78756476683938,-53.0,11.670451057817726,0.4427083333333333,793.0161891572849,4901.0,0.0,21.746113989637305,22.0,7.86823770025868,0.3697916666666667,25.39378238341969,25.0,11.729608311444007,0.4270833333333333
2024-01-01 00:44:12.000000,2024-01-01 00:44:18.000000,0,-52.44559585492228,-52.0,11.766318180438438,0.4375,1164.059379004811,5007.0,0.0,23.025906735751295,23.0,7.779135578290375,0.3125,25.94300518134715,27.0,13.76370019308694,0.3385416666666667
2024-01-01 00:44:15.000000,2024-01-01 00:44:21.000000,0,-51.59585492227979,-51.0,10.133092620822932,0.4479166666666667,859.594310356641,5995.000000000001,0.0,20.139896373056995,20.0,8.481973163079774,0.2708333333333333,31.06217616580311,33.0,12.3100682636736,0.4010416666666667
2024-01-01 00:44:18.000000,2024-01-01 00:44:24.000000,0,-52.64248704663213,-52.0,7.793671179171601,0.4791666666666667,613.4837137297172,5876.0,0.0,17.83419689119171,18.0,7.174424447196576,0.2864583333333333,30.44559585492228,31.0,9.703328132998973,0.3489583333333333
2024-01-01 00:44:21.000000,2024-01-01 00:44:27.000000,0,-52.310880829015545,-53.0,11.280825165190679,0.4427083333333333,761.9148423534514,4542.0,0.0,24.694300518134714,23.0,11.481634731026693,0.34375,23.533678756476682,24.0,12.427295036213568,0.3229166666666667
2024-01-01 00:44:24.000000,2024-01-01 00:44:30.000000,0,-32.067357512953365,-29.0,23.70809069358097,0.08854166666666667,982.4655557068618,4690.000000000001,0.0,41.83419689119171,46.0,16.420689169922156,0.140625,24.300518134715027,26.0,14.721471342231322,0.2552083333333333
2024-01-01 00:44:27.000000,2024-01-01 00:44:33.000000,0,-31.23316062176166,-28.0,23.77526154036182,0.057291666666666664,1457.5635012579412,3419.0000000000005,0.0,41.6580310880829,48.0,18.25648144778164,0.057291666666666664,17.71502590673575,20.0,18.903720757111994,0.057291666666666664
2024-01-01 00:44:30.000000,2024-01-01 00:44:36.000000,0,-51.652849740932645,-55.0,13.960834527020465,0.11458333333333333,2015.3388511722148,121.99999999999991,0.16580310880829016,28.212435233160623,24.0,15.55103998321609,0.057291666666666664,-0.6321243523316062,-8.0,17.216283599675513,0.03125
2024-01-01 00:44:33.000000,2024-01-01 00:44:39.000000,0,-42.30569948186528,-47.0,21.999877335189506,0.08854166666666667,2997.3810111631856,1811.0,-0.16580310880829016,30.989637305699482,26.0,20.669016072096927,0.026041666666666668,9.38341968911917,8.0,23.75982548325678,0.046875
2024-01-01 00:44:36.000000,2024-01-01 00:44:42.000000,0,-25.580310880829014,-22.0,20.32509291457688,0.0625,1320.8284465174224,6150.0,0.0,40.35751295336787,42.0,21.12615031461522,0.08333333333333333,31.865284974093264,34.0,14.215692878186017,0.125
2024-01-01 00:44:39.000000,2024-01-01 00:44:45.000000,0,-18.22279792746114,-17.0,22.94415998783777,0.06770833333333333,1142.0510733863412,5253.0,0.0,33.53367875647668,45.0,40.00000202396369,0.078125,27.21761658031088,26.0,12.05647736169471,0.125
2024-01-01 00:44:42.000000,2024-01-01 00:44:48.000000,0,-4.466321243523316,-14.0,36.7453250348544,0.010416666666666666,905.6331915333279,3181.0,0.0,17.17616580310881,44.0,48.33541718007992,0.010416666666666666,16.481865284974095,17.0,14.10307784974344,0.08333333333333333
2024-01-01 00:44:45.000000,2024-01-01 00:44:51.000000,0,-3.7823834196891193,-16.0,30.59725444719504,0.005208333333333333,786.7082941056696,3044.0,0.0,35.803108808290155,59.0,39.234771338082695,0.005208333333333333,15.7720207253886,17.0,12.947805660274431,0.036458333333333336
2024-01-01 00:44:48.000000,2024-01-01 00:44:54.000000,0,-19.507772020725387,-16.0,12.284017042391094,0.0625,555.7341527384132,4051.000000000001,0.0,46.09844559585492,59.0,34.24826102137028,0.010416666666666666,20.989637305699482,18.0,7.379581654037105,0.09375
2024-01-01 00:44:51.000000,2024-01-01 00:44:57.000000,0,-18.746113989637305,-15.0,12.682123159830356,0.052083333333333336,597.1270988821329,3996.0,0.0,46.56476683937824,59.0,34.46914686342312,0.010416666666666666,20.704663212435232,18.0,7.649266646190676,0.09895833333333333
2024-01-01 00:44:54.000000,2024-01-01 00:45:00.000000,0,-15.580310880829016,-15.0,7.512838033627266,0.11458333333333333,583.9247311035529,4029.0,0.0,58.0,59.0,9.27586473956292,0.11979166666666667,20.875647668393782,18.0,8.566229584355218,0.046875
2024-01-01 00:44:57.000000,2024-01-01 00:45:03.000000,0,-15.378238341968911,-14.0,10.432168948197234,0.109375,772.0244729816721,4638.0,0.0,60.84455958549223,59.0,14.971037453537855,0.11979166666666667,24.031088082901555,24.0,10.866570840460328,0.13541666666666666
2024-01-01 00:45:00.000000,2024-01-01 00:45:06.000000,0,-13.103626943005182,-11.0,10.332474962955565,0.08854166666666667,685.2467785014821,4338.0,0.0,66.61139896373057,68.0,17.373629280805833,0.171875,22.476683937823836,21.0,10.668817754549595,0.13541666666666666
2024-01-01 00:45:03.000000,2024-01-01 00:45:09.000000,0,-12.66839378238342,-11.0,9.885484202984752,0.11458333333333333,997.8922523648399,3858.0,0.0,69.66321243523316,71.0,18.659658581456174,0.14583333333333334,19.989637305699482,19.0,10.797853585563557,0.11979166666666667
2024-01-01 00:45:06.000000,2024-01-01 00:45:12.000000,0,-13.715025906735752,-12.0,10.482954026873044,0.09375,995.4767849901536,3535.0,0.0,70.94300518134715,73.0,17.08775954707096,0.11979166666666667,18.316062176165804,18.0,10.304155767429341,0.1875
2024-01-01 00:45:09.000000,2024-01-01 00:45:15.000000,0,-13.803108808290155,-12.0,10.276013264798143,0.15625,978.4114103928056,3573.0,0.0,69.55958549222798,71.0,14.95158240769033,0.13020833333333334,18.512953367875646,17.0,9.917424065066282,0.19270833333333334
2024-01-01 00:45:12.000000,2024-01-01 00:45:18.000000,0,-13.585492227979275,-11.0,9.245730821753614,0.140625,1022.6734318966347,3563.0,0.0,68.2279792746114,68.0,12.207828966810666,0.140625,18.46113989637306,16.0,9.988002842270431,0.15625
2024-01-01 00:45:15.000000,2024-01-01 00:45:21.000000,0,-14.917098445595855,-12.0,10.539774264050106,0.08854166666666667,1067.2735167209282,3611.0,0.0,67.54922279792746,67.0,12.130750866302998,0.13541666666666666,18.70984455958549,16.0,9.692069163146352,0.13020833333333334
2024-01-01 00:45:18.000000,2024-01-01 00:45:24.000000,0,-16.196891191709845,-15.0,11.406439641052506,0.08854166666666667,695.6900453214357,3484.0,0.0,65.56476683937824,63.0,13.29893487560418,0.13541666666666666,18.05181347150259,17.0,8.980152265692707,0.140625
2024-01-01 00:45:21.000000,2024-01-01 00:45:27.000000,0,-18.010362694300518,-17.0,11.260175785569885,0.125,454.5125309482724,2863.0,0.0,63.67875647668394,61.0,16.094461214310005,0.140625,14.83419689119171,15.0,7.855032324261851,0.14583333333333334
2024-01-01 00:45:24.000000,2024-01-01 00:45:30.000000,0,-17.10362694300518,-16.0,12.591731633368392,0.109375,741.6150952435871,3120.0,0.0,68.22279792746114,66.0,24.316213264969846,0.11458333333333333,16.16580310880829,15.0,11.191676199235388,0.16145833333333334
2024-01-01 00:45:27.000000,2024-01-01 00:45:33.000000,0,-14.362694300518134,-12.0,11.658466924783438,0.17708333333333334,1276.2581676902582,3969.0000000000005,0.0,71.72020725388602,72.0,24.06403038333677,0.13020833333333334,20.564766839378237,21.0,12.819142671238245,0.1875
2024-01-01 00:45:30.000000,2024-01-01 00:45:36.000000,0,-13.569948186528498,-13.0,9.483347713306099,0.21875,1347.5058241188838,3976.0,0.0,70.11398963730569,70.0,17.437013468119822,0.140625,20.60103626943005,19.0,12.119259765096464,0.16145833333333334
2024-01-01 00:45:33.000000,2024-01-01 00:45:39.000000,0,-12.7720207253886,-12.0,7.267926440847365,0.19270833333333334,1243.158553396297,3801.0,0.0,69.75647668393782,70.0,14.461794927379836,0.140625,19.694300518134714,18.0,11.091701977757287,0.18229166666666666
2024-01-01 00:45:36.000000,2024-01-01 00:45:42.000000,0,-12.512953367875648,-12.0,7.431008237089303,0.17708333333333334,1228.9529301775149,3846.0,0.0,69.37823834196891,70.0,14.211092462007647,0.14583333333333334,19.927461139896373,18.0,11.18196661481262,0.171875
2024-01-01 00:45:39.000000,2024-01-01 00:45:45.000000,0,-13.005181347150259,-11.0,8.561357837038292,0.15625,1386.051787497061,3931.0000000000005,0.0,69.74093264248705,71.0,14.998792769496962,0.15625,20.367875647668395,18.0,11.737333782328475,0.14583333333333334
2024-01-01 00:45:42.000000,2024-01-01 00:45:48.000000,0,-14.455958549222798,-12.0,9.6241546294522,0.171875,1368.7479630549947,3971.0000000000005,0.0,70.31088082901555,72.0,16.323766407938233,0.13541666666666666,20.575129533678755,18.0,11.888623900113167,0.125
2024-01-01 00:45:45.000000,2024-01-01 00:45:51.000000,0,-15.77720207253886,-14.0,11.089930607575008,0.1875,1450.937966313221,3906.0,0.0,71.6321243523316,71.0,17.878187482267954,0.17708333333333334,20.238341968911918,19.0,12.844631715361931,0.13541666666666666
2024-01-01 00:45:48.000000,2024-01-01 00:45:54.000000,0,-15.932642487046632,-14.0,11.72961981488433,0.19270833333333334,1483.0207695236286,3958.0,0.0,72.37823834196891,71.0,18.391487586119762,0.15625,20.507772020725387,18.0,13.616059440886513,0.171875
2024-01-01 00:45:51.000000,2024-01-01 00:45:57.000000,0,-15.512953367875648,-14.0,11.780151389223418,0.171875,1486.7936402470434,4047.000000000001,0.0,73.0,73.0,19.83420866415732,0.14583333333333334,20.968911917098445,19.0,14.119617977507135,0.1875
2024-01-01 00:45:54.000000,2024-01-01 00:46:00.000000,0,-15.082901554404145,-13.0,11.41697237466219,0.18229166666666666,1480.872933889961,4022.0,0.0,73.52849740932642,72.0,20.580139757007533,0.16666666666666666,20.83937823834197,19.0,15.143759152801715,0.19791666666666666
2024-01-01 00:45:57.000000,2024-01-01 00:46:03.000000,0,-14.77720207253886,-14.0,12.004213602488184,0.1875,1620.5416775467822,3950.0,0.0,73.93264248704664,74.0,21.465345660740248,0.14583333333333334,20.466321243523318,19.0,15.850544004873518,0.19270833333333334
2024-01-01 00:46:00.000000,2024-01-01 00:46:06.000000,0,-14.715025906735752,-14.0,12.161098845479946,0.1875,1698.0772691662373,4097.0,0.0,72.74611398963731,75.0,21.431645165683662,0.109375,21.2279792746114,19.0,16.25832621816388,0.16666666666666666
2024-01-01 00:46:03.000000,2024-01-01 00:46:09.000000,0,-15.191709844559586,-14.0,11.120998047928879,0.15625,1540.6157146528922,4108.0,0.0,70.64248704663213,72.0,18.943492122161203,0.11979166666666667,21.28497409326425,18.0,14.69079332312816,0.17708333333333334
2024-01-01 00:46:06.000000,2024-01-01 00:46:12.000000,0,-15.362694300518134,-14.0,10.544205408798526,0.14583333333333334,1443.4879877009403,4026.0000000000005,0.0,70.26943005181347,72.0,18.2936107979708,0.11458333333333333,20.860103626943005,18.0,13.289489659346296,0.1875
2024-01-01 00:46:09.000000,2024-01-01 00:46:15.000000,0,-14.72538860103627,-14.0,9.183444568628799,0.18229166666666666,1459.1406647867832,4139.0,0.0,69.30051813471502,70.0,17.200195303546362,0.125,21.44559585492228,19.0,13.212935335873807,0.16666666666666666
2024-01-01 00:46:12.000000,2024-01-01 00:46:18.000000,0,-14.409326424870466,-13.0,8.290513910373717,0.19791666666666666,1399.4733928166406,3980.0,0.0,69.28497409326425,69.0,15.8471419651263,0.125,20.621761658031087,18.0,12.848757357441118,0.17708333333333334
2024-01-01 00:46:15.000000,2024-01-01 00:46:21.000000,0,-13.010362694300518,-13.0,8.432322261508647,0.171875,1290.1568840256934,3810.0,0.0,70.19170984455958,71.0,15.823556203185538,0.14583333333333334,19.740932642487046,18.0,12.505633445597537,0.19791666666666666
2024-01-01 00:46:18.000000,2024-01-01 00:46:24.000000,0,-10.792746113989637,-12.0,10.563229719507248,0.171875,991.8484774817854,4287.0,0.0,67.92227979274611,72.0,19.991643331872655,0.13541666666666666,22.212435233160623,20.0,13.466062697001876,0.140625
2024-01-01 00:46:21.000000,2024-01-01 00:46:27.000000,0,-2.917098445595855,-5.0,16.46060220254611,0.10416666666666667,1487.5409054186641,6002.0,0.0,56.02590673575129,57.0,24.906791918646533,0.09375,31.098445595854923,27.0,17.540597186372448,0.08854166666666667
2024-01-01 00:46:24.000000,2024-01-01 00:46:30.000000,0,-3.533678756476684,-6.0,16.036097153518945,0.13020833333333334,1321.444970376139,5698.0,0.0,57.89637305699482,59.0,22.843891354001777,0.11979166666666667,29.523316062176164,26.0,17.114830477682,0.14583333333333334
2024-01-01 00:46:27.000000,2024-01-01 00:46:33.000000,0,-15.238341968911918,-12.0,15.60566074335255,0.13541666666666666,1315.36502397845,5550.0,0.0,57.590673575129536,64.0,27.51445294564477,0.08854166666666667,28.756476683937823,23.0,18.716018429541105,0.13541666666666666
2024-01-01 00:46:30.000000,2024-01-01 00:46:36.000000,0,-17.497409326424872,-15.0,16.409830752837998,0.11979166666666667,1552.0966544234716,5990.000000000001,0.0,54.22279792746114,59.0,29.88967732982119,0.0625,31.036269430051814,25.0,19.985769170679827,0.08854166666666667
2024-01-01 00:46:33.000000,2024-01-01 00:46:39.000000,0,-9.849740932642487,-9.0,16.07674343951643,0.16666666666666666,1195.495700107153,5457.0,0.0,58.61139896373057,63.0,26.181642634745813,0.08854166666666667,28.27461139896373,24.0,16.925456295525517,0.09375
2024-01-01 00:46:36.000000,2024-01-01 00:46:42.000000,0,-13.05181347150259,-11.0,23.135862523688758,0.09375,2297.2974832650266,3343.0000000000005,0.0,54.44041450777202,59.0,27.78484718620244,0.09375,17.321243523316063,19.0,23.06987606769766,0.13541666666666666
2024-01-01 00:46:39.000000,2024-01-01 00:46:45.000000,0,-17.264248704663213,-14.0,19.756792518131334,0.13541666666666666,1530.0817948788217,2505.0000000000005,0.0,62.21243523316062,66.0,25.314715968376685,0.10416666666666667,12.979274611398964,16.0,19.40574403506354,0.10416666666666667
2024-01-01 00:46:42.000000,2024-01-01 00:46:48.000000,0,-11.854922279792746,-11.0,9.23645907075883,0.17708333333333334,1114.824986777084,3978.0,0.0,69.5440414507772,70.0,15.741048323780925,0.13541666666666666,20.61139896373057,20.0,10.739785583840758,0.19270833333333334
2024-01-01 00:46:45.000000,2024-01-01 00:46:51.000000,0,-13.549222797927461,-12.0,11.55642461636142,0.171875,916.3272473985736,3877.9999999999995,0.0,66.96373056994818,67.0,14.678631385238061,0.16145833333333334,20.093264248704664,20.0,8.992566734624987,0.18229166666666666
2024-01-01 00:46:48.000000,2024-01-01 00:46:54.000000,0,-13.839378238341968,-12.0,16.4319969757604,0.10416666666666667,605.6090028364215,4133.0,0.0,52.61139896373057,62.0,39.664206085422585,0.09895833333333333,21.414507772020727,20.0,10.270010796569691,0.16145833333333334
2024-01-01 00:46:51.000000,2024-01-01 00:46:57.000000,0,0.3316062176165803,-2.0,24.904481817418482,0.046875,1172.5680727493022,6109.0,0.0,-0.08290155440414508,-29.0,55.93954482180263,0.005208333333333333,31.65284974093264,29.0,17.281936157662223,0.19270833333333334
2024-01-01 00:46:54.000000,2024-01-01 00:47:00.000000,0,3.9585492227979273,4.0,28.896877389854488,0.16145833333333334,823.3377959711609,7103.0,0.0,-27.533678756476682,-38.0,41.126205091771254,0.09895833333333333,36.803108808290155,34.0,17.737454212813088,0.2708333333333333
2024-01-01 00:46:57.000000,2024-01-01 00:47:03.000000,0,-8.549222797927461,-10.0,23.3092638932888,0.19791666666666666,1004.556672791993,5256.000000000001,0.0,27.34715025906736,49.0,56.91311639119329,0.005208333333333333,27.23316062176166,23.0,16.25200432703429,0.16145833333333334
2024-01-01 00:47:00.000000,2024-01-01 00:47:06.000000,0,-12.699481865284975,-12.0,8.4312692883973,0.234375,1234.2568769996922,3945.0,0.0,69.53367875647669,70.0,16.16162363699158,0.125,20.440414507772022,17.0,11.861958796672457,0.15625
2024-01-01 00:47:03.000000,2024-01-01 00:47:09.000000,0,-12.575129533678757,-12.0,8.214938318190548,0.22916666666666666,1200.6656208948264,3789.0,0.0,70.37305699481865,71.0,15.236869329369346,0.13020833333333334,19.632124352331605,16.0,11.668351253902838,0.16666666666666666
2024-01-01 00:47:06.000000,2024-01-01 00:47:12.000000,0,-12.73056994818653,-12.0,8.203146511814872,0.20833333333333334,1164.8609674830568,3785.0,0.0,70.53886010362694,71.0,15.47914567336331,0.125,19.61139896373057,17.0,11.364659888746065,0.1875
2024-01-01 00:47:09.000000,2024-01-01 00:47:15.000000,0,-13.404145077720207,-13.0,7.952488042252946,0.16666666666666666,1237.9992443224419,3916.0,0.0,68.67875647668394,68.0,15.553014663153329,0.109375,20.29015544041451,18.0,11.492694984055992,0.15625
2024-01-01 00:47:12.000000,2024-01-01 00:47:18.000000,0,-13.709844559585493,-13.0,9.186649987702033,0.17708333333333334,1285.789404149171,3821.0,0.0,68.38341968911917,68.0,15.023527892214664,0.13541666666666666,19.797927461139896,18.0,11.612475145960229,0.15625
2024-01-01 00:47:15.000000,2024-01-01 00:47:21.000000,0,-13.2279792746114,-12.0,9.528457627001773,0.125,1165.6595110424544,3669.0000000000005,0.0,69.20725388601036,69.0,13.797967438735842,0.13541666666666666,19.010362694300518,17.0,10.931600617259473,0.15625
2024-01-01 00:47:18.000000,2024-01-01 00:47:24.000000,0,-12.590673575129534,-11.0,7.999564835962445,0.16666666666666666,1079.256452957957,3701.9999999999995,0.0,68.37305699481865,67.0,14.146396017841777,0.11458333333333333,19.181347150259068,17.0,10.017342474881616,0.14583333333333334
2024-01-01 00:47:21.000000,2024-01-01 00:47:27.000000,0,-15.05699481865285,-13.0,12.21985514119738,0.13020833333333334,1046.7210527565103,3502.9999999999995,0.0,71.11398963730569,71.0,19.392531346390168,0.13541666666666666,18.150259067357513,17.0,10.692833096052446,0.19791666666666666
2024-01-01 00:47:24.000000,2024-01-01 00:47:30.000000,0,-29.326424870466322,-22.0,24.915945700950456,0.08333333333333333,959.9243006565121,2312.0,0.0,51.740932642487046,64.0,39.21156867399782,0.078125,11.979274611398964,13.0,14.065308441495484,0.15625
2024-01-01 00:47:27.000000,2024-01-01 00:47:33.000000,0,-27.2279792746114,-20.0,25.06699034087595,0.09895833333333333,1080.815822959928,2543.0,0.0,49.9119170984456,59.0,37.05355798471214,0.078125,13.176165803108809,14.0,14.853803238195688,0.125
2024-01-01 00:47:30.000000,2024-01-01 00:47:36.000000,0,-13.590673575129534,-12.0,10.898839581874464,0.203125,1253.033823165093,3773.0,0.0,71.23834196891191,73.0,16.89320565306108,0.140625,19.54922279792746,18.0,12.072649526111116,0.18229166666666666
2024-01-01 00:47:33.000000,2024-01-01 00:47:39.000000,0,-13.414507772020725,-13.0,10.538826868378571,0.21354166666666666,1271.47260425153,3797.0,0.0,71.72020725388602,74.0,17.36058922646796,0.11458333333333333,19.673575129533678,17.0,12.543764061850739,0.18229166666666666
2024-01-01 00:47:36.000000,2024-01-01 00:47:42.000000,0,-13.248704663212436,-14.0,9.463763724554672,0.19791666666666666,1362.795053257983,3884.9999999999995,0.0,71.40932642487047,73.0,16.655933504253078,0.13541666666666666,20.129533678756477,18.0,12.751176754934365,0.1875
2024-01-01 00:47:39.000000,2024-01-01 00:47:45.000000,0,-13.720207253886011,-13.0,8.385531684007208,0.171875,1239.7103509159645,3885.0,0.0,70.51813471502591,71.0,15.427617708812246,0.15625,20.129533678756477,19.0,11.560024883288325,0.1875
2024-01-01 00:47:42.000000,2024-01-01 00:47:48.000000,0,-13.523316062176166,-12.0,7.975922451131245,0.13541666666666666,1066.6697742225444,3925.0,0.0,68.64766839378238,67.0,14.522977744117465,0.14583333333333334,20.33678756476684,19.0,10.02369817199111,0.15625
2024-01-01 00:47:45.000000,2024-01-01 00:47:51.000000,0,-12.953367875647668,-12.0,7.139451831373632,0.1875,1090.2786111265339,3872.0,0.0,67.62176165803109,65.0,14.02701794028452,0.13541666666666666,20.06217616580311,18.0,9.970595802473591,0.140625
2024-01-01 00:47:48.000000,2024-01-01 00:47:54.000000,0,-13.010362694300518,-13.0,6.690314545814293,0.15625,1149.261708449455,3846.0000000000005,0.0,68.07253886010362,65.0,14.480048136710419,0.14583333333333334,19.927461139896373,18.0,10.562557804565335,0.171875
2024-01-01 00:47:51.000000,2024-01-01 00:47:57.000000,0,-12.917098445595855,-13.0,7.27677297093061,0.17708333333333334,1156.0160066649605,3824.0,0.0,69.72020725388602,70.0,15.22348979779238,0.13541666666666666,19.813471502590673,18.0,10.707591975170507,0.1875
2024-01-01 00:47:54.000000,2024-01-01 00:48:00.000000,0,-12.968911917098445,-13.0,8.968641396410568,0.20833333333333334,1201.7434839411446,3657.9999999999995,0.0,70.91709844559585,71.0,16.20742396363879,0.15625,18.95336787564767,18.0,11.501942841066938,0.19270833333333334
2024-01-01 00:47:57.000000,2024-01-01 00:48:03.000000,0,-12.927461139896373,-12.0,8.777630320391195,0.234375,1151.0884031078067,3676.0000000000005,0.0,69.81865284974093,70.0,15.595581113221373,0.10416666666666667,19.04663212435233,18.0,11.252911732192002,0.171875
2024-01-01 00:48:00.000000,2024-01-01 00:48:06.000000,0,-13.17098445595855,-12.0,8.423478322322207,0.1875,1134.167375689784,3663.0,0.0,70.0880829015544,71.0,15.492858333000562,0.15625,18.979274611398964,18.0,10.352615686598442,0.171875
2024-01-01 00:48:03.000000,2024-01-01 00:48:09.000000,0,-27.932642487046632,-20.0,24.646894280383357,0.057291666666666664,887.9451805599894,3003.0000000000005,0.0,52.13989637305699,65.0,32.782206078997675,0.057291666666666664,15.55958549222798,15.0,11.308082647408526,0.140625
2024-01-01 00:48:06.000000,2024-01-01 00:48:12.000000,0,-35.538860103626945,-28.0,26.796101099050496,0.041666666666666664,602.9027176116531,2673.0,0.0,43.13989637305699,48.0,31.83725075137412,0.03125,13.849740932642487,14.0,9.967301354263412,0.171875
2024-01-01 00:48:09.000000,2024-01-01 00:48:15.000000,0,-20.83419689119171,-15.0,20.353477167678253,0.09895833333333333,790.822195621277,3212.0,0.0,61.66321243523316,66.0,23.087143428970254,0.109375,16.642487046632123,15.0,9.961993296978779,0.16666666666666666
2024-01-01 00:48:12.000000,2024-01-01 00:48:18.000000,0,-12.233160621761659,-11.0,7.184513064869088,0.13541666666666666,1206.2512435885599,3667.0,0.0,69.74093264248705,71.0,14.765007660308914,0.14583333333333334,19.0,17.0,10.824355254086345,0.171875
2024-01-01 00:48:15.000000,2024-01-01 00:48:21.000000,0,-12.621761658031089,-12.0,7.808711948654782,0.14583333333333334,1150.0712746002598,3710.0,0.0,69.23834196891191,69.0,15.238218855997625,0.140625,19.22279792746114,17.0,10.719292306281028,0.17708333333333334
2024-01-01 00:48:18.000000,2024-01-01 00:48:24.000000,0,-12.803108808290155,-12.0,9.419759300798198,0.15625,1153.7454894959858,3603.0,0.0,70.23316062176166,71.0,14.645908802322284,0.140625,18.66839378238342,17.0,11.387762346518935,0.19791666666666666
2024-01-01 00:48:21.000000,2024-01-01 00:48:27.000000,0,-12.813471502590673,-11.0,9.853955681522137,0.16145833333333334,1255.4984740996256,3751.0,0.0,70.26424870466322,71.0,15.387278856395975,0.125,19.435233160621763,17.0,12.14741064969106,0.203125
2024-01-01 00:48:24.000000,2024-01-01 00:48:30.000000,0,-12.689119170984457,-11.0,8.715212738325208,0.16145833333333334,1283.857221504727,3838.0,0.0,69.71502590673575,71.0,16.330143144796182,0.125,19.8860103626943,19.0,11.894828232782181,0.17708333333333334
2024-01-01 00:48:27.000000,2024-01-01 00:48:33.000000,0,-12.839378238341968,-10.0,9.357489403933744,0.140625,1186.8556029440429,3663.0,0.0,70.75129533678756,71.0,16.05233338700421,0.19791666666666666,18.979274611398964,18.0,11.25599772955456,0.15104166666666666
2024-01-01 00:48:30.000000,2024-01-01 00:48:36.000000,0,-13.310880829015543,-11.0,10.06006625595806,0.140625,1278.9455937608868,3590.0,0.0,71.51295336787565,72.0,16.956779865873386,0.19270833333333334,18.60103626943005,18.0,12.509221555338796,0.171875
2024-01-01 00:48:33.000000,2024-01-01 00:48:39.000000,0,-29.06217616580311,-24.0,23.510996306472652,0.08333333333333333,2083.3478895263875,1325.0000000000002,0.16580310880829016,56.38860103626943,58.0,25.611465421828942,0.057291666666666664,6.865284974093265,12.0,23.306438824358715,0.07291666666666667
2024-01-01 00:48:36.000000,2024-01-01 00:48:42.000000,0,-49.310880829015545,-47.0,23.020523808280288,0.11458333333333333,1428.6728777707328,1653.0,0.0,35.3419689119171,33.0,22.06305240713219,0.11979166666666667,-8.564766839378239,-9.0,22.20588327806158,0.06770833333333333
2024-01-01 00:48:39.000000,2024-01-01 00:48:45.000000,0,-56.362694300518136,-57.0,21.560067664618682,0.125,1549.9727774780392,2057.0,0.0,23.77720207253886,26.0,20.57246082057667,0.08333333333333333,-10.658031088082902,-8.0,16.449010553420173,0.10416666666666667
2024-01-01 00:48:42.000000,2024-01-01 00:48:48.000000,0,-56.90155440414508,-57.0,21.50352799708093,0.140625,1032.4033573803958,1768.9999999999998,0.0,24.932642487046632,30.0,25.05225001874537,0.08333333333333333,-9.16580310880829,-9.0,13.174844697953695,0.11458333333333333
2024-01-01 00:48:45.000000,2024-01-01 00:48:51.000000,0,-55.27979274611399,-56.0,21.622819156857307,0.16145833333333334,969.2585580066799,2494.0,0.0,28.569948186528496,30.0,22.194841003818915,0.13020833333333334,-12.922279792746114,-11.0,17.026914080619783,0.13020833333333334
2024-01-01 00:48:48.000000,2024-01-01 00:48:54.000000,0,-46.601036269430054,-41.0,24.37171770558146,0.09895833333333333,1264.1353875380266,1731.9999999999998,0.0,37.83419689119171,33.0,23.769366479046056,0.09895833333333333,-8.974093264248705,-5.0,21.06622376409109,0.078125
2024-01-01 00:48:51.000000,2024-01-01 00:48:57.000000,0,-25.740932642487046,-21.0,22.133243124517023,0.09375,1501.4202983297462,1593.0000000000002,0.0,58.69948186528497,61.0,22.20273185473966,0.09895833333333333,8.253886010362693,12.0,17.728649069827775,0.11979166666666667
2024-01-01 00:48:54.000000,2024-01-01 00:49:00.000000,0,-13.533678756476684,-10.0,10.880513709552739,0.09375,871.7150735459188,3317.0,0.0,68.35233160621762,67.0,12.95345060422632,0.16666666666666666,17.186528497409327,15.0,9.390067051947451,0.15625
2024-01-01 00:48:57.000000,2024-01-01 00:49:03.000000,0,-14.191709844559586,-11.0,12.477042822000648,0.11458333333333333,1012.2491184349203,3144.0,0.0,69.82901554404145,69.0,15.987846541877753,0.16666666666666666,16.29015544041451,15.0,10.249936812644867,0.15625
2024-01-01 00:49:00.000000,2024-01-01 00:49:06.000000,0,-13.953367875647668,-13.0,10.701581929127938,0.13541666666666666,1106.6976552828737,3195.0,0.0,71.7720207253886,72.0,18.57389085292133,0.15625,16.55440414507772,15.0,10.658935696868742,0.14583333333333334
2024-01-01 00:49:03.000000,2024-01-01 00:49:09.000000,0,-12.849740932642487,-13.0,7.5920196886841556,0.14583333333333334,1233.182466096526,3411.0,0.0,70.69430051813471,71.0,16.942144770661464,0.17708333333333334,17.673575129533678,16.0,10.684986359656477,0.14583333333333334
2024-01-01 00:49:06.000000,2024-01-01 00:49:12.000000,0,-12.7720207253886,-11.0,7.234166946942463,0.10416666666666667,1206.1976559653456,3409.0,0.0,69.63730569948187,68.0,14.317204721462543,0.21875,17.66321243523316,17.0,10.458028417274036,0.16666666666666666
2024-01-01 00:49:09.000000,2024-01-01 00:49:15.000000,0,-12.77720207253886,-11.0,8.259281297273734,0.11979166666666667,1189.873714004729,3302.0,0.0,70.84974093264249,70.0,16.316313808170683,0.17708333333333334,17.10880829015544,16.0,10.404504990304163,0.16145833333333334
2024-01-01 00:49:12.000000,2024-01-01 00:49:18.000000,0,-12.461139896373057,-12.0,8.561650976527178,0.19270833333333334,1209.8187341397381,3112.0,0.0,71.139896373057,72.0,18.12646873329733,0.1875,16.124352331606218,16.0,10.71627839435015,0.15104166666666666
2024-01-01 00:49:15.000000,2024-01-01 00:49:21.000000,0,-12.22279792746114,-12.0,8.100096350095413,0.1875,1252.2109404940957,3227.0,0.0,69.69430051813471,71.0,17.826268615820442,0.171875,16.72020725388601,16.0,10.999737494905139,0.13541666666666666
2024-01-01 00:49:18.000000,2024-01-01 00:49:24.000000,0,-12.82901554404145,-12.0,8.417292936566094,0.15625,1272.9651084751224,3524.0,0.0,69.860103626943,71.0,18.573786243140418,0.15104166666666666,18.259067357512954,18.0,10.768164554632683,0.14583333333333334
2024-01-01 00:49:21.000000,2024-01-01 00:49:27.000000,0,-13.352331606217616,-12.0,9.087549131795544,0.1875,1210.4967386350445,3576.0000000000005,0.0,71.12435233160622,73.0,19.949547763258924,0.13541666666666666,18.528497409326423,19.0,10.399843063782033,0.16666666666666666
2024-01-01 00:49:24.000000,2024-01-01 00:49:30.000000,0,-21.808290155440414,-18.0,21.52516777128666,0.17708333333333334,1135.3275211453958,3141.0,0.0,62.07253886010363,65.0,23.193365661501513,0.140625,16.27461139896373,17.0,16.030967037115317,0.1875
2024-01-01 00:49:27.000000,2024-01-01 00:49:33.000000,0,-28.310880829015545,-27.0,23.5389025460888,0.2552083333333333,1160.8233654760948,2618.0,0.0,54.59585492227979,55.0,22.009287419833534,0.15104166666666666,13.564766839378239,9.0,19.792601786835107,0.22916666666666666
2024-01-01 00:49:30.000000,2024-01-01 00:49:36.000000,0,-40.64248704663213,-38.0,25.62208637970472,0.140625,1261.4848089186569,987.0,0.16580310880829016,42.04663212435233,41.0,24.912616063335683,0.11458333333333333,5.1139896373057,2.0,18.478519656276372,0.2708333333333333
2024-01-01 00:49:33.000000,2024-01-01 00:49:39.000000,0,-52.03626943005181,-52.0,24.28720793635398,0.11458333333333333,1637.6378819986105,626.0,0.16580310880829016,25.3419689119171,17.0,29.32464034766431,0.052083333333333336,-3.243523316062176,-3.0,15.508323437913022,0.09375
2024-01-01 00:49:36.000000,2024-01-01 00:49:42.000000,0,-33.626943005181346,-28.0,25.34194685286846,0.057291666666666664,1656.772701716475,1226.0000000000002,0.16580310880829016,44.53367875647668,47.0,36.47016696676567,0.057291666666666664,6.352331606217617,9.0,17.42245340232342,0.09895833333333333
2024-01-01 00:49:39.000000,2024-01-01 00:49:45.000000,0,-20.963730569948186,-19.0,14.31977546415083,0.13541666666666666,657.0955576206613,2878.0,0.0,64.8238341968912,62.0,18.73110302782602,0.14583333333333334,14.911917098445596,13.0,8.19727552258014,0.203125
2024-01-01 00:49:42.000000,2024-01-01 00:49:48.000000,0,-21.860103626943005,-17.0,15.403128537385044,0.109375,676.5364427568671,2888.0,0.0,63.310880829015545,60.0,17.17485855567956,0.15625,14.963730569948186,13.0,8.148602293872003,0.203125
2024-01-01 00:49:45.000000,2024-01-01 00:49:51.000000,0,-18.673575129533678,-15.0,12.93300751975521,0.10416666666666667,769.25202902426,3398.0,0.0,62.73056994818653,59.0,16.12515982435422,0.16666666666666666,17.60621761658031,17.0,8.21205685602353,0.16145833333333334
2024-01-01 00:49:48.000000,2024-01-01 00:49:54.000000,0,-18.124352331606218,-17.0,11.569764732203904,0.15625,700.2718113304741,3570.0,0.0,61.83419689119171,55.0,17.635294614735866,0.13541666666666666,18.497409326424872,18.0,7.593256569930164,0.17708333333333334
2024-01-01 00:49:51.000000,2024-01-01 00:49:57.000000,0,-19.22279792746114,-18.0,11.064069966073175,0.15104166666666666,661.4215959628222,3533.0,0.0,61.06217616580311,55.0,17.757811351335988,0.13541666666666666,18.305699481865286,18.0,7.127910125933482,0.17708333333333334
2024-01-01 00:49:54.000000,2024-01-01 00:50:00.000000,0,-19.803108808290155,-19.0,9.746398409240243,0.13020833333333334,632.9842678561238,3383.0,0.0,59.84974093264249,56.0,16.079658877601677,0.125,17.528497409326423,17.0,6.6372109417004905,0.140625
2024-01-01 00:49:57.000000,2024-01-01 00:50:03.000000,0,-16.202072538860104,-15.0,8.668405025274875,0.13541666666666666,698.2800759253327,3495.0,0.0,61.766839378238345,59.0,15.243937963857674,0.16145833333333334,18.10880829015544,17.0,7.1021985394147,0.14583333333333334
2024-01-01 00:50:00.000000,2024-01-01 00:50:06.000000,0,-15.243523316062177,-14.0,8.375172387574414,0.16666666666666666,773.4772305602239,3554.0,0.0,63.1139896373057,61.0,15.476038641096935,0.140625,18.414507772020727,19.0,7.036674529088631,0.14583333333333334
2024-01-01 00:50:03.000000,2024-01-01 00:50:09.000000,0,-23.015544041450777,-19.0,16.590495736746956,0.11458333333333333,570.6448633373157,2930.0,0.0,57.36787564766839,53.0,21.295158001709904,0.10416666666666667,15.181347150259068,15.0,8.695860141032668,0.13541666666666666
2024-01-01 00:50:06.000000,2024-01-01 00:50:12.000000,0,-23.533678756476682,-20.0,16.301206353634228,0.109375,632.2754293649015,2771.0,0.0,58.715025906735754,58.0,21.831901164645895,0.13020833333333334,14.357512953367875,14.0,9.630228992555168,0.15625
2024-01-01 00:50:09.000000,2024-01-01 00:50:15.000000,0,-24.2279792746114,-22.0,16.180616121857096,0.11458333333333333,592.0630193848399,2846.0,0.0,59.27461139896373,60.0,20.756330058042806,0.14583333333333334,14.746113989637307,14.0,8.75314216959289,0.10416666666666667
2024-01-01 00:50:12.000000,2024-01-01 00:50:18.000000,0,-22.098445595854923,-19.0,16.620007009261762,0.09375,488.99777971466756,2913.0,0.0,59.45077720207254,60.0,18.67147199821993,0.17708333333333334,15.093264248704664,14.0,7.645233142947133,0.16145833333333334
2024-01-01 00:50:15.000000,2024-01-01 00:50:21.000000,0,-13.44041450777202,-11.0,6.7744790570164914,0.125,705.7516309594089,3378.0,0.0,65.66839378238342,63.0,10.956537527619199,0.16145833333333334,17.502590673575128,16.0,6.652947617669499,0.16145833333333334
2024-01-01 00:50:18.000000,2024-01-01 00:50:24.000000,0,-12.963730569948186,-10.0,7.730737524779212,0.10416666666666667,631.588806710234,3421.0,0.0,65.89119170984456,65.0,10.37292022977446,0.203125,17.72538860103627,16.0,6.421985996954345,0.14583333333333334
2024-01-01 00:50:21.000000,2024-01-01 00:50:27.000000,9,-12.658031088082902,-10.0,8.199158382817627,0.10416666666666667,706.2049308585266,3524.0,0.0,66.30051813471502,67.0,11.256611471196447,0.14583333333333334,18.259067357512954,16.0,7.081021668915277,0.14583333333333334
2024-01-01 00:50:24.000000,2024-01-01 00:50:30.000000,9,-13.549222797927461,-12.0,8.498707739825953,0.11458333333333333,811.6718723109559,3503.0000000000005,0.0,66.5440414507772,66.0,12.186885806675123,0.11979166666666667,18.150259067357513,17.0,7.97673782236205,0.16666666666666666
2024-01-01 00:50:27.000000,2024-01-01 00:50:33.000000,9,-17.83419689119171,-14.0,22.11672329893977,0.171875,564.4450307228137,3291.0,0.0,63.917098445595855,66.0,23.234165034932204,0.15625,17.05181347150259,16.0,12.299534600207139,0.19791666666666666
2024-01-01 00:50:30.000000,2024-01-01 00:50:36.000000,9,-17.259067357512954,-14.0,21.986151729569404,0.15625,505.1294188121565,3217.0,0.0,63.9119170984456,64.0,23.739636180722982,0.15104166666666666,16.66839378238342,16.0,12.2854031786016,0.1875
2024-01-01 00:50:33.000000,2024-01-01 00:50:39.000000,9,-13.49740932642487,-13.0,8.434258236706667,0.13541666666666666,787.8767888649098,3283.0,0.0,66.5958549222798,66.0,13.074003444323248,0.125,17.010362694300518,16.0,8.829395527928346,0.19791666666666666
2024-01-01 00:50:36.000000,2024-01-01 00:50:42.000000,9,-13.310880829015543,-12.0,8.049762920376352,0.09895833333333333,849.7219184419541,3309.0,0.0,66.64766839378238,66.0,12.352049730960902,0.17708333333333334,17.145077720207254,17.0,8.194871943221752,0.16666666666666666
2024-01-01 00:50:39.000000,2024-01-01 00:50:45.000000,9,-15.367875647668393,-12.0,14.925314211693815,0.08333333333333333,876.6543160853456,3401.0,0.0,62.4300518134715,63.0,15.998910395757205,0.16145833333333334,17.621761658031087,17.0,7.986769202691654,0.09895833333333333
2024-01-01 00:50:42.000000,2024-01-01 00:50:48.000000,9,-25.181347150259068,-18.0,20.5655269871469,0.052083333333333336,909.0028478791614,4896.0,0.0,50.33160621761658,54.0,23.392571069910097,0.06770833333333333,25.367875647668395,25.0,16.48877156282791,0.11979166666666667
2024-01-01 00:50:45.000000,2024-01-01 00:50:51.000000,9,-37.67875647668394,-35.0,23.52260469801185,0.13020833333333334,1231.8815324821473,6458.0,0.0,28.8860103626943,28.0,27.522669844222207,0.14583333333333334,33.461139896373055,33.0,22.957383360853697,0.11979166666666667
2024-01-01 00:50:48.000000,2024-01-01 00:50:54.000000,9,-45.98963730569948,-48.0,22.433928368773657,0.171875,1481.0180843967098,6618.0,0.0,9.823834196891191,8.0,19.78135832812548,0.16145833333333334,34.29015544041451,39.0,26.82133705335882,0.13541666666666666
2024-01-01 00:50:51.000000,2024-01-01 00:50:57.000000,9,-52.66839378238342,-54.0,14.217575904285779,0.16145833333333334,1682.745199846054,5334.0,0.0,-2.7927461139896375,-6.0,16.013293605847647,0.09375,27.637305699481864,26.0,23.382531250977436,0.10416666666666667
2024-01-01 00:50:54.000000,2024-01-01 00:51:00.000000,9,-49.87564766839378,-54.0,18.2224414562159,0.08854166666666667,1639.3074668565016,2576.0000000000005,0.0,-23.269430051813472,-25.0,19.27730607115442,0.07291666666666667,13.347150259067357,13.0,26.706520440225457,0.09375
2024-01-01 00:50:57.000000,2024-01-01 00:51:03.000000,9,-27.533678756476682,-29.0,34.027564736799754,0.11458333333333333,2683.7068351349294,3792.0,0.0,-30.409326424870468,-35.0,20.515830170011814,0.13541666666666666,19.647668393782382,12.0,37.25447690174697,0.09375
2024-01-01 00:51:00.000000,2024-01-01 00:51:06.000000,9,-30.264248704663213,-41.0,32.54800327625578,0.078125,2361.2403078635302,6026.000000000001,0.0,-18.730569948186528,-8.0,23.87728933584451,0.057291666666666664,31.22279792746114,31.0,28.03786685087677,0.07291666666666667
2024-01-01 00:51:03.000000,2024-01-01 00:51:09.000000,9,-37.523316062176164,-35.0,14.45037216175162,0.03125,1851.6183103522378,8125.0,0.0,-0.046632124352331605,9.0,20.419376560492015,0.036458333333333336,42.09844559585492,47.0,18.934526655149764,0.046875
2024-01-01 00:51:06.000000,2024-01-01 00:51:12.000000,9,-23.523316062176164,-23.0,5.466824698103349,0.09895833333333333,127.64920820435951,11129.0,0.0,13.461139896373057,13.0,1.917515956613854,0.20833333333333334,57.66321243523316,58.0,3.1845237807001254,0.15104166666666666
2024-01-01 00:51:09.000000,2024-01-01 00:51:15.000000,9,-22.082901554404145,-23.0,2.0899979753896885,0.234375,33.811387085032095,11230.999999999998,0.0,12.8860103626943,13.0,0.6434454294851965,0.265625,58.19170984455958,58.0,0.8597078469096346,0.3385416666666667
2024-01-01 00:51:12.000000,2024-01-01 00:51:18.000000,9,-22.44559585492228,-22.0,1.035008948423181,0.2864583333333333,33.85408776543781,11215.0,0.0,12.94300518134715,13.0,0.46977974113551046,0.16666666666666666,58.10880829015544,58.0,0.6642470122358474,0.3177083333333333
2024-01-01 00:51:15.000000,2024-01-01 00:51:21.000000,9,-22.207253886010363,-22.0,1.1585502896930457,0.2552083333333333,29.04883485943308,11224.0,0.0,12.989637305699482,13.0,0.7070304486142752,0.125,58.15544041450777,58.0,0.7336296308309534,0.34375
2024-01-01 00:51:18.000000,2024-01-01 00:51:24.000000,9,-23.632124352331605,-23.0,11.12497210413533,0.15104166666666666,721.1698546576265,10510.0,0.0,7.3782383419689115,13.0,16.12473975904926,0.005208333333333333,54.4559585492228,58.0,14.083433612993892,0.015625
2024-01-01 00:51:21.000000,2024-01-01 00:51:27.000000,9,-23.46113989637306,-22.0,16.143877604545168,0.10416666666666667,1740.974847140129,9525.0,0.0,2.098445595854922,13.0,23.334426633651056,0.010416666666666666,49.35233160621762,58.0,20.142725301113824,0.03125
2024-01-01 00:51:24.000000,2024-01-01 00:51:30.000000,9,-12.466321243523316,-11.0,19.693488651085467,0.08854166666666667,1575.5836936749956,9830.000000000002,0.0,12.77720207253886,18.0,22.97002345552771,0.015625,50.932642487046635,60.0,16.980093178044136,0.07291666666666667
2024-01-01 00:51:27.000000,2024-01-01 00:51:33.000000,9,17.23316062176166,35.0,23.575290269954433,0.005208333333333333,1840.3800032843694,7976.000000000001,0.0,32.74611398963731,41.0,12.715344975308577,0.005208333333333333,41.32642487046632,30.0,15.112500901771519,0.026041666666666668
2024-01-01 00:51:30.000000,2024-01-01 00:51:36.000000,9,20.917098445595855,36.0,20.58552707293321,0.005208333333333333,1824.8798113768412,7835.0,0.0,33.984455958549226,41.0,11.024818915717033,0.015625,40.59585492227979,29.0,15.113886530676874,0.036458333333333336
2024-01-01 00:51:33.000000,2024-01-01 00:51:39.000000,9,-0.7927461139896373,-6.0,13.567291750397887,0.046875,570.0598671134368,10781.000000000002,0.0,24.683937823834196,23.0,7.9042842441792835,0.026041666666666668,55.86010362694301,59.0,8.89031038486312,0.036458333333333336
2024-01-01 00:51:36.000000,2024-01-01 00:51:42.000000,9,-6.321243523316062,-6.0,0.4681685368851564,0.2760416666666667,13.461772875516145,11346.0,0.0,23.077720207253886,23.0,0.2684271014787624,0.13541666666666666,58.78756476683938,59.0,0.43475421361058536,0.3645833333333333
2024-01-01 00:51:39.000000,2024-01-01 00:51:45.000000,9,-6.455958549222798,-6.0,0.49935191158762804,0.2604166666666667,13.696099508319621,11350.0,0.0,23.072538860103627,23.0,0.2600526384871154,0.08333333333333333,58.80829015544042,59.0,0.4076529349475229,0.2916666666666667
2024-01-01 00:51:42.000000,2024-01-01 00:51:48.000000,9,-6.694300518134715,-7.0,0.4619012485208787,0.1875,13.478579059517575,11348.0,0.0,23.04663212435233,23.0,0.2113980112749034,0.03125,58.7979274611399,59.0,0.42768253281771434,0.265625
2024-01-01 00:51:45.000000,2024-01-01 00:51:51.000000,9,-6.901554404145077,-7.0,0.29869101299423706,0.10416666666666667,12.598893112033927,11357.0,0.0,23.00518134715026,23.0,0.07198157507486956,0.010416666666666666,58.84455958549223,59.0,0.3773315543389233,0.22916666666666666
2024-01-01 00:51:48.000000,2024-01-01 00:51:54.000000,9,-6.979274611398964,-7.0,0.1428340099701228,0.041666666666666664,11.04275993960126,11357.0,0.0,23.00518134715026,23.0,0.07198157507486969,0.010416666666666666,58.84455958549223,59.0,0.36326634200426716,0.21354166666666666
2024-01-01 00:51:51.000000,2024-01-01 00:51:57.000000,9,-7.005181347150259,-7.0,0.12489200861914972,0.020833333333333332,11.00293114501467,11362.0,0.0,23.0,23.0,0.0,0.0,58.870466321243526,59.0,0.3366629901131357,0.19791666666666666
2024-01-01 00:51:54.000000,2024-01-01 00:52:00.000000,9,-7.0310880829015545,-7.0,0.17400717631559443,0.041666666666666664,10.934226364590396,11367.0,0.0,23.0,23.0,0.0,0.0,58.89637305699482,59.0,0.30556863948540264,0.1875
2024-01-01 00:51:57.000000,2024-01-01 00:52:03.000000,9,-7.119170984455959,-7.0,0.3404888287257703,0.125,8.342465894081066,11368.0,0.0,22.963730569948186,23.0,0.21343073122060235,0.052083333333333336,58.90155440414508,59.0,0.29869101299423617,0.17708333333333334
2024-01-01 00:52:00.000000,2024-01-01 00:52:06.000000,9,-7.725388601036269,-7.0,2.6264337313318458,0.21354166666666666,39.39434131414451,11358.0,0.0,22.569948186528496,23.0,1.3868911942908073,0.171875,58.84974093264249,59.0,1.1784578708498137,0.23958333333333334
2024-01-01 00:52:03.000000,2024-01-01 00:52:09.000000,9,-10.196891191709845,-12.0,3.5900021288258404,0.09895833333333333,51.67290280210262,11315.0,0.0,22.21761658031088,22.0,1.7121807847665103,0.1875,58.626943005181346,59.0,1.5497645929655453,0.3541666666666667
2024-01-01 00:52:06.000000,2024-01-01 00:52:12.000000,9,-16.854922279792746,-13.0,7.433713260038334,0.026041666666666668,354.747448272922,10870.000000000002,0.0,22.917098445595855,22.0,2.8927653788603354,0.09895833333333333,56.32124352331606,58.0,3.5896863993385075,0.08854166666666667
2024-01-01 00:52:09.000000,2024-01-01 00:52:15.000000,9,-25.787564766839377,-26.0,11.849817631209302,0.15104166666666666,610.3736357788231,10024.0,0.0,20.683937823834196,24.0,7.480432880485418,0.06770833333333333,51.93782383419689,53.0,11.38695660202075,0.21354166666666666
2024-01-01 00:52:12.000000,2024-01-01 00:52:18.000000,9,-9.870466321243523,-21.0,34.25104633879446,0.026041666666666668,1003.2606675375729,9262.0,0.0,-1.6476683937823835,-2.0,21.51066129208485,0.036458333333333336,47.98963730569948,52.0,13.749617281531911,0.11979166666666667
2024-01-01 00:52:15.000000,2024-01-01 00:52:21.000000,9,-0.39378238341968913,16.0,37.613583022713534,0.026041666666666668,842.793526682888,8819.0,0.0,-23.134715025906736,-22.0,10.290189859290342,0.203125,45.69430051813472,49.0,13.226583815560677,0.140625
2024-01-01 00:52:18.000000,2024-01-01 00:52:24.000000,9,1.7098445595854923,13.0,31.3939809198602,0.0625,713.6330776725222,9315.0,0.0,-26.507772020725387,-25.0,12.085252363842253,0.22395833333333334,48.26424870466321,51.0,12.625520475257918,0.24479166666666666
2024-01-01 00:52:21.000000,2024-01-01 00:52:27.000000,9,-11.404145077720207,-8.0,36.619558518122204,0.036458333333333336,1653.3015880711132,8021.0,0.0,-25.61139896373057,-24.0,11.816711092920068,0.19270833333333334,41.55958549222798,45.0,17.291852122525466,0.078125
2024-01-01 00:52:24.000000,2024-01-01 00:52:30.000000,9,-21.818652849740932,-27.0,37.67920049920204,0.041666666666666664,2460.6165071671903,7682.000000000001,0.0,-19.761658031088082,-20.0,16.47868513878706,0.203125,39.803108808290155,32.0,26.081055358599034,0.0625
2024-01-01 00:52:27.000000,2024-01-01 00:52:33.000000,9,-1.7098445595854923,8.0,29.5128636585791,0.046875,1210.3787183856964,10161.0,0.0,-18.865284974093264,-21.0,15.899504940099295,0.21875,52.64766839378238,58.0,23.94764704982096,0.11979166666666667
2024-01-01 00:52:30.000000,2024-01-01 00:52:36.000000,9,-4.450777202072539,7.0,23.108866261970626,0.026041666666666668,725.3672051851978,10324.0,0.0,-24.020725388601036,-23.0,12.635498336871034,0.08854166666666667,53.49222797927461,55.0,12.520033600770464,0.13541666666666666
2024-01-01 00:52:33.000000,2024-01-01 00:52:39.000000,9,-17.05181347150259,-20.0,25.75965452760756,0.09375,840.6280702432198,9731.0,0.0,-22.186528497409327,-23.0,14.187598196079648,0.13541666666666666,50.41968911917098,50.0,11.15585729499007,0.20833333333333334
2024-01-01 00:52:36.000000,2024-01-01 00:52:42.000000,9,-28.150259067357513,-20.0,25.48596861582273,0.015625,2079.788544087846,8905.0,0.0,-13.699481865284975,-14.0,11.789952013479029,0.06770833333333333,46.13989637305699,52.0,22.47767674988985,0.109375
2024-01-01 00:52:39.000000,2024-01-01 00:52:45.000000,9,-37.97409326424871,-41.0,23.641073727986416,0.046875,1858.0603006672504,7208.0,0.0,-17.932642487046632,-19.0,14.288712829889914,0.08333333333333333,37.347150259067355,39.0,22.434132863953373,0.140625
2024-01-01 00:52:42.000000,2024-01-01 00:52:48.000000,9,-50.082901554404145,-54.0,18.116042840637085,0.15104166666666666,1976.2300199515928,4211.0,0.0,-23.036269430051814,-22.0,11.579153797969408,0.140625,21.818652849740932,23.0,18.691387952541156,0.09375
2024-01-01 00:52:45.000000,2024-01-01 00:52:51.000000,9,-43.1139896373057,-50.0,17.419381600793372,0.015625,2931.481471876354,5795.0,0.0,-21.207253886010363,-21.0,9.500468695828348,0.10416666666666667,30.025906735751295,34.0,24.078741322559964,0.041666666666666664
2024-01-01 00:52:48.000000,2024-01-01 00:52:54.000000,9,-38.33678756476684,-29.0,21.13462660445754,0.026041666666666668,2205.577286151436,7090.0,0.0,-21.05699481865285,-19.0,10.165908370882624,0.09375,36.73575129533679,46.0,19.93185308171714,0.09895833333333333
2024-01-01 00:52:51.000000,2024-01-01 00:52:57.000000,9,-17.212435233160623,-3.0,37.00888759779537,0.010416666666666666,2974.047151639648,8211.999999999998,0.0,-14.839378238341968,-13.0,9.821856135412098,0.16666666666666666,42.54922279792746,50.0,24.392812122569584,0.06770833333333333
2024-01-01 00:52:54.000000,2024-01-01 00:53:00.000000,9,7.455958549222798,5.0,15.36701616010536,0.078125,502.3300767346359,11676.0,0.0,-13.352331606217616,-13.0,7.800254219540834,0.203125,60.49740932642487,61.0,8.679552331204698,0.22395833333333334
2024-01-01 00:52:57.000000,2024-01-01 00:53:03.000000,9,-7.0310880829015545,-9.0,15.233565849708636,0.203125,391.0910798749756,11673.0,0.0,-9.243523316062177,-12.0,10.991842241176965,0.10416666666666667,60.48186528497409,61.0,6.513682125796747,0.2760416666666667
2024-01-01 00:53:00.000000,2024-01-01 00:53:06.000000,9,-10.917098445595855,-10.0,9.246810704442892,0.15625,354.2751399834141,11752.0,0.0,-11.507772020725389,-15.0,12.051157953951483,0.057291666666666664,60.89119170984456,60.0,6.41398010286366,0.2760416666666667
2024-01-01 00:53:03.000000,2024-01-01 00:53:09.000000,9,-8.243523316062177,-9.0,5.205943320371654,0.203125,262.9209592231352,11461.0,0.0,-22.34715025906736,-23.0,5.773385837113227,0.14583333333333334,59.38341968911917,59.0,5.287380289723068,0.3229166666666667
2024-01-01 00:53:06.000000,2024-01-01 00:53:12.000000,9,-7.808290155440415,-8.0,3.628523241674404,0.1875,149.05255375162355,11546.0,0.0,-21.093264248704664,-22.0,5.2610603947002845,0.09895833333333333,59.82383419689119,60.0,2.322904928252443,0.3177083333333333
2024-01-01 00:53:09.000000,2024-01-01 00:53:15.000000,9,-15.32642487046632,-8.0,12.750497382692362,0.005208333333333333,524.4513858047654,11044.000000000002,0.0,-19.66321243523316,-20.0,4.878262160836017,0.2552083333333333,57.22279792746114,59.0,5.9771351176096355,0.11979166666666667
2024-01-01 00:53:12.000000,2024-01-01 00:53:18.000000,9,-24.60621761658031,-29.0,11.439622421211999,0.08333333333333333,552.1371350863723,10476.000000000002,0.0,-19.38860103626943,-20.0,5.876265343470621,0.2760416666666667,54.27979274611399,52.0,5.858083442858149,0.125
2024-01-01 00:53:15.000000,2024-01-01 00:53:21.000000,9,-17.761658031088082,-14.0,10.826047935571014,0.06770833333333333,557.4715778094106,11294.999999999998,0.0,-12.66839378238342,-10.0,6.1866696421252705,0.078125,58.523316062176164,60.0,5.467777331462889,0.08854166666666667
2024-01-01 00:53:18.000000,2024-01-01 00:53:24.000000,9,-10.404145077720207,-10.0,3.4929070121475476,0.3697916666666667,78.5207526479744,12037.0,0.0,-8.49740932642487,-8.0,2.170167889846517,0.4895833333333333,62.36787564766839,62.0,2.310394118858502,0.5416666666666666
2024-01-01 00:53:21.000000,2024-01-01 00:53:27.000000,9,-9.974093264248705,-10.0,2.7394403951822843,0.3802083333333333,84.45468824542856,12094.0,0.0,-8.974093264248705,-9.0,2.4397644036716217,0.484375,62.66321243523316,63.0,2.3129040280949598,0.421875
2024-01-01 00:53:24.000000,2024-01-01 00:53:30.000000,9,-10.709844559585493,-11.0,3.8172793099115894,0.3697916666666667,81.16592745622641,12046.0,0.0,-8.55958549222798,-9.0,3.1946934898288912,0.359375,62.41450777202073,62.0,2.4053319441727843,0.390625
2024-01-01 00:53:27.000000,2024-01-01 00:53:33.000000,9,-21.694300518134714,-17.0,11.63618720902105,0.015625,643.1835270175214,10935.000000000002,0.0,-13.32642487046632,-13.0,6.995696308401217,0.109375,56.6580310880829,58.0,6.505378404560993,0.046875
2024-01-01 00:53:30.000000,2024-01-01 00:53:36.000000,9,-33.17616580310881,-34.0,6.121176682008632,0.19270833333333334,133.06892843940614,9717.0,0.0,-19.316062176165804,-19.0,3.9880813364466365,0.296875,50.347150259067355,50.0,3.554443325967218,0.3385416666666667
2024-01-01 00:53:33.000000,2024-01-01 00:53:39.000000,9,-37.020725388601036,-35.0,10.062284443458696,0.171875,881.3335461852058,8545.0,0.0,-22.10362694300518,-21.0,4.833653434698262,0.16145833333333334,44.27461139896373,48.0,10.254685310225,0.09895833333333333
2024-01-01 00:53:36.000000,2024-01-01 00:53:42.000000,9,-48.82383419689119,-55.0,14.289785535095792,0.0625,1721.7236660284643,5552.000000000001,0.0,-21.424870466321245,-20.0,6.010910488853469,0.17708333333333334,28.76683937823834,25.0,16.07412966993676,0.07291666666666667
2024-01-01 00:53:39.000000,2024-01-01 00:53:45.000000,9,-31.78238341968912,-45.0,30.607976569946434,0.020833333333333332,2853.333747580987,7458.0,0.0,-16.518134715025905,-17.0,5.591188439791432,0.3177083333333333,38.64248704663213,36.0,23.1800394114358,0.036458333333333336
2024-01-01 00:53:42.000000,2024-01-01 00:53:48.000000,9,-10.818652849740932,-10.0,21.348869609241632,0.078125,443.5378648128629,11261.0,0.0,-15.8860103626943,-16.0,5.472227336352666,0.25,58.347150259067355,59.0,8.594372229789652,0.359375
2024-01-01 00:53:45.000000,2024-01-01 00:53:51.000000,9,-14.435233160621761,-19.0,19.166681215733757,0.0625,299.99527968588626,10982.0,0.0,-19.704663212435232,-19.0,6.810747405720246,0.21875,56.90155440414508,58.0,7.338230916774843,0.3489583333333333
2024-01-01 00:53:48.000000,2024-01-01 00:53:54.000000,9,-15.761658031088082,-19.0,12.139603806135863,0.09895833333333333,262.2407828717697,11196.0,0.0,-16.66321243523316,-14.0,7.860472316799917,0.06770833333333333,58.01036269430052,59.0,5.702694572620979,0.4010416666666667
2024-01-01 00:53:51.000000,2024-01-01 00:53:57.000000,9,-18.927461139896373,-19.0,3.1614412390739526,0.3020833333333333,95.09430375660523,11604.0,0.0,-8.766839378238341,-9.0,3.468990436127099,0.21354166666666666,60.12435233160622,60.0,2.7243266982043894,0.5052083333333334
2024-01-01 00:53:54.000000,2024-01-01 00:54:00.000000,9,-18.735751295336787,-19.0,3.430502966693151,0.2760416666666667,86.87478125419551,11673.0,0.0,-4.730569948186528,-5.0,3.658601193666852,0.359375,60.48186528497409,61.0,2.6888916246768577,0.515625
2024-01-01 00:53:57.000000,2024-01-01 00:54:03.000000,9,-0.5595854922279793,-16.0,24.40068782829605,0.005208333333333333,403.1468403373328,11226.000000000002,0.0,-8.098445595854923,-6.0,7.5901284346562194,0.08333333333333333,58.16580310880829,59.0,5.533371438993163,0.2604166666666667
2024-01-01 00:54:00.000000,2024-01-01 00:54:06.000000,9,-4.020725388601036,10.0,41.63881884597278,0.041666666666666664,1751.5208671797166,8296.0,0.0,-13.352331606217616,-13.0,7.413403349528332,0.125,42.984455958549226,50.0,19.83564675336684,0.057291666666666664
2024-01-01 00:54:03.000000,2024-01-01 00:54:09.000000,9,-45.21761658031088,-63.0,37.646993855725775,0.005208333333333333,2156.5667602757394,3244.0000000000005,0.0,-10.549222797927461,-9.0,6.545427150332582,0.22916666666666666,16.808290155440414,7.0,19.903138720196154,0.015625
2024-01-01 00:54:06.000000,2024-01-01 00:54:12.000000,9,-64.20725388601036,-64.0,8.537817174610922,0.3541666666666667,676.7301511442585,1495.0,0.0,-11.284974093264248,-9.0,9.065538693105909,0.15104166666666666,7.746113989637306,5.0,9.607006879066896,0.234375
2024-01-01 00:54:09.000000,2024-01-01 00:54:15.000000,9,-26.870466321243523,-51.0,42.674382541546464,0.036458333333333336,2282.4811576407415,5838.000000000001,0.0,-22.419689119170986,-27.0,11.597639213198363,0.08854166666666667,30.248704663212436,33.0,20.738207263427174,0.046875
2024-01-01 00:54:12.000000,2024-01-01 00:54:18.000000,9,4.616580310880829,10.0,24.745120198970234,0.16666666666666666,519.8558809237181,10070.0,0.0,-27.854922279792746,-28.0,6.918400067872372,0.265625,52.17616580310881,53.0,9.138976272302026,0.2864583333333333
2024-01-01 00:54:15.000000,2024-01-01 00:54:21.000000,9,-11.647668393782384,-19.0,18.157304752893925,0.06770833333333333,325.52883756517343,10544.0,0.0,-25.186528497409327,-23.0,8.53951750628038,0.1875,54.63212435233161,56.0,7.134453096380686,0.2916666666666667
2024-01-01 00:54:18.000000,2024-01-01 00:54:24.000000,9,-23.16580310880829,-23.0,5.196500375111304,0.4791666666666667,370.25207696926856,10444.0,0.0,-22.155440414507773,-20.0,9.381757783160882,0.109375,54.1139896373057,56.0,6.020577659499022,0.22916666666666666
2024-01-01 00:54:21.000000,2024-01-01 00:54:27.000000,9,-19.17616580310881,-20.0,7.237780781360598,0.28125,287.36925602399896,11206.000000000002,0.0,-13.865284974093264,-11.0,9.125998064517383,0.15104166666666666,58.06217616580311,59.0,5.974448146590945,0.2864583333333333
2024-01-01 00:54:24.000000,2024-01-01 00:54:30.000000,9,-13.2279792746114,-12.0,5.30033848757809,0.21354166666666666,151.82624708444467,11978.0,0.0,-6.7927461139896375,-6.0,3.2401371535396213,0.4322916666666667,62.06217616580311,62.0,2.6860498859174786,0.4322916666666667
2024-01-01 00:54:27.000000,2024-01-01 00:54:33.000000,9,-14.450777202072539,-14.0,4.351593567914046,0.203125,120.87205860978264,11932.0,0.0,-5.450777202072539,-6.0,2.347186240368997,0.5104166666666666,61.82383419689119,62.0,2.36512240113829,0.453125
2024-01-01 00:54:30.000000,2024-01-01 00:54:36.000000,9,-21.787564766839377,-20.0,9.495692596799813,0.21354166666666666,412.8421562651856,11269.0,0.0,-7.751295336787565,-6.0,5.636590917170612,0.2552083333333333,58.38860103626943,60.0,6.857878271511822,0.25
2024-01-01 00:54:33.000000,2024-01-01 00:54:39.000000,9,-24.093264248704664,-24.0,9.834124591273183,0.3229166666666667,328.8730095656636,11093.0,0.0,-8.575129533678757,-6.0,7.166603907826586,0.08854166666666667,57.476683937823836,58.0,7.054898223678315,0.3125
2024-01-01 00:54:36.000000,2024-01-01 00:54:42.000000,9,-23.373056994818654,-25.0,6.012634222502619,0.3854166666666667,163.13624880715088,11215.0,0.0,-10.450777202072539,-11.0,6.4710019765343025,0.078125,58.10880829015544,58.0,3.5492920552223146,0.359375
2024-01-01 00:54:39.000000,2024-01-01 00:54:45.000000,9,-28.82901554404145,-27.0,11.910551500523898,0.21354166666666666,657.556012153682,10250.0,0.0,-16.735751295336787,-15.0,6.789054961565504,0.21354166666666666,53.10880829015544,56.0,8.744854149342016,0.13020833333333334
2024-01-01 00:54:42.000000,2024-01-01 00:54:48.000000,9,-31.94818652849741,-31.0,10.907633476073501,0.3020833333333333,664.3211999358082,10052.0,0.0,-9.49740932642487,-11.0,12.441581973505382,0.057291666666666664,52.082901554404145,55.0,8.460285153023285,0.25
2024-01-01 00:54:45.000000,2024-01-01 00:54:51.000000,9,-29.082901554404145,-29.0,3.912236130032666,0.3385416666666667,178.30069059873404,10880.0,0.0,0.9430051813471503,2.0,4.982455185131925,0.3333333333333333,56.373056994818654,57.0,3.7396662453945027,0.453125
2024-01-01 00:54:48.000000,2024-01-01 00:54:54.000000,9,-29.44559585492228,-29.0,6.218955715390061,0.3333333333333333,195.7927226137658,10931.0,0.0,-3.844559585492228,-2.0,7.907451913768839,0.15104166666666666,56.637305699481864,57.0,6.6098929166517335,0.390625
2024-01-01 00:54:51.000000,2024-01-01 00:54:57.000000,9,-27.326424870466322,-28.0,9.357604759733038,0.3854166666666667,240.5400779877708,11044.0,0.0,-10.202072538860104,-8.0,7.280510216704871,0.19270833333333334,57.22279792746114,57.0,6.98488684333271,0.3802083333333333
2024-01-01 00:54:54.000000,2024-01-01 00:55:00.000000,9,-21.740932642487046,-23.0,8.297541877506914,0.20833333333333334,206.6205757467935,11303.0,0.0,-11.746113989637307,-11.0,5.132900204345688,0.1875,58.56476683937824,59.0,4.39663721787019,0.4166666666666667
2024-01-01 00:54:57.000000,2024-01-01 00:55:03.000000,9,-25.471502590673577,-27.0,7.587713912501049,0.10416666666666667,362.55482293522783,10805.0,0.0,-13.994818652849741,-14.0,2.9127904170772267,0.21875,55.984455958549226,55.0,4.070315154590086,0.19270833333333334
2024-01-01 00:55:00.000000,2024-01-01 00:55:06.000000,9,-32.082901554404145,-31.0,6.293462867965958,0.390625,265.05906976341083,10062.0,0.0,-16.4559585492228,-16.0,2.4194046784845407,0.4114583333333333,52.134715025906736,53.0,5.849010515199,0.34375
2024-01-01 00:55:03.000000,2024-01-01 00:55:09.000000,9,-46.766839378238345,-55.0,15.000435370768674,0.015625,2172.1457419203853,6556.0,0.0,-16.844559585492227,-17.0,2.9924704011735583,0.4375,33.968911917098445,26.0,17.99360613747958,0.026041666666666668
2024-01-01 00:55:06.000000,2024-01-01 00:55:12.000000,9,-60.25388601036269,-61.0,7.549337576311272,0.421875,873.6745330670431,3035.0,0.0,-14.098445595854923,-14.0,5.056518860630325,0.3385416666666667,15.72538860103627,16.0,12.0684777062013,0.1875
2024-01-01 00:55:09.000000,2024-01-01 00:55:15.000000,9,-34.70984455958549,-30.0,27.488420980415473,0.010416666666666666,3361.2430410964744,7358.0,0.0,-9.7720207253886,-11.0,8.173881457600272,0.2708333333333333,38.12435233160622,51.0,27.41986577815221,0.015625
2024-01-01 00:55:12.000000,2024-01-01 00:55:18.000000,9,-21.911917098445596,-24.0,15.45886722865203,0.11979166666666667,600.3434852542948,11228.999999999998,0.0,-8.974093264248705,-10.0,7.549444814825117,0.23958333333333334,58.181347150259064,58.0,8.54420272811146,0.3854166666666667
2024-01-01 00:55:15.000000,2024-01-01 00:55:21.000000,9,-32.689119170984455,-32.0,6.430456158593982,0.18229166666666666,294.53220453424314,10558.000000000002,0.0,-12.103626943005182,-12.0,4.345691988636979,0.359375,54.704663212435236,55.0,5.723747044072183,0.4270833333333333
2024-01-01 00:55:18.000000,2024-01-01 00:55:24.000000,9,-23.487046632124354,-28.0,18.290511203527245,0.140625,639.9514287544673,10200.0,0.0,-21.569948186528496,-19.0,10.546352474582614,0.10416666666666667,52.84974093264249,55.0,10.156751266359787,0.2604166666666667
2024-01-01 00:55:21.000000,2024-01-01 00:55:27.000000,9,-26.430051813471504,-32.0,19.928688713798202,0.078125,623.6173012427286,9301.0,0.0,-27.5440414507772,-27.0,7.558065382861295,0.203125,48.19170984455958,48.0,9.95351349601593,0.109375
2024-01-01 00:55:24.000000,2024-01-01 00:55:30.000000,9,-40.2020725388601,-43.0,7.279794801289217,0.171875,393.1778742827468,8402.0,0.0,-25.352331606217618,-25.0,3.810649448951968,0.40625,43.53367875647668,43.0,4.601874101975388,0.23958333333333334
2024-01-01 00:55:27.000000,2024-01-01 00:55:33.000000,9,-42.8860103626943,-44.0,5.096716788357519,0.2760416666666667,258.42713837284265,7971.0,0.0,-24.616580310880828,-25.0,4.024422152494108,0.46875,41.30051813471503,41.0,3.866637447033899,0.359375
2024-01-01 00:55:30.000000,2024-01-01 00:55:36.000000,9,-41.58031088082902,-43.0,8.233254843591107,0.16666666666666666,358.34461332026365,8183.0,0.0,-23.808290155440414,-24.0,5.908110040334785,0.3333333333333333,42.398963730569946,42.0,6.3828708734565,0.21875
2024-01-01 00:55:33.000000,2024-01-01 00:55:39.000000,9,-33.932642487046635,-35.0,11.753129980352487,0.13020833333333334,770.6581881318713,9415.0,0.0,-20.54922279792746,-21.0,6.681668946726124,0.265625,48.78238341968912,49.0,8.488613728973876,0.13020833333333334
2024-01-01 00:55:36.000000,2024-01-01 00:55:42.000000,9,-26.05181347150259,-25.0,8.213137933520045,0.13541666666666666,502.0864948930924,10592.0,0.0,-16.088082901554404,-16.0,5.068028149726959,0.19791666666666666,54.880829015544045,56.0,5.334761723121943,0.16666666666666666
2024-01-01 00:55:39.000000,2024-01-01 00:55:45.000000,9,-26.83937823834197,-24.0,11.240741728702737,0.11979166666666667,813.4329967549583,10410.0,0.0,-14.352331606217616,-14.0,7.148004329144225,0.16145833333333334,53.93782383419689,57.0,8.596648416076894,0.11979166666666667
2024-01-01 00:55:42.000000,2024-01-01 00:55:48.000000,9,-23.067357512953368,-20.0,11.751357269200595,0.14583333333333334,765.191726989964,10774.0,0.0,-13.015544041450777,-12.0,7.015219083608077,0.20833333333333334,55.82383419689119,59.0,8.781494024691895,0.13020833333333334
2024-01-01 00:55:45.000000,2024-01-01 00:55:51.000000,9,-19.60621761658031,-20.0,7.454051100345573,0.2708333333333333,196.41831953868956,11381.0,0.0,-11.8860103626943,-12.0,4.1253107382828835,0.3958333333333333,58.968911917098445,59.0,3.9566751821964505,0.4270833333333333
2024-01-01 00:55:48.000000,2024-01-01 00:55:54.000000,9,-15.404145077720207,-13.0,8.805915590982542,0.16145833333333334,291.488558541992,11658.0,0.0,-10.492227979274611,-11.0,4.526679213038491,0.3385416666666667,60.40414507772021,60.0,4.472413523908858,0.3333333333333333
2024-01-01 00:55:51.000000,2024-01-01 00:55:57.000000,9,-6.2642487046632125,-7.0,6.58657224494075,0.234375,145.4345368134547,12044.000000000002,0.0,-9.290155440414507,-9.0,3.3101416882885486,0.4479166666666667,62.40414507772021,62.0,3.3326640087937918,0.4010416666666667
2024-01-01 00:55:54.000000,2024-01-01 00:56:00.000000,9,-2.9740932642487046,-4.0,7.076542259142041,0.20833333333333334,103.82147165043008,12039.0,0.0,-10.020725388601036,-10.0,3.232256934053585,0.4947916666666667,62.37823834196891,63.0,3.484630391265415,0.484375
2024-01-01 00:55:57.000000,2024-01-01 00:56:03.000000,9,-11.409326424870466,-10.0,11.642384674030492,0.109375,318.00239681960215,11646.000000000002,0.0,-11.512953367875648,-11.0,3.5016496235854,0.453125,60.3419689119171,61.0,4.663371261208117,0.3541666666666667
2024-01-01 00:56:00.000000,2024-01-01 00:56:06.000000,9,-25.33678756476684,-28.0,8.60084443779667,0.09895833333333333,398.82888841656063,10831.0,0.0,-14.430051813471502,-14.0,3.578950104635162,0.3072916666666667,56.119170984455955,56.0,4.268500826889191,0.22916666666666666
2024-01-01 00:56:03.000000,2024-01-01 00:56:09.000000,9,-23.95336787564767,-24.0,8.326845488288924,0.11979166666666667,418.63534050036,10981.0,0.0,-14.082901554404145,-15.0,4.362884161171326,0.3177083333333333,56.89637305699482,56.0,4.267078101789362,0.2760416666666667
2024-01-01 00:56:06.000000,2024-01-01 00:56:12.000000,9,-17.54922279792746,-17.0,5.662275742165059,0.3333333333333333,163.4386753504232,11624.0,0.0,-10.735751295336788,-11.0,4.672349580723869,0.40625,60.2279792746114,60.0,3.640032703548356,0.3958333333333333
2024-01-01 00:56:09.000000,2024-01-01 00:56:15.000000,9,-20.3419689119171,-21.0,6.693214089896959,0.3229166666666667,223.27693720109255,11449.0,0.0,-11.533678756476684,-12.0,4.994805159739977,0.4010416666666667,59.32124352331606,59.0,4.231628738314507,0.4114583333333333
2024-01-01 00:56:12.000000,2024-01-01 00:56:18.000000,9,-14.424870466321243,-14.0,11.49573304484503,0.13020833333333334,283.74421439076315,11580.0,0.0,-12.492227979274611,-13.0,4.849956154209519,0.3645833333333333,60.0,60.0,4.977030573879704,0.3333333333333333
2024-01-01 00:56:15.000000,2024-01-01 00:56:21.000000,9,-12.746113989637307,-12.0,11.205132656113687,0.171875,176.19576882766594,12015.0,0.0,-10.683937823834198,-10.0,4.397987351745567,0.3020833333333333,62.25388601036269,62.0,5.230399714595307,0.4322916666666667
2024-01-01 00:56:18.000000,2024-01-01 00:56:24.000000,9,-24.72020725388601,-21.0,13.219479627560563,0.140625,754.589599252201,10868.000000000002,0.0,-15.50259067357513,-14.0,9.21509424821332,0.15625,56.310880829015545,58.0,10.0941781772597,0.21354166666666666
2024-01-01 00:56:21.000000,2024-01-01 00:56:27.000000,9,-11.818652849740932,-18.0,30.30372749776943,0.026041666666666668,570.8273247646068,10094.0,0.0,-16.932642487046632,-15.0,9.213363356291799,0.16145833333333334,52.30051813471503,54.0,8.57703144917507,0.1875
2024-01-01 00:56:24.000000,2024-01-01 00:56:30.000000,9,5.974093264248705,19.0,39.0871669095125,0.041666666666666664,1196.265663233613,9371.0,0.0,-6.05699481865285,-8.0,11.15244112314346,0.11979166666666667,48.55440414507772,53.0,19.278614927512713,0.10416666666666667
2024-01-01 00:56:27.000000,2024-01-01 00:56:33.000000,9,-25.481865284974095,-50.0,47.04918672519849,0.03125,4371.131013598193,3399.0,0.16580310880829016,-2.22279792746114,-1.0,12.747430233089949,0.13541666666666666,17.61139896373057,13.0,34.5655969771516,0.010416666666666666
2024-01-01 00:56:30.000000,2024-01-01 00:56:36.000000,9,-35.89119170984456,-47.0,31.712635085928518,0.046875,4273.81201242385,4456.0,0.0,-4.922279792746114,-3.0,16.887778217065982,0.11979166666666667,23.088082901554404,33.0,36.43955487278111,0.036458333333333336
2024-01-01 00:56:33.000000,2024-01-01 00:56:39.000000,9,0.20207253886010362,10.0,30.29740768364311,0.046875,720.3668756552578,10780.0,0.0,-7.259067357512953,-9.0,16.201377036401812,0.11458333333333333,55.854922279792746,58.0,13.616384474808397,0.3020833333333333
2024-01-01 00:56:36.000000,2024-01-01 00:56:42.000000,9,-2.4404145077720205,-9.0,26.0847541645937,0.005208333333333333,741.3837920502489,10747.000000000002,0.0,-16.40414507772021,-16.0,11.777997823435141,0.171875,55.6839378238342,58.0,10.999460263096877,0.23958333333333334
2024-01-01 00:56:39.000000,2024-01-01 00:56:45.000000,9,-6.844559585492228,-7.0,16.28990881195778,0.06770833333333333,729.5872950115905,10997.0,0.0,-20.564766839378237,-18.0,6.630673833949912,0.07291666666666667,56.979274611398964,59.0,8.507324386731177,0.13541666666666666
2024-01-01 00:56:42.000000,2024-01-01 00:56:48.000000,9,9.968911917098445,10.0,8.09443400311243,0.2760416666666667,190.66541788870362,11440.000000000002,0.0,-20.243523316062177,-21.0,4.535481876815547,0.13020833333333334,59.27461139896373,59.0,4.1385167405417596,0.359375
2024-01-01 00:56:45.000000,2024-01-01 00:56:51.000000,9,3.766839378238342,7.0,18.89671870932291,0.109375,227.00368885870583,11181.0,0.0,-20.248704663212436,-22.0,5.602297787592477,0.203125,57.932642487046635,58.0,6.45663594051839,0.4322916666666667
2024-01-01 00:56:48.000000,2024-01-01 00:56:54.000000,9,-4.2020725388601035,-5.0,15.90615695306519,0.19270833333333334,377.1040497530741,11735.000000000002,0.0,-10.404145077720207,-10.0,9.359842380911628,0.057291666666666664,60.803108808290155,63.0,6.889952729758555,0.21354166666666666
2024-01-01 00:56:51.000000,2024-01-01 00:56:57.000000,9,-11.632124352331607,-5.0,24.22688770046873,0.0625,1625.1290543318453,10519.0,0.0,-7.186528497409326,-7.0,10.1466550764313,0.09895833333333333,54.50259067357513,63.0,20.406576848411415,0.046875
2024-01-01 00:56:54.000000,2024-01-01 00:57:00.000000,9,-10.367875647668393,-4.0,41.69625288101785,0.041666666666666664,2793.5943762673833,7683.0,0.0,-11.450777202072539,-9.0,13.017972829143213,0.109375,39.80829015544042,49.0,25.905266792334675,0.0625
2024-01-01 00:56:57.000000,2024-01-01 00:57:03.000000,9,-0.694300518134715,6.0,37.99362362419144,0.036458333333333336,1529.0093289026279,8391.0,0.0,-18.05699481865285,-17.0,13.445564064225096,0.08854166666666667,43.476683937823836,50.0,21.243644279637916,0.13020833333333334
2024-01-01 00:57:00.000000,2024-01-01 00:57:06.000000,9,-7.979274611398964,-16.0,25.594383854426688,0.036458333333333336,341.6276857389768,10086.0,0.0,-24.512953367875646,-25.0,7.419785492386048,0.1875,52.259067357512954,52.0,7.544674802511216,0.2916666666666667
2024-01-01 00:57:03.000000,2024-01-01 00:57:09.000000,9,-15.49740932642487,-19.0,18.744756031224334,0.125,598.2590145872729,10725.0,0.0,-20.05699481865285,-21.0,7.5603037640812625,0.22916666666666666,55.5699481865285,56.0,6.73660155554229,0.16145833333333334
2024-01-01 00:57:06.000000,2024-01-01 00:57:12.000000,9,-11.917098445595855,-12.0,8.04112916223832,0.2552083333333333,177.44741179907624,11597.0,0.0,-16.77720207253886,-17.0,5.512967520385823,0.28125,60.0880829015544,60.0,4.8420373803897405,0.40625
2024-01-01 00:57:09.000000,2024-01-01 00:57:15.000000,9,-10.756476683937823,-12.0,5.138475375853776,0.22395833333333334,132.8429039418615,11675.0,0.0,-15.590673575129534,-16.0,3.666190697636104,0.22395833333333334,60.49222797927461,61.0,4.313398663593257,0.4322916666666667
2024-01-01 00:57:12.000000,2024-01-01 00:57:18.000000,9,-14.119170984455959,-14.0,5.095064537617463,0.359375,94.56317954736345,11808.0,0.0,-10.26943005181347,-12.0,7.011890807357205,0.3177083333333333,61.181347150259064,61.0,3.1063215532846375,0.359375
2024-01-01 00:57:15.000000,2024-01-01 00:57:21.000000,9,-13.243523316062177,-13.0,5.154667385479134,0.2760416666666667,128.30099020846978,11860.0,0.0,-9.953367875647668,-12.0,6.838379860695879,0.24479166666666666,61.45077720207254,61.0,3.1752480082104175,0.3385416666666667
2024-01-01 00:57:18.000000,2024-01-01 00:57:24.000000,9,-12.844559585492227,-13.0,3.362892470562581,0.25,102.36055796295729,11777.0,0.0,-12.61658031088083,-13.0,2.311234950155144,0.265625,61.020725388601036,61.0,3.0327355453018776,0.2864583333333333
2024-01-01 00:57:21.000000,2024-01-01 00:57:27.000000,9,-12.896373056994818,-13.0,7.325727872375798,0.171875,120.27751732988204,11818.0,0.0,-11.782383419689118,-12.0,3.329836788751614,0.3333333333333333,61.233160621761655,61.0,4.626974675307968,0.3125
2024-01-01 00:57:24.000000,2024-01-01 00:57:30.000000,9,-22.378238341968913,-22.0,13.903946644642444,0.10416666666666667,963.625790056881,10625.000000000002,0.0,-16.730569948186528,-16.0,7.454022137586787,0.08854166666666667,55.05181347150259,57.0,8.49125833126983,0.14583333333333334
2024-01-01 00:57:27.000000,2024-01-01 00:57:33.000000,9,-23.518134715025905,-22.0,12.012620648131865,0.08854166666666667,830.7307809902692,10496.0,0.0,-19.82901554404145,-20.0,5.87427190211395,0.14583333333333334,54.38341968911917,55.0,7.602640352413888,0.13541666666666666
2024-01-01 00:57:30.000000,2024-01-01 00:57:36.000000,9,-13.284974093264248,-13.0,5.0483735132747105,0.2760416666666667,133.0716920762034,11692.0,0.0,-15.005181347150259,-15.0,5.196650974151546,0.2864583333333333,60.58031088082902,61.0,3.562686531189129,0.359375
2024-01-01 00:57:33.000000,2024-01-01 00:57:39.000000,9,-13.145077720207254,-13.0,4.81097801898288,0.3333333333333333,185.49984755467,11757.0,0.0,-12.694300518134716,-12.0,5.5672796555755255,0.22395833333333334,60.917098445595855,61.0,4.063732873906246,0.3958333333333333
2024-01-01 00:57:36.000000,2024-01-01 00:57:42.000000,9,-13.704663212435234,-13.0,4.59628801946292,0.3697916666666667,187.29557363988846,11658.000000000002,0.0,-13.38341968911917,-13.0,5.85040371782028,0.3177083333333333,60.40414507772021,61.0,4.267413275296428,0.4427083333333333
2024-01-01 00:57:39.000000,2024-01-01 00:57:45.000000,9,-13.290155440414507,-13.0,2.890133444995074,0.46875,78.21653532963919,11740.0,0.0,-11.787564766839377,-12.0,4.465311996518514,0.3854166666666667,60.829015544041454,61.0,2.736098873694461,0.453125
2024-01-01 00:57:42.000000,2024-01-01 00:57:48.000000,9,-12.119170984455959,-13.0,3.8080637217822004,0.3489583333333333,75.33068659781131,11839.0,0.0,-10.238341968911918,-11.0,3.249227688228109,0.4375,61.3419689119171,61.0,2.4210772092593755,0.4479166666666667
2024-01-01 00:57:45.000000,2024-01-01 00:57:51.000000,9,-15.062176165803109,-15.0,6.483654884114666,0.16145833333333334,133.47871640210218,11760.0,0.0,-7.808290155440415,-10.0,6.571682756243233,0.11458333333333333,60.932642487046635,61.0,3.9397310824124934,0.34375
2024-01-01 00:57:48.000000,2024-01-01 00:57:54.000000,9,-15.658031088082902,-19.0,20.907961757502694,0.10416666666666667,874.6490792457018,10604.0,0.0,-15.55958549222798,-19.0,12.45440952008384,0.036458333333333336,54.943005181347154,56.0,8.465116242862903,0.125
2024-01-01 00:57:51.000000,2024-01-01 00:57:57.000000,9,-14.55958549222798,-22.0,22.703198742922147,0.07291666666666667,620.2716777808977,10084.000000000002,0.0,-25.362694300518136,-25.0,3.9334379834443505,0.328125,52.248704663212436,53.0,6.729932429145455,0.23958333333333334
2024-01-01 00:57:54.000000,2024-01-01 00:58:00.000000,9,-16.067357512953368,-24.0,17.531240619773428,0.11458333333333333,303.27298521054956,10538.0,0.0,-23.088082901554404,-23.0,3.8537742530007564,0.2760416666666667,54.601036269430054,54.0,4.386461055021388,0.21354166666666666
2024-01-01 00:57:57.000000,2024-01-01 00:58:03.000000,9,3.5025906735751295,19.0,24.481311824943536,0.015625,157.9154873278696,10471.0,0.0,-21.958549222797927,-22.0,3.287973978650567,0.16145833333333334,54.25388601036269,54.0,3.578407165360775,0.296875
2024-01-01 00:58:00.000000,2024-01-01 00:58:06.000000,9,15.398963730569948,23.0,17.563616481822663,0.036458333333333336,319.362664604852,10868.000000000002,0.0,-18.196891191709845,-20.0,6.176449785405912,0.15104166666666666,56.310880829015545,55.0,5.625160715416582,0.22395833333333334
2024-01-01 00:58:03.000000,2024-01-01 00:58:09.000000,9,-2.2487046632124352,-8.0,20.727656416026964,0.052083333333333336,490.7217043378675,11035.0,0.0,-18.430051813471504,-19.0,7.027218547770857,0.21875,57.17616580310881,57.0,5.928396689299687,0.18229166666666666
2024-01-01 00:58:06.000000,2024-01-01 00:58:12.000000,9,-10.792746113989637,-13.0,13.386037082488153,0.06770833333333333,263.4589021885717,10864.0,0.0,-23.95336787564767,-23.0,5.173339261943973,0.22916666666666666,56.29015544041451,56.0,4.37782723846877,0.296875
2024-01-01 00:58:09.000000,2024-01-01 00:58:15.000000,9,6.129533678756476,15.0,18.448656463337535,0.015625,166.44666625540106,10686.0,0.0,-24.430051813471504,-24.0,4.207697373243634,0.34375,55.36787564766839,56.0,4.390378227949837,0.4166666666666667
2024-01-01 00:58:12.000000,2024-01-01 00:58:18.000000,9,3.22279792746114,16.0,22.899852129380562,0.015625,211.21449217811514,10515.0,0.0,-23.958549222797927,-24.0,5.7444123184433105,0.3541666666666667,54.48186528497409,55.0,5.291594419699102,0.3802083333333333
2024-01-01 00:58:15.000000,2024-01-01 00:58:21.000000,9,-13.352331606217616,-14.0,14.099357522813982,0.17708333333333334,285.23179473959067,10883.0,0.0,-23.031088082901555,-22.0,6.184579896598425,0.3541666666666667,56.38860103626943,57.0,5.288477511238361,0.3229166666666667
2024-01-01 00:58:18.000000,2024-01-01 00:58:24.000000,9,-6.948186528497409,-10.0,14.048925274970058,0.11979166666666667,234.74846210295493,11062.0,0.0,-22.689119170984455,-22.0,4.118901521150103,0.234375,57.3160621761658,57.0,3.4638912722708244,0.2916666666666667
2024-01-01 00:58:21.000000,2024-01-01 00:58:27.000000,9,2.1243523316062176,2.0,19.97980954093113,0.03125,240.17725518477215,10936.0,0.0,-21.22279792746114,-22.0,5.4493021768078105,0.16666666666666666,56.66321243523316,57.0,5.173605291268803,0.3125
2024-01-01 00:58:24.000000,2024-01-01 00:58:30.000000,9,-5.461139896373057,-15.0,20.915748471200722,0.09895833333333333,289.0551177841716,10929.0,0.0,-20.70984455958549,-21.0,6.086080128447136,0.25,56.626943005181346,56.0,5.344944991323703,0.3177083333333333
2024-01-01 00:58:27.000000,2024-01-01 00:58:33.000000,9,-15.455958549222798,-16.0,8.531154806449486,0.16666666666666666,172.32490005515677,11124.0,0.0,-20.632124352331605,-20.0,5.169462027244485,0.2604166666666667,57.637305699481864,58.0,3.966402782909149,0.2604166666666667
2024-01-01 00:58:30.000000,2024-01-01 00:58:36.000000,9,-15.854922279792746,-16.0,7.013356982629868,0.13541666666666666,143.84208403144714,11477.0,0.0,-14.248704663212436,-16.0,6.087924427438049,0.09375,59.46632124352332,59.0,3.180368728690399,0.3541666666666667
2024-01-01 00:58:33.000000,2024-01-01 00:58:39.000000,9,-19.17098445595855,-17.0,8.414198538579422,0.041666666666666664,398.7460971732736,11304.0,0.0,-13.699481865284975,-13.0,6.421225361782972,0.16145833333333334,58.5699481865285,59.0,4.179130753095438,0.22395833333333334
2024-01-01 00:58:36.000000,2024-01-01 00:58:42.000000,9,-16.424870466321245,-14.0,7.700500735125948,0.09895833333333333,333.1820880248868,11417.999999999998,0.0,-14.683937823834198,-13.0,4.89244752103832,0.203125,59.16062176165803,60.0,4.339751292190096,0.2552083333333333
2024-01-01 00:58:39.000000,2024-01-01 00:58:45.000000,9,-15.077720207253886,-14.0,10.622262931008388,0.17708333333333334,303.30904896322227,11503.0,0.0,-13.73056994818653,-13.0,6.166099201356332,0.234375,59.601036269430054,60.0,6.623144312727854,0.2760416666666667
2024-01-01 00:58:42.000000,2024-01-01 00:58:48.000000,9,-1.4766839378238341,6.0,19.037537628234887,0.026041666666666668,292.3103744104212,11173.999999999998,0.0,-18.813471502590673,-19.0,7.207954580882784,0.14583333333333334,57.89637305699482,58.0,7.233432024986732,0.3854166666666667
2024-01-01 00:58:45.000000,2024-01-01 00:58:51.000000,9,14.544041450777202,15.0,5.376393059627079,0.3697916666666667,170.52353890820052,11265.0,0.0,-19.575129533678755,-19.0,5.131175457112658,0.16145833333333334,58.36787564766839,59.0,5.142187049410263,0.3489583333333333
2024-01-01 00:58:48.000000,2024-01-01 00:58:54.000000,9,-2.1968911917098444,12.0,31.066672098648972,0.036458333333333336,1797.5637778781859,9272.0,0.0,-21.093264248704664,-20.0,9.372033209324643,0.203125,48.04145077720207,56.0,20.51570389281383,0.078125
2024-01-01 00:58:51.000000,2024-01-01 00:58:57.000000,9,-22.212435233160623,-28.0,27.342569275025813,0.140625,1470.8413225155634,8653.0,0.0,-23.7720207253886,-23.0,10.237789706909474,0.3072916666666667,44.83419689119171,52.0,19.40504314558115,0.13541666666666666
2024-01-01 00:58:54.000000,2024-01-01 00:59:00.000000,9,-30.860103626943005,-33.0,11.46080794443418,0.21875,515.1686349903739,9772.0,0.0,-20.253886010362695,-20.0,7.412180145393928,0.296875,50.63212435233161,51.0,6.827060444861265,0.25
2024-01-01 00:58:57.000000,2024-01-01 00:59:03.000000,9,-42.25388601036269,-43.0,8.80948813350916,0.11979166666666667,858.2851535708569,8126.0,0.0,-19.746113989637305,-20.0,3.839596051813958,0.2760416666666667,42.10362694300518,42.0,8.780283149958034,0.109375
2024-01-01 00:59:00.000000,2024-01-01 00:59:06.000000,9,-40.25388601036269,-46.0,14.231815807353557,0.046875,1320.4495088027181,8111.0,0.0,-18.82901554404145,-20.0,6.881950090390958,0.13020833333333334,42.02590673575129,39.0,11.328170653085305,0.078125
2024-01-01 00:59:03.000000,2024-01-01 00:59:09.000000,9,-22.326424870466322,-17.0,15.216567730800683,0.08854166666666667,1063.2913539210265,10707.0,0.0,-9.538860103626943,-7.0,9.74304200154494,0.13020833333333334,55.476683937823836,61.0,11.089161628054944,0.06770833333333333
2024-01-01 00:59:06.000000,2024-01-01 00:59:12.000000,9,-5.647668393782383,-10.0,14.290155675247133,0.0625,171.2729348547339,12036.000000000002,0.0,-4.347150259067358,-5.0,4.769554558954774,0.21875,62.362694300518136,63.0,3.528611771826058,0.3854166666666667
2024-01-01 00:59:09.000000,2024-01-01 00:59:15.000000,9,-31.067357512953368,-33.0,35.13990819094999,0.026041666666666668,4313.711330597584,5917.0,0.0,3.284974093264249,-3.0,14.820686279528365,0.052083333333333336,30.6580310880829,52.0,34.88354361089473,0.036458333333333336
2024-01-01 00:59:12.000000,2024-01-01 00:59:18.000000,9,-27.751295336787564,-53.0,43.18842330031892,0.020833333333333332,3773.610904687373,4249.000000000001,0.0,-8.44559585492228,-13.0,24.638815789792265,0.06770833333333333,22.015544041450777,27.0,29.206605396571153,0.03125
2024-01-01 00:59:15.000000,2024-01-01 00:59:21.000000,9,-0.917098445595855,-6.0,26.784117026149392,0.041666666666666664,1054.6865938935957,9937.0,0.0,-24.740932642487046,-24.0,9.59466177321089,0.10416666666666667,51.487046632124354,55.0,14.286178055018391,0.15104166666666666
2024-01-01 00:59:18.000000,2024-01-01 00:59:24.000000,9,-12.917098445595855,-14.0,10.583663112101911,0.18229166666666666,134.3204058781933,11421.0,0.0,-15.958549222797927,-15.0,7.139119195270736,0.19791666666666666,59.17616580310881,60.0,4.580307919674491,0.46875
2024-01-01 00:59:21.000000,2024-01-01 00:59:27.000000,9,-18.181347150259068,-18.0,4.1587338128009605,0.3802083333333333,116.17810332390006,11467.999999999998,0.0,-12.176165803108809,-12.0,3.575094959908917,0.4635416666666667,59.41968911917098,60.0,2.8458716273782296,0.4739583333333333
2024-01-01 00:59:24.000000,2024-01-01 00:59:30.000000,9,-22.756476683937823,-23.0,6.912230406189855,0.18229166666666666,225.8196419943215,11125.0,0.0,-12.507772020725389,-12.0,5.403624527212088,0.3229166666666667,57.64248704663213,58.0,4.151011175892377,0.3697916666666667
2024-01-01 00:59:27.000000,2024-01-01 00:59:33.000000,9,-26.243523316062177,-26.0,7.131778356173791,0.4322916666666667,151.11745569800397,10992.0,0.0,-10.901554404145077,-10.0,6.5618569263009325,0.3229166666666667,56.95336787564767,57.0,5.138995276559837,0.4114583333333333
2024-01-01 00:59:30.000000,2024-01-01 00:59:36.000000,9,-27.00518134715026,-27.0,10.06515100137517,0.3125,625.3906235742445,10603.000000000002,0.0,-12.932642487046632,-12.0,7.9948304756924315,0.3125,54.93782383419689,56.0,8.198467173175564,0.24479166666666666
2024-01-01 00:59:33.000000,2024-01-01 00:59:39.000000,9,-26.33160621761658,-27.0,13.117810968074197,0.125,921.2574433318072,10146.0,0.0,-18.253886010362695,-19.0,7.259533812472994,0.16666666666666666,52.5699481865285,53.0,8.35891044643188,0.17708333333333334
2024-01-01 00:59:36.000000,2024-01-01 00:59:42.000000,9,-19.253886010362695,-15.0,11.742586221716188,0.046875,674.7808861867004,10977.0,0.0,-16.911917098445596,-16.0,5.654783461202695,0.18229166666666666,56.87564766839378,59.0,6.969059426628719,0.109375
2024-01-01 00:59:39.000000,2024-01-01 00:59:45.000000,9,-16.689119170984455,-16.0,5.058690516421482,0.203125,233.20108899513477,11423.0,0.0,-16.150259067357513,-16.0,3.6633335847787434,0.265625,59.18652849740933,59.0,3.489034141430705,0.3229166666666667
2024-01-01 00:59:42.000000,2024-01-01 00:59:48.000000,9,-14.813471502590673,-16.0,7.620997916288198,0.125,355.81650220915304,11485.0,0.0,-15.259067357512953,-16.0,4.668738360161947,0.16145833333333334,59.50777202072539,60.0,3.553342280785996,0.1875
2024-01-01 00:59:45.000000,2024-01-01 00:59:51.000000,9,-8.8860103626943,-8.0,5.403264940822851,0.34375,116.1465123104434,11957.0,0.0,-11.336787564766839,-11.0,3.265275645818887,0.390625,61.95336787564767,62.0,2.604663596801767,0.34375
2024-01-01 00:59:48.000000,2024-01-01 00:59:54.000000,9,-8.8860103626943,-9.0,4.275348565211815,0.4166666666666667,100.92060345134077,11961.0,0.0,-11.155440414507773,-11.0,2.542694588141977,0.4375,61.97409326424871,62.0,2.8712570438903233,0.4479166666666667
2024-01-01 00:59:51.000000,2024-01-01 00:59:57.000000,9,-6.839378238341969,-8.0,7.560182401551715,0.234375,129.65524629715233,11853.0,0.0,-12.73056994818653,-13.0,2.789479526297666,0.375,61.41450777202073,61.0,3.1563753095903193,0.4635416666666667
2024-01-01 00:59:54.000000,2024-01-01 01:00:00.000000,9,-5.575129533678757,-6.0,7.119208399698802,0.08333333333333333,87.37847429668486,11913.0,0.0,-12.917098445595855,-13.0,2.253092290712107,0.390625,61.72538860103627,62.0,2.5150024807962046,0.421875
2024-01-01 00:59:57.000000,2024-01-01 01:00:03.000000,9,-10.233160621761659,-11.0,6.926138509006391,0.234375,147.29594797404485,11871.0,0.0,-12.50259067357513,-12.0,4.871392203821637,0.3177083333333333,61.50777202072539,61.0,4.604254340399549,0.375
2024-01-01 01:00:00.000000,2024-01-01 01:00:06.000000,9,1.0259067357512954,-2.0,16.84810672881149,0.036458333333333336,396.61020019597737,11233.0,0.0,-18.11917098445596,-18.0,7.613809776265343,0.08854166666666667,58.2020725388601,58.0,6.240459038848346,0.22395833333333334
2024-01-01 01:00:03.000000,2024-01-01 01:00:09.000000,9,-6.419689119170984,7.0,28.716738475196827,0.03125,562.9436941662804,9975.0,0.0,-22.683937823834196,-23.0,4.756421212015815,0.2552083333333333,51.6839378238342,52.0,7.551807250328491,0.16145833333333334
2024-01-01 01:00:06.000000,2024-01-01 01:00:12.000000,9,-25.65284974093264,-29.0,19.05006301015422,0.09375,944.6027721876112,9978.0,0.0,-18.927461139896373,-19.0,5.864345150266206,0.18229166666666666,51.69948186528497,53.0,8.264056821368357,0.10416666666666667
2024-01-01 01:00:09.000000,2024-01-01 01:00:15.000000,9,-31.46113989637306,-29.0,16.79471000376414,0.11458333333333333,1487.232596081621,9416.0,0.0,-17.974093264248705,-18.0,4.6068735253701565,0.2916666666666667,48.78756476683938,53.0,11.785029821469221,0.10416666666666667
2024-01-01 01:00:12.000000,2024-01-01 01:00:18.000000,9,-33.64766839378238,-36.0,17.983794998724026,0.09375,1504.9853838497072,9039.0,0.0,-18.492227979274613,-19.0,5.6459048313287585,0.2708333333333333,46.83419689119171,47.0,12.76402298709927,0.11458333333333333
2024-01-01 01:00:15.000000,2024-01-01 01:00:21.000000,9,-28.10362694300518,-27.0,11.55690798585144,0.1875,568.3160681167269,10373.0,0.0,-14.036269430051814,-12.0,5.9137666516664895,0.140625,53.74611398963731,56.0,9.0607209706387,0.171875
2024-01-01 01:00:18.000000,2024-01-01 01:00:24.000000,9,-31.316062176165804,-29.0,7.676981356374003,0.171875,424.52430713499206,10410.0,0.0,-10.538860103626943,-10.0,2.729047595261407,0.3229166666666667,53.93782383419689,56.0,5.477821707239473,0.140625
2024-01-01 01:00:21.000000,2024-01-01 01:00:27.000000,9,-40.94818652849741,-42.0,11.02541615458086,0.10416666666666667,1324.0739897954184,8612.0,0.0,-14.455958549222798,-14.0,5.790561486730474,0.16145833333333334,44.62176165803109,45.0,11.073003159203498,0.11458333333333333
2024-01-01 01:00:24.000000,2024-01-01 01:00:30.000000,9,-45.373056994818654,-43.0,9.819501190332582,0.08333333333333333,1182.7501360602728,8011.000000000001,0.0,-12.22279792746114,-14.0,8.480805438213347,0.046875,41.50777202072539,44.0,10.6409777760828,0.08333333333333333
2024-01-01 01:00:27.000000,2024-01-01 01:00:33.000000,9,-22.134715025906736,-36.0,35.60595232083499,0.005208333333333333,1645.0285577976417,6981.000000000002,0.0,-20.207253886010363,-11.0,21.102146149315743,0.026041666666666668,36.170984455958546,40.0,18.15892765868345,0.057291666666666664
2024-01-01 01:00:30.000000,2024-01-01 01:00:36.000000,9,5.761658031088083,18.0,29.972820697591136,0.09375,2362.639365012601,6756.0,0.0,-27.145077720207254,-31.0,26.274387265278012,0.03125,35.005181347150256,25.0,24.255475629511302,0.036458333333333336
2024-01-01 01:00:33.000000,2024-01-01 01:00:39.000000,9,-6.170984455958549,0.0,26.314539461040017,0.036458333333333336,1846.0502210255631,9074.999999999998,0.0,-13.782383419689118,-10.0,24.41170954766839,0.057291666666666664,47.020725388601036,53.0,20.560874694941134,0.057291666666666664
2024-01-01 01:00:36.000000,2024-01-01 01:00:42.000000,9,-20.067357512953368,-13.0,17.52618938432027,0.041666666666666664,964.9420443532043,10789.0,0.0,-8.16580310880829,-9.0,11.685259210441115,0.057291666666666664,55.90155440414508,60.0,10.33983234815297,0.08854166666666667
2024-01-01 01:00:39.000000,2024-01-01 01:00:45.000000,9,-9.896373056994818,-10.0,13.408627404029977,0.10416666666666667,478.8749685489461,11419.0,0.0,-14.487046632124352,-12.0,8.79518618827116,0.057291666666666664,59.16580310880829,61.0,6.131669116034553,0.14583333333333334
2024-01-01 01:00:42.000000,2024-01-01 01:00:48.000000,9,-29.295336787564768,-32.0,29.462384722860754,0.03125,3597.1580355271917,6608.000000000001,0.0,-19.53886010362694,-16.0,10.361175163908875,0.09895833333333333,34.23834196891192,45.0,29.00943060287949,0.052083333333333336
2024-01-01 01:00:45.000000,2024-01-01 01:00:51.000000,9,-19.901554404145077,-8.0,36.704842545926326,0.026041666666666668,3409.508393600453,6495.0,0.0,-22.124352331606218,-22.0,10.03354154616151,0.109375,33.652849740932645,48.0,28.19017826638998,0.020833333333333332
2024-01-01 01:00:48.000000,2024-01-01 01:00:54.000000,9,11.435233160621761,11.0,8.242875842744134,0.2604166666666667,231.0562835250619,10994.0,0.0,-24.83419689119171,-26.0,6.032332286537154,0.109375,56.96373056994819,57.0,5.084057042398588,0.3229166666666667
2024-01-01 01:00:51.000000,2024-01-01 01:00:57.000000,9,-14.968911917098445,-19.0,25.856959640118994,0.005208333333333333,1239.0027081990104,9541.0,0.0,-25.93782383419689,-26.0,5.1676345965026025,0.234375,49.43523316062176,52.0,11.168090801873639,0.11458333333333333
2024-01-01 01:00:54.000000,2024-01-01 01:01:00.000000,9,-32.50777202072539,-29.0,12.431528788973944,0.109375,991.1924206402912,9003.0,0.0,-26.72538860103627,-27.0,4.665054927694961,0.3385416666666667,46.64766839378238,49.0,9.510422312186313,0.140625
2024-01-01 01:00:57.000000,2024-01-01 01:01:03.000000,9,-29.989637305699482,-29.0,9.017915985522064,0.14583333333333334,579.3846175254138,9623.0,0.0,-25.746113989637305,-26.0,3.68029634329067,0.421875,49.86010362694301,50.0,5.848442989879632,0.16666666666666666
2024-01-01 01:01:00.000000,2024-01-01 01:01:06.000000,9,-36.196891191709845,-34.0,9.665908232113564,0.13541666666666666,900.6773631752885,8684.0,0.0,-25.11917098445596,-25.0,4.0014704766898355,0.28125,44.994818652849744,48.0,9.690253592165872,0.08333333333333333
2024-01-01 01:01:03.000000,2024-01-01 01:01:09.000000,9,-45.3160621761658,-49.0,11.086243400995388,0.046875,1347.904100853198,6573.0,0.0,-25.041450777202073,-25.0,3.8484766966012973,0.23958333333333334,34.056994818652846,29.0,12.41814303100567,0.036458333333333336
2024-01-01 01:01:06.000000,2024-01-01 01:01:12.000000,9,-43.55958549222798,-51.0,20.268711104243614,0.036458333333333336,1103.3053547275401,6268.0,0.0,-24.305699481865286,-25.0,4.8792522750299705,0.234375,32.476683937823836,28.0,11.854619589557739,0.06770833333333333
2024-01-01 01:01:09.000000,2024-01-01 01:01:15.000000,9,-10.575129533678757,5.0,30.699413049302358,0.015625,1473.3893764218692,9397.0,0.0,-22.191709844559586,-22.0,4.851925485348195,0.2552083333333333,48.689119170984455,55.0,13.320830169610282,0.005208333333333333
2024-01-01 01:01:12.000000,2024-01-01 01:01:18.000000,9,1.233160621761658,8.0,20.764616811119048,0.057291666666666664,177.62598897318134,11125.0,0.0,-18.55440414507772,-19.0,5.166840768140242,0.2552083333333333,57.64248704663213,58.0,5.098167361812485,0.3958333333333333
2024-01-01 01:01:15.000000,2024-01-01 01:01:21.000000,9,-12.088082901554404,-15.0,19.371303759076845,0.140625,361.71332049043525,10947.0,0.0,-19.435233160621763,-19.0,7.544120370122329,0.21354166666666666,56.72020725388601,56.0,5.915591682733191,0.2552083333333333
2024-01-01 01:01:18.000000,2024-01-01 01:01:24.000000,9,-14.098445595854923,-14.0,11.553122218167257,0.22395833333333334,312.85149773298616,10486.0,0.0,-27.958549222797927,-30.0,7.688488552219908,0.08854166666666667,54.33160621761658,53.0,4.2160267149052295,0.13020833333333334
2024-01-01 01:01:21.000000,2024-01-01 01:01:27.000000,9,-14.50259067357513,-14.0,4.230499813275131,0.21875,169.633888302263,10049.0,0.0,-33.056994818652846,-33.0,2.400491547964295,0.24479166666666666,52.067357512953365,53.0,2.4917826955268634,0.22395833333333334
2024-01-01 01:01:24.000000,2024-01-01 01:01:30.000000,9,-35.38341968911917,-30.0,22.610104090755947,0.015625,2612.5967102417967,6143.0,0.0,-29.55440414507772,-32.0,8.596171251783128,0.08854166666666667,31.82901554404145,40.0,21.55991621149377,0.015625
2024-01-01 01:01:27.000000,2024-01-01 01:01:33.000000,9,-59.43523316062176,-61.0,9.073037096744109,0.17708333333333334,1496.2133098777226,1941.0,0.0,-12.103626943005182,-14.0,19.252154568431305,0.03125,10.05699481865285,8.0,12.991257688865796,0.10416666666666667
2024-01-01 01:01:30.000000,2024-01-01 01:01:36.000000,9,-45.196891191709845,-45.0,18.81994151474195,0.036458333333333336,2762.4362794353915,5445.0,0.0,-14.663212435233161,-20.0,20.717231757883216,0.005208333333333333,28.212435233160623,37.0,23.250256512411177,0.06770833333333333
2024-01-01 01:01:33.000000,2024-01-01 01:01:39.000000,9,-24.585492227979273,-23.0,6.742603732608896,0.203125,427.1123696080005,10111.0,0.0,-25.1139896373057,-24.0,10.605985983744842,0.06770833333333333,52.38860103626943,53.0,6.845716012237669,0.21354166666666666
2024-01-01 01:01:36.000000,2024-01-01 01:01:42.000000,9,-20.23316062176166,-20.0,4.080254646376204,0.3020833333333333,234.1146545376779,11153.0,0.0,-13.450777202072539,-10.0,8.869359235422674,0.057291666666666664,57.78756476683938,58.0,4.636972204602067,0.3489583333333333
2024-01-01 01:01:39.000000,2024-01-01 01:01:45.000000,9,-20.55440414507772,-20.0,4.287626793847157,0.3958333333333333,126.16592858293957,11445.0,0.0,-8.093264248704664,-7.0,4.760033943508241,0.4114583333333333,59.30051813471503,60.0,3.938703485514596,0.4270833333333333
2024-01-01 01:01:42.000000,2024-01-01 01:01:48.000000,9,-24.88082901554404,-24.0,5.736514561051311,0.24479166666666666,258.8944936846488,11116.0,0.0,-11.139896373056995,-11.0,5.738767469809078,0.18229166666666666,57.59585492227979,58.0,5.4688877049033335,0.359375
2024-01-01 01:01:45.000000,2024-01-01 01:01:51.000000,9,-39.715025906735754,-33.0,15.521377466670511,0.06770833333333333,1916.564783107441,8286.0,0.0,-15.911917098445596,-16.0,4.666761117351613,0.2708333333333333,42.932642487046635,48.0,16.07730743423975,0.036458333333333336
2024-01-01 01:01:48.000000,2024-01-01 01:01:54.000000,9,-53.51813471502591,-56.0,9.469849778952357,0.265625,588.0284652731334,5439.0,0.0,-18.082901554404145,-18.0,3.9162279730798284,0.3958333333333333,28.181347150259068,26.0,8.82605424821311,0.18229166666666666
2024-01-01 01:01:51.000000,2024-01-01 01:01:57.000000,9,-54.93782383419689,-55.0,2.8424368634976993,0.453125,90.63276814559228,5178.0,0.0,-19.55440414507772,-20.0,3.3554051205951363,0.375,26.82901554404145,27.0,2.478404133032405,0.453125
2024-01-01 01:01:54.000000,2024-01-01 01:02:00.000000,9,-53.590673575129536,-53.0,2.656226188555266,0.4166666666666667,195.9072949787633,5508.0,0.0,-21.269430051813472,-21.0,2.9368258422374747,0.4583333333333333,28.53886010362694,29.0,2.4790355874550776,0.3072916666666667
2024-01-01 01:01:57.000000,2024-01-01 01:02:03.000000,9,-48.19170984455958,-52.0,12.025127064416882,0.036458333333333336,632.168486434527,6521.0,0.0,-20.533678756476682,-21.0,4.772987734857324,0.3854166666666667,33.78756476683938,31.0,9.56509772870019,0.078125
2024-01-01 01:02:00.000000,2024-01-01 01:02:06.000000,9,-31.585492227979273,-22.0,16.793916212773542,0.015625,1626.629213410934,9344.0,0.0,-15.927461139896373,-15.0,6.283652921784489,0.16666666666666666,48.41450777202073,57.0,14.016515440543388,0.005208333333333333
2024-01-01 01:02:03.000000,2024-01-01 01:02:09.000000,9,-21.39378238341969,-20.0,9.633944042112924,0.15625,431.49610102010683,10945.0,0.0,-15.373056994818652,-15.0,4.955604937200874,0.20833333333333334,56.70984455958549,58.0,6.5103088505753,0.22916666666666666
2024-01-01 01:02:06.000000,2024-01-01 01:02:12.000000,9,-35.932642487046635,-43.0,15.627187238966803,0.046875,1136.226753599233,8895.0,0.0,-21.528497409326423,-22.0,5.076545979761107,0.2708333333333333,46.0880829015544,42.0,10.082343940097706,0.09895833333333333
2024-01-01 01:02:09.000000,2024-01-01 01:02:15.000000,9,-40.994818652849744,-47.0,12.233193151441846,0.078125,879.9150709010228,8280.0,0.0,-23.974093264248705,-26.0,7.040385904107563,0.1875,42.90155440414508,39.0,8.647353139616973,0.07291666666666667
2024-01-01 01:02:12.000000,2024-01-01 01:02:18.000000,9,-26.077720207253886,-21.0,12.45362944856404,0.078125,968.1311142348383,10391.0,0.0,-17.326424870466322,-14.0,9.191944852571297,0.078125,53.83937823834197,57.0,9.4989091274419,0.057291666666666664
2024-01-01 01:02:15.000000,2024-01-01 01:02:21.000000,9,-19.253886010362695,-20.0,3.591482680050864,0.484375,102.22197723807834,11616.0,0.0,-8.0,-7.0,4.396968652757639,0.17708333333333334,60.18652849740933,60.0,3.493509587802657,0.5364583333333334
2024-01-01 01:02:18.000000,2024-01-01 01:02:24.000000,9,-14.2279792746114,-18.0,8.855309410154355,0.140625,185.5562345847005,11896.0,0.0,-7.0932642487046635,-6.0,4.859656003945541,0.24479166666666666,61.637305699481864,62.0,3.6490662325590595,0.4270833333333333
2024-01-01 01:02:21.000000,2024-01-01 01:02:27.000000,9,-9.932642487046632,-5.0,18.92833583990927,0.09895833333333333,712.5237387112683,11386.0,0.0,-16.129533678756477,-16.0,9.832387399249072,0.20833333333333334,58.994818652849744,62.0,9.74331897663643,0.15104166666666666
2024-01-01 01:02:24.000000,2024-01-01 01:02:30.000000,9,-5.129533678756476,2.0,20.407025145822818,0.06770833333333333,762.2642179106208,11318.0,0.0,-14.927461139896373,-16.0,11.049836079091131,0.125,58.64248704663213,61.0,10.875318866545935,0.18229166666666666
2024-01-01 01:02:27.000000,2024-01-01 01:02:33.000000,9,-23.808290155440414,-28.0,26.63682315108239,0.005208333333333333,1432.2725272638675,10100.0,0.0,-8.082901554404145,-7.0,5.683800800268508,0.1875,52.33160621761658,53.0,12.243360701245162,0.057291666666666664
2024-01-01 01:02:30.000000,2024-01-01 01:02:36.000000,9,-30.66321243523316,-46.0,33.757646418401926,0.078125,376.13001418513994,8052.0,0.0,-15.77720207253886,-11.0,14.65353691823794,0.08854166666666667,41.72020725388601,40.0,8.256591808376832,0.203125
2024-01-01 01:02:33.000000,2024-01-01 01:02:39.000000,9,-34.54922279792746,-48.0,36.12721896179727,0.09375,941.8707896242367,6832.0,0.0,-19.362694300518136,-18.0,14.290259539383333,0.08854166666666667,35.398963730569946,35.0,10.71609959767169,0.19791666666666666
2024-01-01 01:02:36.000000,2024-01-01 01:02:42.000000,9,-44.347150259067355,-47.0,16.19666583047818,0.06770833333333333,1382.8760540968392,7256.0,0.0,-22.564766839378237,-22.0,10.03624691599876,0.10416666666666667,37.59585492227979,38.0,13.199289099373601,0.11979166666666667
2024-01-01 01:02:39.000000,2024-01-01 01:02:45.000000,9,-25.621761658031087,-22.0,11.660873993704925,0.15104166666666666,992.7252297603602,10060.999999999998,0.0,-22.316062176165804,-21.0,9.194008524365966,0.11458333333333333,52.129533678756474,56.0,11.3641802154362,0.13020833333333334
2024-01-01 01:02:42.000000,2024-01-01 01:02:48.000000,9,-20.414507772020727,-21.0,3.0540609732493427,0.296875,85.01331355534418,11458.0,0.0,-13.212435233160623,-13.0,5.105292472155946,0.09895833333333333,59.36787564766839,59.0,2.6914997648998513,0.4322916666666667
2024-01-01 01:02:45.000000,2024-01-01 01:02:51.000000,9,-21.0,-22.0,5.7291287877535675,0.2916666666666667,129.72353154791026,11359.0,0.0,-13.564766839378239,-12.0,5.575915664016805,0.15104166666666666,58.854922279792746,59.0,4.374367706591408,0.390625
2024-01-01 01:02:48.000000,2024-01-01 01:02:54.000000,9,-22.440414507772022,-24.0,6.371962007677733,0.296875,149.31321470231296,11091.0,0.0,-14.248704663212436,-13.0,5.394857783191654,0.19791666666666666,57.46632124352332,57.0,4.432380314281681,0.4479166666666667
2024-01-01 01:02:51.000000,2024-01-01 01:02:57.000000,9,-24.16580310880829,-24.0,3.2951149927124903,0.3854166666666667,156.64213452638123,11167.0,0.0,-9.036269430051814,-9.0,4.214771960264205,0.296875,57.86010362694301,57.0,2.990630157542975,0.4270833333333333
2024-01-01 01:02:54.000000,2024-01-01 01:03:00.000000,9,-23.53886010362694,-23.0,3.0413457729326665,0.421875,93.15488789538307,11342.000000000002,0.0,-5.22279792746114,-5.0,2.936320409542472,0.3854166666666667,58.766839378238345,58.0,2.5642857314675274,0.4895833333333333
2024-01-01 01:02:57.000000,2024-01-01 01:03:03.000000,9,-24.072538860103627,-24.0,3.2969244316661923,0.5052083333333334,131.24694127564328,11300.000000000002,0.0,-3.6528497409326426,-3.0,2.8447145183385767,0.546875,58.54922279792746,59.0,3.2959748047647786,0.5104166666666666
2024-01-01 01:03:00.000000,2024-01-01 01:03:06.000000,9,-24.746113989637305,-25.0,3.4145518751033794,0.40625,112.76567231813202,11299.0,0.0,-3.4404145077720205,-3.0,2.734392039793934,0.4375,58.5440414507772,59.0,3.3353189250214452,0.5052083333333334
2024-01-01 01:03:03.000000,2024-01-01 01:03:09.000000,9,-25.041450777202073,-25.0,3.7691651884225754,0.3541666666666667,104.03697930220495,11319.0,0.0,-3.4870466321243523,-3.0,2.5312809839464916,0.3541666666666667,58.64766839378238,59.0,2.6926224929359486,0.4791666666666667
2024-01-01 01:03:06.000000,2024-01-01 01:03:12.000000,9,-26.59585492227979,-26.0,4.566908078285516,0.18229166666666666,235.72883450827106,11122.0,0.0,-4.160621761658031,-4.0,2.6120919990304623,0.4427083333333333,57.626943005181346,58.0,3.057725782387351,0.375
2024-01-01 01:03:09.000000,2024-01-01 01:03:15.000000,9,-25.849740932642487,-26.0,7.613940916943159,0.28125,241.23153822274514,11071.0,0.0,-4.808290155440415,-4.0,5.404428515767231,0.4114583333333333,57.362694300518136,58.0,4.709593156838083,0.390625
2024-01-01 01:03:12.000000,2024-01-01 01:03:18.000000,9,-22.440414507772022,-22.0,7.133242588562965,0.390625,136.0160910392071,11394.0,0.0,-4.6735751295336785,-4.0,5.658895667240356,0.3072916666666667,59.03626943005181,59.0,4.705242042342705,0.5052083333333334
2024-01-01 01:03:15.000000,2024-01-01 01:03:21.000000,9,-22.533678756476682,-23.0,6.463854261746505,0.3489583333333333,119.65389098335878,11574.0,0.0,-0.9067357512953368,-2.0,6.7786126759107015,0.19791666666666666,59.968911917098445,60.0,3.5250690533296867,0.515625
2024-01-01 01:03:18.000000,2024-01-01 01:03:24.000000,9,3.38860103626943,-1.0,29.20953887095001,0.020833333333333332,582.0377358823423,10977.0,0.0,-6.036269430051814,-6.0,11.0290209301202,0.08854166666666667,56.87564766839378,58.0,7.01746910397302,0.265625
2024-01-01 01:03:21.000000,2024-01-01 01:03:27.000000,9,-7.875647668393782,3.0,44.59312677934291,0.015625,1816.179563207176,8133.000000000001,0.0,-18.466321243523318,-17.0,8.773192800634124,0.24479166666666666,42.13989637305699,49.0,21.736013558283222,0.09895833333333333
2024-01-01 01:03:24.000000,2024-01-01 01:03:30.000000,9,-16.95336787564767,-14.0,39.019131279230685,0.0625,2032.3147142236965,7777.0,0.0,-26.564766839378237,-28.0,9.058674599091642,0.18229166666666666,40.295336787564764,48.0,20.88287847874086,0.0625
2024-01-01 01:03:27.000000,2024-01-01 01:03:33.000000,9,4.958549222797927,9.0,21.725041761776883,0.15625,448.5951113232109,10217.0,0.0,-28.60621761658031,-29.0,7.402868439996508,0.234375,52.93782383419689,54.0,8.966155660201906,0.3489583333333333
2024-01-01 01:03:30.000000,2024-01-01 01:03:36.000000,9,-10.663212435233161,-18.0,16.049258291579864,0.026041666666666668,288.8032895099027,11120.0,0.0,-20.10362694300518,-18.0,8.812847942640547,0.140625,57.61658031088083,58.0,6.270643799601868,0.2552083333333333
2024-01-01 01:03:33.000000,2024-01-01 01:03:39.000000,9,-19.0,-20.0,3.467107343785787,0.25,95.89496197950145,11523.0,0.0,-11.212435233160623,-11.0,4.495536070324149,0.171875,59.704663212435236,59.0,2.590211746400614,0.359375
2024-01-01 01:03:36.000000,2024-01-01 01:03:42.000000,9,-19.373056994818654,-20.0,3.8481190591780923,0.3020833333333333,91.10449489694874,11543.0,0.0,-8.569948186528498,-9.0,2.6529324375367564,0.359375,59.80829015544042,60.0,2.7002186791760656,0.4114583333333333
2024-01-01 01:03:39.000000,2024-01-01 01:03:45.000000,9,-20.77720207253886,-21.0,2.7570172676576292,0.375,84.67889414128666,11533.0,0.0,-7.932642487046632,-8.0,2.11901651756826,0.3541666666666667,59.75647668393783,60.0,2.270226682130139,0.4479166666666667
2024-01-01 01:03:42.000000,2024-01-01 01:03:48.000000,9,-21.202072538860104,-21.0,2.405634846676454,0.390625,105.36432011866482,11529.0,0.0,-6.108808290155441,-6.0,2.0775524285235862,0.3697916666666667,59.73575129533679,60.0,2.0960321096038848,0.484375
2024-01-01 01:03:45.000000,2024-01-01 01:03:51.000000,9,-21.212435233160623,-21.0,2.5272372055109558,0.359375,75.1612315327355,11523.0,0.0,-6.046632124352332,-6.0,2.0240485301751816,0.4635416666666667,59.704663212435236,60.0,2.289202239032566,0.453125
2024-01-01 01:03:48.000000,2024-01-01 01:03:54.000000,9,-20.39896373056995,-20.0,2.828684721542153,0.4010416666666667,87.44405128382935,11600.0,0.0,-6.430051813471502,-6.0,1.7158964182417058,0.4947916666666667,60.10362694300518,60.0,2.172181436583271,0.3697916666666667
2024-01-01 01:03:51.000000,2024-01-01 01:03:57.000000,9,-20.362694300518136,-21.0,2.439487863521651,0.4322916666666667,107.17222558797381,11569.999999999998,0.0,-6.4974093264248705,-7.0,1.6836355514543206,0.4166666666666667,59.94818652849741,60.0,1.8839810813874711,0.4166666666666667
2024-01-01 01:03:54.000000,2024-01-01 01:04:00.000000,9,-20.808290155440414,-21.0,2.135887227525054,0.4270833333333333,76.78319167311102,11536.0,0.0,-6.7927461139896375,-7.0,2.1111186861664533,0.4322916666666667,59.7720207253886,60.0,1.9418216746742956,0.4166666666666667
2024-01-01 01:03:57.000000,2024-01-01 01:04:03.000000,9,-19.8860103626943,-20.0,2.764631745349107,0.3125,73.23353120156217,11588.0,0.0,-4.575129533678757,-4.0,3.0662482349512996,0.21354166666666666,60.04145077720207,60.0,2.2380101766859557,0.421875
2024-01-01 01:04:00.000000,2024-01-01 01:04:06.000000,9,-20.870466321243523,-21.0,3.341470529908239,0.296875,75.22514981475763,11559.0,0.0,-1.2124352331606219,-1.0,2.158184706240908,0.2760416666666667,59.89119170984456,60.0,2.1779135489264894,0.4114583333333333
2024-01-01 01:04:03.000000,2024-01-01 01:04:09.000000,9,-21.16580310880829,-22.0,3.303008650992603,0.3541666666666667,112.43960983519128,11625.0,0.0,0.37823834196891193,0.0,1.8220132538112623,0.53125,60.233160621761655,60.0,1.9585652859362679,0.4270833333333333
2024-01-01 01:04:06.000000,2024-01-01 01:04:12.000000,9,-18.16062176165803,-18.0,3.1770832448540385,0.4322916666666667,65.42487455516388,11819.0,0.0,-2.6891191709844557,-1.0,4.684497455181217,0.109375,61.23834196891192,61.0,1.5762499494945335,0.484375
2024-01-01 01:04:09.000000,2024-01-01 01:04:15.000000,9,-17.844559585492227,-18.0,2.9732634879146684,0.3854166666666667,83.60960400425229,11780.0,0.0,-8.740932642487047,-11.0,4.056275123268591,0.08854166666666667,61.03626943005181,61.0,1.8153657144028486,0.3958333333333333
2024-01-01 01:04:12.000000,2024-01-01 01:04:18.000000,9,-19.414507772020727,-19.0,2.6739867417381444,0.3385416666666667,86.42204765654535,11634.000000000002,0.0,-11.471502590673575,-12.0,1.3694837535711537,0.40625,60.27979274611399,60.0,2.2160531635068614,0.5052083333333334
2024-01-01 01:04:15.000000,2024-01-01 01:04:21.000000,9,-23.072538860103627,-21.0,8.144203094315047,0.16145833333333334,342.6022273219426,11238.0,0.0,-11.823834196891191,-11.0,4.548357282840273,0.34375,58.2279792746114,60.0,5.8461030966135805,0.234375
2024-01-01 01:04:18.000000,2024-01-01 01:04:24.000000,9,-28.95336787564767,-30.0,8.458409372876849,0.1875,383.52046535714004,10907.0,0.0,-6.823834196891192,-8.0,8.834712066937975,0.19270833333333334,56.512953367875646,57.0,5.837298183779531,0.296875
2024-01-01 01:04:21.000000,2024-01-01 01:04:27.000000,9,-21.65284974093264,-30.0,24.845118246666605,0.0625,1137.0341484599423,10247.0,0.0,-8.683937823834198,-9.0,11.432255219893433,0.18229166666666666,53.09326424870466,56.0,14.261384568477817,0.16145833333333334
2024-01-01 01:04:24.000000,2024-01-01 01:04:30.000000,9,-32.0880829015544,-40.0,34.533309900149426,0.03125,2187.124603248486,7379.0,0.0,-9.94300518134715,-13.0,16.17456417769934,0.11979166666666667,38.233160621761655,38.0,20.83872943933822,0.10416666666666667
2024-01-01 01:04:27.000000,2024-01-01 01:04:33.000000,9,-14.839378238341968,2.0,42.41277941782091,0.005208333333333333,1729.9388979600494,7635.0,0.0,-16.984455958549223,-27.0,18.801727725336455,0.015625,39.55958549222798,47.0,17.394558052083084,0.09895833333333333
2024-01-01 01:04:30.000000,2024-01-01 01:04:36.000000,9,13.704663212435234,15.0,16.21344699802785,0.15625,387.88201077837033,10645.0,0.0,-27.497409326424872,-28.0,5.821229423708901,0.19270833333333334,55.15544041450777,55.0,6.217974946494489,0.3177083333333333
2024-01-01 01:04:33.000000,2024-01-01 01:04:39.000000,9,-7.652849740932642,-13.0,15.805744758078085,0.026041666666666668,228.52249500943185,11188.0,0.0,-21.46113989637306,-21.0,6.581998235885669,0.20833333333333334,57.968911917098445,58.0,4.654642323968192,0.4114583333333333
2024-01-01 01:04:36.000000,2024-01-01 01:04:42.000000,9,-20.34715025906736,-22.0,4.564206834070909,0.2864583333333333,85.14760361342886,11276.000000000002,0.0,-16.212435233160623,-17.0,5.024051607973935,0.2864583333333333,58.424870466321245,58.0,2.3663885786169256,0.5
2024-01-01 01:04:39.000000,2024-01-01 01:04:45.000000,9,-23.2279792746114,-23.0,3.2691494433417336,0.3697916666666667,62.635911017976504,11310.0,0.0,-9.901554404145077,-8.0,6.131853960093164,0.06770833333333333,58.601036269430054,59.0,2.293877485950955,0.5208333333333334
2024-01-01 01:04:42.000000,2024-01-01 01:04:48.000000,9,-23.253886010362695,-25.0,5.600669410088882,0.375,157.36459327072313,11309.0,0.0,-7.865284974093265,-6.0,5.6717948958192945,0.265625,58.59585492227979,59.0,3.918756103090559,0.5
2024-01-01 01:04:45.000000,2024-01-01 01:04:51.000000,9,-19.139896373056995,-19.0,6.147163471000714,0.234375,174.87249383203542,11532.0,0.0,-10.217616580310882,-10.0,5.202593555755655,0.2552083333333333,59.751295336787564,60.0,4.555252334854449,0.3697916666666667
2024-01-01 01:04:48.000000,2024-01-01 01:04:54.000000,9,-17.559585492227978,-18.0,4.346673037387916,0.3802083333333333,94.1487515322286,11783.0,0.0,-10.373056994818652,-11.0,2.8805561315383197,0.4479166666666667,61.05181347150259,61.0,3.1153867681278196,0.3958333333333333
2024-01-01 01:04:51.000000,2024-01-01 01:04:57.000000,9,-22.870466321243523,-24.0,5.999028418745149,0.15104166666666666,291.8922294776837,11361.0,0.0,-12.766839378238341,-13.0,3.0418160111915493,0.25,58.865284974093264,59.0,3.3123014164739195,0.19270833333333334
2024-01-01 01:04:54.000000,2024-01-01 01:05:00.000000,9,-26.10362694300518,-27.0,5.916928160803006,0.3072916666666667,170.43644380737044,10945.0,0.0,-13.927461139896373,-14.0,4.052381280364765,0.265625,56.70984455958549,57.0,3.7539918304669286,0.4427083333333333
2024-01-01 01:04:57.000000,2024-01-01 01:05:03.000000,9,-24.932642487046632,-25.0,5.9178949806267385,0.375,150.32257855458786,11112.000000000002,0.0,-10.870466321243523,-10.0,4.888209484966037,0.3125,57.575129533678755,58.0,4.020235677794108,0.4427083333333333
2024-01-01 01:05:00.000000,2024-01-01 01:05:06.000000,9,-25.647668393782382,-25.0,3.766658451394897,0.4583333333333333,132.0108437225692,11164.0,0.0,-9.994818652849741,-10.0,3.9071214485624686,0.4114583333333333,57.84455958549223,59.0,3.418193348622412,0.4635416666666667
2024-01-01 01:05:03.000000,2024-01-01 01:05:09.000000,9,-32.62176165803109,-34.0,7.224592188979526,0.10416666666666667,738.4295016774464,10045.0,0.0,-15.336787564766839,-17.0,5.060626612371689,0.11979166666666667,52.04663212435233,50.0,6.177319196261779,0.06770833333333333
2024-01-01 01:05:06.000000,2024-01-01 01:05:12.000000,9,-36.48186528497409,-37.0,5.815830823644833,0.203125,406.0342077233683,9437.0,0.0,-17.77720207253886,-18.0,4.196613024908183,0.296875,48.89637305699482,48.0,5.060018662031163,0.15104166666666666
2024-01-01 01:05:09.000000,2024-01-01 01:05:15.000000,9,-32.870466321243526,-32.0,5.281533107811781,0.3802083333333333,241.38370961737942,10122.0,0.0,-14.160621761658032,-13.0,4.637944006927962,0.234375,52.44559585492228,53.0,4.910489811615812,0.421875
2024-01-01 01:05:12.000000,2024-01-01 01:05:18.000000,9,-32.43523316062176,-33.0,2.4763889353037127,0.421875,72.61136826493872,10405.0,0.0,-11.155440414507773,-11.0,2.4972242794550588,0.4427083333333333,53.9119170984456,54.0,2.474350283695679,0.4947916666666667
2024-01-01 01:05:15.000000,2024-01-01 01:05:21.000000,9,-34.53367875647668,-34.0,2.7348361164364334,0.3854166666666667,162.71385229560417,10202.0,0.0,-10.49740932642487,-11.0,2.039005967815582,0.4895833333333333,52.86010362694301,53.0,2.575144411330272,0.4375
2024-01-01 01:05:18.000000,2024-01-01 01:05:24.000000,9,-35.32642487046632,-35.0,2.291782458999595,0.4583333333333333,103.85541816864671,10126.0,0.0,-9.658031088082902,-10.0,2.258583225504099,0.390625,52.46632124352332,53.0,2.426021142481063,0.515625
2024-01-01 01:05:21.000000,2024-01-01 01:05:27.000000,9,-34.2020725388601,-34.0,2.2257011664216537,0.5677083333333334,98.12947732476823,10397.0,0.0,-5.481865284974093,-7.0,5.112375980819226,0.171875,53.870466321243526,54.0,2.597837299674208,0.5
2024-01-01 01:05:24.000000,2024-01-01 01:05:30.000000,9,-15.979274611398964,-30.0,21.1251130542396,0.036458333333333336,427.10662446829906,11206.0,0.0,-6.269430051813472,-6.0,8.08740972299746,0.17708333333333334,58.06217616580311,57.0,5.8564662829193,0.21354166666666666
2024-01-01 01:05:27.000000,2024-01-01 01:05:33.000000,9,-6.269430051813472,4.0,30.540273072796307,0.046875,2186.423515110478,9227.0,0.0,-16.761658031088082,-18.0,10.585228571140142,0.15104166666666666,47.80829015544042,56.0,25.4132415795789,0.052083333333333336
2024-01-01 01:05:30.000000,2024-01-01 01:05:36.000000,0,-0.03626943005181347,13.0,31.4891471146864,0.057291666666666664,1910.630163634995,8815.0,0.0,-22.932642487046632,-23.0,6.31141671906769,0.3229166666666667,45.67357512953368,54.0,24.184020554339416,0.020833333333333332
2024-01-01 01:05:33.000000,2024-01-01 01:05:39.000000,0,3.4974093264248705,5.0,15.21105832402162,0.140625,199.25700156838244,11248.0,0.0,-20.238341968911918,-21.0,6.047139591295611,0.19791666666666666,58.27979274611399,58.0,4.469160057940279,0.3229166666666667
2024-01-01 01:05:36.000000,2024-01-01 01:05:42.000000,0,-13.461139896373057,-17.0,10.522287494197043,0.057291666666666664,131.66865685347847,11528.0,0.0,-13.466321243523316,-12.0,7.099747313609019,0.15104166666666666,59.73056994818653,60.0,3.6069880363400872,0.4114583333333333
2024-01-01 01:05:39.000000,2024-01-01 01:05:45.000000,0,-23.34715025906736,-20.0,11.617547103018179,0.078125,419.42934304715436,11151.0,0.0,-10.310880829015543,-9.0,6.43450462280762,0.1875,57.77720207253886,60.0,6.491749446861688,0.19791666666666666
2024-01-01 01:05:42.000000,2024-01-01 01:05:48.000000,0,-6.248704663212435,-12.0,24.987294914966895,0.036458333333333336,542.1273928104976,11187.0,0.0,-10.243523316062177,-8.0,6.453178482080667,0.17708333333333334,57.96373056994819,60.0,7.807830642611049,0.19791666666666666
2024-01-01 01:05:45.000000,2024-01-01 01:05:51.000000,0,19.259067357512954,19.0,18.130178374071438,0.17708333333333334,502.49957653396444,11187.0,0.0,-7.176165803108808,-8.0,6.23164402912261,0.20833333333333334,57.96373056994819,60.0,8.34564073895444,0.24479166666666666
2024-01-01 01:05:48.000000,2024-01-01 01:05:54.000000,0,-18.40414507772021,-24.0,46.594800132584645,0.015625,3767.284741233669,5367.999999999999,0.0,-1.9170984455958548,0.0,10.152656050042582,0.09895833333333333,27.813471502590673,40.0,31.17284516861971,0.005208333333333333
2024-01-01 01:05:51.000000,2024-01-01 01:05:57.000000,0,-39.09844559585492,-60.0,35.19004427847802,0.010416666666666666,3619.2596660031536,3594.0,0.16580310880829016,-10.523316062176166,-13.0,17.275365571041505,0.010416666666666666,18.621761658031087,4.0,28.684289816850335,0.03125
2024-01-01 01:05:54.000000,2024-01-01 01:06:00.000000,0,-3.1968911917098444,10.0,29.2920387127909,0.015625,1635.52062523746,9016.0,0.0,-24.041450777202073,-27.0,10.9200857544382,0.109375,46.715025906735754,55.0,21.02024401530265,0.057291666666666664
2024-01-01 01:05:57.000000,2024-01-01 01:06:03.000000,0,1.621761658031088,9.0,17.343554969028997,0.036458333333333336,267.5643674105385,10878.000000000002,0.0,-24.207253886010363,-23.0,6.766072625515325,0.15104166666666666,56.362694300518136,57.0,4.297898831941341,0.3489583333333333
2024-01-01 01:06:00.000000,2024-01-01 01:06:06.000000,0,-15.015544041450777,-21.0,16.47645943331533,0.036458333333333336,214.84156051010976,10898.0,0.0,-17.124352331606218,-15.0,7.4053104340882285,0.057291666666666664,56.46632124352332,57.0,3.8487221148192052,0.4166666666666667
2024-01-01 01:06:03.000000,2024-01-01 01:06:09.000000,0,-23.39896373056995,-23.0,1.8375138785560268,0.4739583333333333,87.02591224598629,11084.000000000002,0.0,-11.601036269430052,-12.0,2.428433772458979,0.4427083333333333,57.4300518134715,57.0,1.9328650198090347,0.3697916666666667
2024-01-01 01:06:06.000000,2024-01-01 01:06:12.000000,0,-23.746113989637305,-24.0,1.7418853314073295,0.5260416666666666,69.92105793816232,11175.0,0.0,-11.601036269430052,-12.0,2.415531119074921,0.4427083333333333,57.90155440414508,58.0,1.9082189744829747,0.4583333333333333
2024-01-01 01:06:09.000000,2024-01-01 01:06:15.000000,0,-23.53886010362694,-23.0,2.6555352462109676,0.4895833333333333,81.37538898715468,11251.0,0.0,-10.2279792746114,-11.0,3.689772542614908,0.359375,58.295336787564764,58.0,2.5105670457471776,0.4479166666666667
2024-01-01 01:06:12.000000,2024-01-01 01:06:18.000000,0,-23.958549222797927,-24.0,2.8188986414821504,0.5260416666666666,105.63427666110464,11337.0,0.0,-7.808290155440415,-7.0,3.098980625201026,0.3177083333333333,58.740932642487046,59.0,2.613114592903967,0.4635416666666667
2024-01-01 01:06:15.000000,2024-01-01 01:06:21.000000,0,-24.740932642487046,-25.0,2.6624771439984865,0.4010416666666667,81.14475527859773,11340.0,0.0,-6.455958549222798,-7.0,2.245221369547529,0.453125,58.75647668393783,59.0,2.3646203053039234,0.4895833333333333
2024-01-01 01:06:18.000000,2024-01-01 01:06:24.000000,0,-24.06217616580311,-24.0,3.6580774535681964,0.21875,96.64872521603932,11365.999999999998,0.0,-6.891191709844559,-7.0,2.6267008635544293,0.359375,58.89119170984456,59.0,2.894602579502796,0.4635416666666667
2024-01-01 01:06:21.000000,2024-01-01 01:06:27.000000,0,-23.05699481865285,-22.0,3.4052449258726365,0.3489583333333333,104.6451174795672,11369.0,0.0,-7.538860103626943,-8.0,2.585978366215658,0.46875,58.90673575129534,59.0,2.9406642917347674,0.4895833333333333
2024-01-01 01:06:24.000000,2024-01-01 01:06:30.000000,0,-24.27461139896373,-25.0,2.8103654824733595,0.4010416666666667,78.59224359507664,11254.0,0.0,-7.051813471502591,-7.0,2.263250180977033,0.4739583333333333,58.310880829015545,58.0,2.3993783377365294,0.5104166666666666
2024-01-01 01:06:27.000000,2024-01-01 01:06:33.000000,0,-25.238341968911918,-25.0,2.379421618085968,0.4635416666666667,101.43116820877495,11263.0,0.0,-4.538860103626943,-6.0,5.584557646809228,0.171875,58.35751295336787,58.0,2.60841148001041,0.5052083333333334
2024-01-01 01:06:30.000000,2024-01-01 01:06:36.000000,0,-22.83937823834197,-23.0,3.525222160100782,0.25,174.4048939568874,11584.0,0.0,6.186528497409326,11.0,10.087452234008467,0.078125,60.020725388601036,60.0,2.9243206996504565,0.390625
2024-01-01 01:06:33.000000,2024-01-01 01:06:39.000000,0,-20.440414507772022,-21.0,4.145507587813796,0.2864583333333333,251.22578778913726,11649.0,0.0,4.393782383419689,10.0,12.14068412981313,0.026041666666666668,60.35751295336787,60.0,4.926719034920712,0.3229166666666667
2024-01-01 01:06:36.000000,2024-01-01 01:06:42.000000,0,-18.704663212435232,-18.0,8.943737859038114,0.13541666666666666,312.26125830030935,11318.0,0.0,-11.580310880829016,-12.0,10.285255724556214,0.19270833333333334,58.64248704663213,59.0,8.171447879601885,0.171875
2024-01-01 01:06:39.000000,2024-01-01 01:06:45.000000,0,-15.481865284974093,-15.0,19.27300931793624,0.19791666666666666,519.4649193626561,10746.0,0.0,-18.518134715025905,-16.0,8.465058859960198,0.1875,55.67875647668394,56.0,9.23706384332142,0.265625
2024-01-01 01:06:42.000000,2024-01-01 01:06:48.000000,0,-37.43523316062176,-50.0,29.82146881290213,0.057291666666666664,2457.9560065067167,6936.0,0.0,-8.103626943005182,-11.0,14.844318403352297,0.0625,35.93782383419689,40.0,19.99443332504418,0.078125
2024-01-01 01:06:45.000000,2024-01-01 01:06:51.000000,0,-51.54922279792746,-51.0,11.439556368742812,0.10416666666666667,1851.300422028896,6084.0,0.0,-6.803108808290156,-13.0,12.526330213526517,0.041666666666666664,31.523316062176164,38.0,15.703991178883783,0.08333333333333333
2024-01-01 01:06:48.000000,2024-01-01 01:06:54.000000,0,-48.46632124352332,-50.0,7.8461877314463,0.10416666666666667,1018.3351264727758,7143.0,0.0,-15.466321243523316,-15.0,3.4354396007544334,0.20833333333333334,37.01036269430052,37.0,8.534238418781197,0.08333333333333333
2024-01-01 01:06:51.000000,2024-01-01 01:06:57.000000,0,-38.60621761658031,-53.0,27.05127004670754,0.041666666666666664,1762.700732303327,7765.0,0.0,-12.067357512953368,-13.0,8.251301776188235,0.19270833333333334,40.233160621761655,32.0,17.28265444444057,0.046875
2024-01-01 01:06:54.000000,2024-01-01 01:07:00.000000,0,-2.704663212435233,7.0,30.589023579674098,0.057291666666666664,1061.6829813739175,10360.0,0.0,-14.989637305699482,-15.0,11.664578520258145,0.17708333333333334,53.67875647668394,54.0,15.355184198795172,0.2864583333333333
2024-01-01 01:06:57.000000,2024-01-01 01:07:03.000000,0,-8.569948186528498,5.0,33.57293876300973,0.052083333333333336,1735.0344277138338,8914.0,0.0,-21.989637305699482,-25.0,9.503831265438922,0.08333333333333333,46.18652849740933,52.0,17.964850660110407,0.07291666666666667
2024-01-01 01:07:00.000000,2024-01-01 01:07:06.000000,0,-40.7979274611399,-48.0,21.638256915677783,0.046875,1208.257745682757,7037.0,0.0,-21.642487046632123,-21.0,6.183113599343252,0.19270833333333334,36.461139896373055,36.0,13.75718724075535,0.22916666666666666
2024-01-01 01:07:03.000000,2024-01-01 01:07:09.000000,0,-33.031088082901555,-45.0,32.391148922157875,0.057291666666666664,1223.211375858531,8345.0,0.0,-13.663212435233161,-17.0,10.817402262551049,0.10416666666666667,43.23834196891192,38.0,18.07378342341788,0.18229166666666666
2024-01-01 01:07:06.000000,2024-01-01 01:07:12.000000,0,-8.264248704663212,-5.0,35.507006594067555,0.125,1382.1914975939083,9938.0,0.0,-13.647668393782384,-14.0,13.09859277007004,0.13541666666666666,51.49222797927461,52.0,19.75345939401724,0.22916666666666666
2024-01-01 01:07:09.000000,2024-01-01 01:07:15.000000,0,-19.518134715025905,-9.0,42.49461893192192,0.041666666666666664,2254.12079753051,6480.0,0.0,-15.580310880829016,-15.0,12.0366205938177,0.23958333333333334,33.575129533678755,43.0,32.579003385181615,0.09895833333333333
2024-01-01 01:07:12.000000,2024-01-01 01:07:18.000000,0,-42.689119170984455,-44.0,36.757464317798984,0.11979166666666667,2650.806897395974,4458.0,0.0,-6.1450777202072535,-5.0,19.077410537923374,0.18229166666666666,23.098445595854923,30.0,34.96882015435908,0.11458333333333333
2024-01-01 01:07:15.000000,2024-01-01 01:07:21.000000,0,-36.056994818652846,-30.0,21.400249835111325,0.11458333333333333,1806.5824686137503,8370.0,0.0,7.476683937823834,16.0,17.863799678300797,0.052083333333333336,43.36787564766839,53.0,27.699924867246878,0.06770833333333333
2024-01-01 01:07:18.000000,2024-01-01 01:07:24.000000,0,-22.694300518134714,-27.0,19.42868419193776,0.06770833333333333,3142.308500652001,6415.999999999998,0.0,-15.17098445595855,5.0,35.1195397233501,0.005208333333333333,33.24352331606217,47.0,26.57845642348182,0.057291666666666664
2024-01-01 01:07:21.000000,2024-01-01 01:07:27.000000,0,-31.5440414507772,-27.0,27.64374134709228,0.041666666666666664,2110.281017900557,3663.9999999999995,0.0,-34.35233160621762,-24.0,21.93147964052582,0.010416666666666666,18.984455958549223,16.0,20.819531265721437,0.10416666666666667
2024-01-01 01:07:24.000000,2024-01-01 01:07:30.000000,0,-39.512953367875646,-45.0,21.55132169387814,0.036458333333333336,2288.184629684982,6561.0,0.0,-22.528497409326423,-20.0,9.89794098544214,0.0625,33.994818652849744,34.0,20.137159217405777,0.041666666666666664
2024-01-01 01:07:27.000000,2024-01-01 01:07:33.000000,0,-45.92227979274612,-55.0,18.989009183616595,0.057291666666666664,2235.559805551305,5781.0,0.0,-17.870466321243523,-15.0,7.447651216026343,0.06770833333333333,29.95336787564767,24.0,19.74796670847839,0.057291666666666664
2024-01-01 01:07:30.000000,2024-01-01 01:07:36.000000,0,-38.32642487046632,-51.0,25.492281841883916,0.046875,2332.660903167201,6947.0,0.0,-10.300518134715025,-15.0,13.739118790766929,0.06770833333333333,35.994818652849744,33.0,22.041744819330518,0.046875
2024-01-01 01:07:33.000000,2024-01-01 01:07:39.000000,0,-11.533678756476684,-8.0,20.54745917586321,0.15104166666666666,686.3750890403882,10719.0,0.0,7.259067357512953,15.0,19.431107822483533,0.036458333333333336,55.538860103626945,58.0,11.210569452256596,0.22395833333333334
2024-01-01 01:07:36.000000,2024-01-01 01:07:42.000000,0,-14.357512953367875,-3.0,28.164724872004644,0.08854166666666667,1742.3900741194175,9561.0,0.0,12.093264248704664,14.0,17.72068019226926,0.140625,49.538860103626945,58.0,19.57995873618061,0.109375
2024-01-01 01:07:39.000000,2024-01-01 01:07:45.000000,0,-39.512953367875646,-53.0,29.133333716203666,0.08333333333333333,2575.019491034859,5981.0,0.0,-2.295336787564767,-8.0,24.860042173962448,0.052083333333333336,30.989637305699482,25.0,24.04119503522931,0.09895833333333333
2024-01-01 01:07:42.000000,2024-01-01 01:07:48.000000,0,-50.44041450777202,-54.0,20.349493846955713,0.13541666666666666,1384.6489510190393,2043.0,0.0,15.155440414507773,16.0,35.14888991753841,0.046875,10.585492227979275,9.0,19.78462673630695,0.08854166666666667
2024-01-01 01:07:45.000000,2024-01-01 01:07:51.000000,0,-35.52849740932643,-30.0,27.908900654653092,0.13020833333333334,1323.040222918003,1030.0,0.16580310880829016,46.79274611398964,43.0,25.895594646717058,0.09375,5.33678756476684,4.0,18.665798269647567,0.06770833333333333
2024-01-01 01:07:48.000000,2024-01-01 01:07:54.000000,0,-20.22279792746114,-13.0,20.804824621887423,0.06770833333333333,1287.6235127275063,2944.0,0.0,55.89119170984456,58.0,18.09620054302183,0.06770833333333333,15.253886010362693,20.0,15.189867714184965,0.046875
2024-01-01 01:07:51.000000,2024-01-01 01:07:57.000000,0,-12.362694300518134,-12.0,7.124126919812899,0.140625,301.4793746754662,4269.0,0.0,57.461139896373055,59.0,7.435822131896519,0.10416666666666667,22.11917098445596,20.0,4.997009036329,0.078125
2024-01-01 01:07:54.000000,2024-01-01 01:08:00.000000,0,-14.150259067357513,-13.0,11.550307194473278,0.14583333333333334,1755.2459455604921,2468.0,0.0,57.81347150259067,58.0,11.894782858046172,0.10416666666666667,12.787564766839377,20.0,20.85868750807648,0.052083333333333336
2024-01-01 01:07:57.000000,2024-01-01 01:08:03.000000,0,-20.704663212435232,-20.0,14.9854383839065,0.14583333333333334,2077.8479347185066,3049.0,0.0,51.27979274611399,52.0,20.897429466088784,0.08854166666666667,15.797927461139896,20.0,24.086121432937485,0.07291666666666667
2024-01-01 01:08:00.000000,2024-01-01 01:08:06.000000,0,-29.06217616580311,-24.0,19.12040438875803,0.08333333333333333,1566.7347868948575,3864.0,0.0,44.196891191709845,51.0,26.84838974597248,0.020833333333333332,20.020725388601036,19.0,18.14293898153597,0.140625
2024-01-01 01:08:03.000000,2024-01-01 01:08:09.000000,0,-24.77720207253886,-18.0,20.693122308651937,0.06770833333333333,1011.9799055116046,3201.0,0.0,52.715025906735754,59.0,25.656720856912585,0.10416666666666667,16.585492227979273,15.0,16.2693537598043,0.15104166666666666
2024-01-01 01:08:06.000000,2024-01-01 01:08:12.000000,0,-18.979274611398964,-15.0,17.01499294409896,0.15625,678.743510571443,3947.0,0.0,59.50777202072539,60.0,17.213463471880218,0.15625,20.45077720207254,18.0,14.47371582951814,0.13020833333333334
2024-01-01 01:08:09.000000,2024-01-01 01:08:15.000000,0,-18.155440414507773,-15.0,16.577679645693276,0.14583333333333334,729.3181190720753,3769.0000000000005,0.0,63.90155440414508,64.0,22.842888382482993,0.09895833333333333,19.528497409326423,20.0,14.190683061477174,0.16666666666666666
2024-01-01 01:08:12.000000,2024-01-01 01:08:18.000000,0,-13.870466321243523,-13.0,12.418434226406264,0.19791666666666666,1346.52032663782,3821.0,0.0,70.48704663212435,71.0,22.321073004816682,0.14583333333333334,19.797927461139896,20.0,12.017157692879962,0.15625
2024-01-01 01:08:15.000000,2024-01-01 01:08:21.000000,0,-17.89119170984456,-14.0,15.487682442076265,0.125,1089.4081077244782,3493.0,0.0,64.69948186528498,69.0,26.800824958947402,0.109375,18.098445595854923,18.0,11.174545463742296,0.13541666666666666
2024-01-01 01:08:18.000000,2024-01-01 01:08:24.000000,0,-25.963730569948186,-18.0,22.32836692066162,0.046875,822.3430081508835,2901.0,0.0,54.06217616580311,61.0,29.773909674796993,0.09375,15.031088082901555,16.0,11.761477876132,0.14583333333333334
2024-01-01 01:08:21.000000,2024-01-01 01:08:27.000000,0,-22.243523316062177,-16.0,21.139856019414818,0.052083333333333336,790.38867676442,3287.0,0.0,56.05181347150259,61.0,23.061227591963945,0.109375,17.031088082901555,18.0,11.833438997071367,0.13020833333333334
2024-01-01 01:08:24.000000,2024-01-01 01:08:30.000000,0,-13.362694300518134,-12.0,7.506459509622549,0.15625,1071.480012447218,4043.0,0.0,66.99481865284974,68.0,13.683360260324108,0.13020833333333334,20.94818652849741,21.0,9.398437886958975,0.17708333333333334
2024-01-01 01:08:27.000000,2024-01-01 01:08:33.000000,0,-13.797927461139896,-13.0,6.8492393019622275,0.20833333333333334,1185.8085133959917,4036.0,0.0,67.57512953367876,70.0,15.109523869787404,0.13020833333333334,20.911917098445596,20.0,10.184113084919318,0.13541666666666666
2024-01-01 01:08:30.000000,2024-01-01 01:08:36.000000,0,-23.632124352331605,-17.0,35.60583408634681,0.11979166666666667,863.8581325509281,4556.0,0.0,46.601036269430054,55.0,35.71430909202294,0.09895833333333333,23.60621761658031,21.0,22.11829848353085,0.16666666666666666
2024-01-01 01:08:33.000000,2024-01-01 01:08:39.000000,0,-30.8860103626943,-33.0,38.694953659196834,0.14583333333333334,1461.9956546918345,5904.0,0.0,28.689119170984455,17.0,35.506993673654385,0.03125,30.590673575129532,29.0,24.99027552665437,0.18229166666666666
2024-01-01 01:08:36.000000,2024-01-01 01:08:42.000000,0,-22.932642487046632,-19.0,20.236637097149494,0.109375,1364.5273171022998,5106.0,0.0,46.92746113989637,58.0,29.07524222956909,0.046875,26.4559585492228,22.0,16.71979173509466,0.08854166666666667
2024-01-01 01:08:39.000000,2024-01-01 01:08:45.000000,0,-14.217616580310882,-13.0,8.233208955588973,0.19270833333333334,871.9583147460113,3584.0,0.0,65.16062176165804,65.0,11.331193285707629,0.1875,18.569948186528496,17.0,8.410467714984785,0.13020833333333334
2024-01-01 01:08:42.000000,2024-01-01 01:08:48.000000,0,-11.73056994818653,-11.0,6.663015785736003,0.17708333333333334,1018.4317906816731,3819.0000000000005,0.0,67.72020725388602,68.0,12.100036843889724,0.125,19.787564766839377,18.0,9.307895997104763,0.13541666666666666
2024-01-01 01:08:45.000000,2024-01-01 01:08:51.000000,0,-12.38341968911917,-10.0,8.779600806879094,0.171875,1075.5683027721764,3779.0,0.0,68.76683937823834,72.0,12.571981863623357,0.13541666666666666,19.580310880829014,18.0,10.008071008916573,0.14583333333333334
2024-01-01 01:08:48.000000,2024-01-01 01:08:54.000000,0,-12.979274611398964,-11.0,9.188397659788366,0.15625,903.1592767263645,3537.0,0.0,67.80829015544042,70.0,12.139790535618998,0.13541666666666666,18.326424870466322,17.0,8.82539990629576,0.17708333333333334
2024-01-01 01:08:51.000000,2024-01-01 01:08:57.000000,0,-10.720207253886011,-11.0,11.383213882298593,0.19270833333333334,1058.9217799037237,4724.0,0.0,58.66839378238342,64.0,24.514321622148294,0.109375,24.476683937823836,22.0,15.899774808042388,0.109375
2024-01-01 01:08:54.000000,2024-01-01 01:09:00.000000,0,-10.642487046632125,-9.0,13.33509069269435,0.125,1037.8417440215105,4839.0,0.0,58.67875647668394,62.0,28.00540153456584,0.09895833333333333,25.072538860103627,23.0,16.088457375028764,0.17708333333333334
2024-01-01 01:08:57.000000,2024-01-01 01:09:03.000000,0,-12.186528497409327,-11.0,10.683243541799582,0.09895833333333333,728.5478574488071,3545.0000000000005,0.0,67.26424870466322,68.0,18.344152581621856,0.14583333333333334,18.367875647668395,18.0,8.468963198120688,0.13020833333333334
2024-01-01 01:09:00.000000,2024-01-01 01:09:06.000000,0,-12.766839378238341,-12.0,8.097230677579914,0.140625,913.9543357995451,3467.0,0.0,65.95336787564767,66.0,13.401760672358352,0.16145833333333334,17.963730569948186,16.0,8.221778153803637,0.11458333333333333
2024-01-01 01:09:03.000000,2024-01-01 01:09:09.000000,0,-13.186528497409327,-12.0,7.147728723639123,0.21875,939.0255449124389,3521.0,0.0,64.61658031088083,64.0,12.615224545292559,0.19270833333333334,18.243523316062177,16.0,8.563352878492683,0.11458333333333333
2024-01-01 01:09:06.000000,2024-01-01 01:09:12.000000,0,-12.72538860103627,-11.0,6.552848297629392,0.18229166666666666,888.9118777391375,3411.0,0.0,65.83419689119171,66.0,11.988860780541183,0.1875,17.673575129533678,16.0,8.221046172642005,0.10416666666666667
2024-01-01 01:09:09.000000,2024-01-01 01:09:15.000000,0,-13.088082901554404,-12.0,6.375205303341862,0.14583333333333334,891.4383906319275,3435.0,0.0,65.83937823834196,65.0,12.248303608176348,0.19270833333333334,17.797927461139896,16.0,8.451799355692101,0.11458333333333333
2024-01-01 01:09:12.000000,2024-01-01 01:09:18.000000,0,-12.466321243523316,-12.0,5.751825384209066,0.171875,895.4904170063085,3521.0,0.0,66.07772020725389,66.0,11.96388536842477,0.15104166666666666,18.243523316062177,16.0,8.403110288553217,0.140625
2024-01-01 01:09:15.000000,2024-01-01 01:09:21.000000,0,-11.94300518134715,-11.0,6.0045005069959565,0.16145833333333334,795.497456654463,3335.0000000000005,0.0,67.64766839378238,67.0,11.044427669921662,0.13020833333333334,17.27979274611399,16.0,7.663118922702997,0.140625
2024-01-01 01:09:18.000000,2024-01-01 01:09:24.000000,0,-11.38860103626943,-11.0,5.4485543391686875,0.16666666666666666,830.8917106010322,3295.0,0.0,66.88601036269431,66.0,10.982346683992091,0.16145833333333334,17.072538860103627,16.0,7.51352407605451,0.125
2024-01-01 01:09:21.000000,2024-01-01 01:09:27.000000,0,-11.50259067357513,-11.0,6.076015306387422,0.140625,777.6743285398153,3381.0,0.0,66.24870466321244,66.0,10.500015420664717,0.18229166666666666,17.518134715025905,17.0,7.1341996633066005,0.11979166666666667
2024-01-01 01:09:24.000000,2024-01-01 01:09:30.000000,0,-13.196891191709845,-11.0,8.019026247097633,0.078125,511.9602214610933,3348.0000000000005,0.0,67.74611398963731,67.0,11.934840363732228,0.16666666666666666,17.34715025906736,17.0,6.471790120014161,0.109375
2024-01-01 01:09:27.000000,2024-01-01 01:09:33.000000,0,-13.792746113989637,-12.0,7.24630288080856,0.10416666666666667,306.28867550750226,3566.0000000000005,0.0,65.15025906735751,64.0,12.789693622341701,0.11458333333333333,18.476683937823836,18.0,6.231700325469722,0.125
2024-01-01 01:09:30.000000,2024-01-01 01:09:36.000000,0,-13.373056994818652,-13.0,4.5271978412269185,0.09375,271.5644496464987,3527.0,0.0,60.66321243523316,60.0,8.266117087837832,0.1875,18.27461139896373,17.0,4.82422575602321,0.078125
2024-01-01 01:09:33.000000,2024-01-01 01:09:39.000000,0,-20.683937823834196,-16.0,12.551917227238526,0.052083333333333336,955.4903219965637,4661.0,0.0,51.16062176165803,57.0,16.344599758882612,0.036458333333333336,24.150259067357513,18.0,13.84750325100887,0.078125
2024-01-01 01:09:36.000000,2024-01-01 01:09:42.000000,0,-19.098445595854923,-17.0,15.494140279083258,0.07291666666666667,2181.3544750858914,7375.000000000001,0.0,38.37823834196891,46.0,22.715563291065383,0.041666666666666664,38.21243523316062,30.0,19.60977250997367,0.041666666666666664
2024-01-01 01:09:39.000000,2024-01-01 01:09:45.000000,0,-11.26943005181347,-12.0,8.86707088206888,0.13020833333333334,2105.186445555416,6082.0,0.0,47.81347150259067,55.0,23.52495184352284,0.046875,31.512953367875646,23.0,20.591540740953707,0.036458333333333336
2024-01-01 01:09:42.000000,2024-01-01 01:09:48.000000,0,-11.901554404145077,-12.0,5.339090089885186,0.15104166666666666,404.01325517836665,3740.0,0.0,61.73056994818653,59.0,9.927862107605737,0.16145833333333334,19.378238341968913,20.0,6.39473603550065,0.109375
2024-01-01 01:09:45.000000,2024-01-01 01:09:51.000000,0,-11.455958549222798,-11.0,5.190072478454054,0.16666666666666666,395.7849550609315,3906.0000000000005,0.0,60.67875647668394,58.0,9.94046939429568,0.19270833333333334,20.238341968911918,20.0,6.123314508495229,0.15104166666666666
2024-01-01 01:09:48.000000,2024-01-01 01:09:54.000000,0,-11.533678756476684,-11.0,5.51703379698715,0.19270833333333334,404.7853665210267,3604.0,0.0,61.601036269430054,60.0,10.335587739483064,0.19791666666666666,18.673575129533678,18.0,6.193257099947085,0.15625
2024-01-01 01:09:51.000000,2024-01-01 01:09:57.000000,0,-12.098445595854923,-10.0,6.365241523664033,0.13020833333333334,510.68216113307415,3550.0,0.0,64.48704663212435,63.0,10.130969849247197,0.15104166666666666,18.39378238341969,17.0,6.172887855228678,0.16666666666666666
2024-01-01 01:09:54.000000,2024-01-01 01:10:00.000000,0,-12.82901554404145,-10.0,6.831817989864201,0.08854166666666667,576.8850988173617,3529.0,0.0,65.97927461139896,65.0,9.624707002695592,0.11458333333333333,18.28497409326425,17.0,6.671349823151757,0.15104166666666666
2024-01-01 01:09:57.000000,2024-01-01 01:10:03.000000,0,-13.398963730569948,-11.0,7.969433726467187,0.10416666666666667,528.7852361997215,3469.0,0.0,66.43005181347151,65.0,10.20603010568432,0.16666666666666666,17.974093264248705,16.0,6.992879736710034,0.13020833333333334
2024-01-01 01:10:00.000000,2024-01-01 01:10:06.000000,0,-9.44041450777202,-9.0,12.500325988840787,0.09375,1622.8679436963919,5289.000000000001,0.0,56.58549222797927,60.0,17.859818637423448,0.13541666666666666,27.40414507772021,22.0,17.052687453756654,0.09375
2024-01-01 01:10:03.000000,2024-01-01 01:10:09.000000,0,-9.8860103626943,-10.0,12.98867540157163,0.10416666666666667,1599.4290540686206,5341.0,0.0,56.487046632124354,58.0,18.57056048569947,0.125,27.673575129533678,24.0,17.133123868870047,0.10416666666666667
2024-01-01 01:10:06.000000,2024-01-01 01:10:12.000000,0,-13.202072538860104,-11.0,8.223163159568065,0.08854166666666667,647.164398658457,3667.0,0.0,65.53886010362694,64.0,11.723809141111182,0.11979166666666667,19.0,17.0,7.721722605740251,0.15625
2024-01-01 01:10:09.000000,2024-01-01 01:10:15.000000,0,-12.523316062176166,-10.0,6.743880357760861,0.078125,675.0959103644129,3590.0,0.0,66.24352331606218,65.0,10.740197663680233,0.08854166666666667,18.60103626943005,17.0,7.16919037180764,0.13020833333333334
2024-01-01 01:10:12.000000,2024-01-01 01:10:18.000000,0,-12.626943005181348,-10.0,6.957886673428674,0.11458333333333333,695.6587032977224,3503.0,0.0,66.88601036269431,67.0,10.60745910609096,0.078125,18.150259067357513,17.0,7.2214388884788425,0.109375
2024-01-01 01:10:15.000000,2024-01-01 01:10:21.000000,0,-12.373056994818652,-11.0,5.898066374692333,0.13020833333333334,862.6272342233497,3553.0,0.0,66.80310880829016,67.0,10.377388815029889,0.09895833333333333,18.409326424870468,17.0,8.091489617581763,0.11979166666666667
2024-01-01 01:10:18.000000,2024-01-01 01:10:24.000000,0,-12.901554404145077,-11.0,6.249637295175098,0.09895833333333333,852.4296809383734,3545.0,0.0,67.139896373057,66.0,10.689077076118666,0.10416666666666667,18.367875647668395,17.0,7.905325482512149,0.140625
2024-01-01 01:10:21.000000,2024-01-01 01:10:27.000000,0,-12.787564766839377,-10.0,6.404868816735084,0.078125,818.7696072304368,3605.0000000000005,0.0,67.65284974093264,67.0,10.734422078412653,0.125,18.678756476683937,17.0,7.943184611912859,0.13541666666666666
2024-01-01 01:10:24.000000,2024-01-01 01:10:30.000000,0,-13.632124352331607,-10.0,12.450920487436093,0.14583333333333334,740.4213589074802,3429.0000000000005,0.0,65.19689119170984,66.0,12.504273880756696,0.11979166666666667,17.76683937823834,16.0,9.471038027196805,0.15104166666666666
2024-01-01 01:10:27.000000,2024-01-01 01:10:33.000000,0,-13.523316062176166,-11.0,12.381973009707536,0.140625,627.6505692235472,3439.0,0.0,64.33678756476684,64.0,11.99937255483988,0.140625,17.818652849740932,16.0,9.394328089813943,0.16666666666666666
2024-01-01 01:10:30.000000,2024-01-01 01:10:36.000000,0,-12.352331606217616,-11.0,6.487986273834477,0.125,773.1208471867365,3692.0,0.0,66.76165803108809,67.0,10.390058416740569,0.09895833333333333,19.129533678756477,18.0,7.8593633310155555,0.14583333333333334
2024-01-01 01:10:33.000000,2024-01-01 01:10:39.000000,0,-12.927461139896373,-11.0,6.964562252918995,0.11979166666666667,800.8986014439666,3603.0,0.0,67.24352331606218,67.0,10.738257735231336,0.078125,18.66839378238342,18.0,7.773746282249921,0.16666666666666666
2024-01-01 01:10:36.000000,2024-01-01 01:10:42.000000,0,-13.05181347150259,-12.0,7.03098864895205,0.140625,847.1255107215964,3474.0000000000005,0.0,66.91709844559585,66.0,11.49290396449622,0.109375,18.0,17.0,8.184716447949393,0.15625
2024-01-01 01:10:39.000000,2024-01-01 01:10:45.000000,0,-12.626943005181348,-11.0,6.261298078429344,0.16666666666666666,869.3938897826984,3495.0,0.0,66.27461139896373,64.0,11.218113513944507,0.125,18.10880829015544,17.0,8.294298690059994,0.140625
2024-01-01 01:10:42.000000,2024-01-01 01:10:48.000000,0,-12.373056994818652,-11.0,5.625064766466518,0.15625,923.3951126877446,3518.000000000001,0.0,66.87564766839378,65.0,10.828448147905709,0.11458333333333333,18.2279792746114,17.0,8.545822844109372,0.125
2024-01-01 01:10:45.000000,2024-01-01 01:10:51.000000,0,-12.896373056994818,-11.0,7.057032345594733,0.16666666666666666,1047.5669325552851,3350.0,0.0,68.41968911917098,67.0,11.63530125607053,0.10416666666666667,17.357512953367877,16.0,8.88184349008602,0.10416666666666667
2024-01-01 01:10:48.000000,2024-01-01 01:10:54.000000,0,-13.129533678756477,-12.0,7.8520703407177,0.13020833333333334,1048.863611916463,3413.9999999999995,0.0,69.11398963730569,68.0,12.13541052817712,0.11458333333333333,17.689119170984455,16.0,9.182565894541636,0.13541666666666666
2024-01-01 01:10:51.000000,2024-01-01 01:10:57.000000,0,-13.606217616580311,-11.0,8.230428976663148,0.13541666666666666,1048.0036645891544,3496.0,0.0,69.51295336787565,70.0,13.710210918132848,0.125,18.1139896373057,17.0,9.794102239990762,0.1875
2024-01-01 01:10:54.000000,2024-01-01 01:11:00.000000,0,-13.512953367875648,-11.0,7.798977502618903,0.13020833333333334,1061.1255496899914,3513.0,0.0,68.51295336787565,66.0,13.506984616104704,0.06770833333333333,18.202072538860104,17.0,9.747093362410356,0.15104166666666666
2024-01-01 01:10:57.000000,2024-01-01 01:11:03.000000,0,-12.61658031088083,-11.0,6.465302802510648,0.13020833333333334,1009.4948425912233,3591.0,0.0,67.52849740932642,64.0,11.77216288897791,0.078125,18.60621761658031,18.0,9.132152601654026,0.109375
2024-01-01 01:11:00.000000,2024-01-01 01:11:06.000000,0,-12.606217616580311,-12.0,7.063725018706233,0.125,998.2189151172186,3629.0,0.0,68.5440414507772,69.0,12.757733693657073,0.125,18.803108808290155,18.0,9.330315211805054,0.125
2024-01-01 01:11:03.000000,2024-01-01 01:11:09.000000,0,-12.963730569948186,-11.0,7.85173352475083,0.13541666666666666,994.5627170913615,3711.0000000000005,0.0,68.81347150259067,70.0,13.24789389198911,0.109375,19.2279792746114,18.0,9.136684560034249,0.15104166666666666
2024-01-01 01:11:06.000000,2024-01-01 01:11:12.000000,0,-12.94818652849741,-11.0,6.903155175837534,0.140625,1079.2616519031562,3714.0,0.0,67.83937823834196,68.0,13.07152214847474,0.13541666666666666,19.243523316062177,18.0,9.37793132065501,0.125
2024-01-01 01:11:09.000000,2024-01-01 01:11:15.000000,0,-13.212435233160623,-12.0,6.784744742895797,0.15625,1123.0062446758327,3659.000000000001,0.0,68.63730569948187,69.0,13.090353357960563,0.15104166666666666,18.958549222797927,17.0,9.707081927693302,0.13020833333333334
2024-01-01 01:11:12.000000,2024-01-01 01:11:18.000000,0,-14.2279792746114,-12.0,8.309121779680945,0.11979166666666667,916.8977831416,3684.0,0.0,69.41450777202073,70.0,13.525985673078493,0.16666666666666666,19.088082901554404,18.0,8.963323006922426,0.16666666666666666
2024-01-01 01:11:15.000000,2024-01-01 01:11:21.000000,0,-13.512953367875648,-11.0,7.772218693506324,0.09375,833.3485833776879,3703.0,0.0,68.23834196891191,69.0,12.617579558032572,0.109375,19.186528497409327,18.0,8.216245649528892,0.15625
2024-01-01 01:11:18.000000,2024-01-01 01:11:24.000000,0,-12.601036269430052,-11.0,6.0914385756201055,0.11458333333333333,906.1381646545352,3613.9999999999995,0.0,67.67357512953367,68.0,11.399112546131754,0.14583333333333334,18.72538860103627,17.0,8.214077599569192,0.14583333333333334
2024-01-01 01:11:21.000000,2024-01-01 01:11:27.000000,0,-12.968911917098445,-11.0,6.48950012179233,0.09895833333333333,866.4465952779526,3533.0,0.0,67.76683937823834,68.0,11.520025085878704,0.14583333333333334,18.305699481865286,17.0,8.083858573110472,0.125
2024-01-01 01:11:24.000000,2024-01-01 01:11:30.000000,0,-12.564766839378239,-10.0,6.480515835350455,0.06770833333333333,794.6904147149414,3489.0,0.0,67.32124352331606,66.0,10.651702451357833,0.09895833333333333,18.077720207253886,17.0,7.784812336132986,0.109375
2024-01-01 01:11:27.000000,2024-01-01 01:11:33.000000,0,-12.507772020725389,-10.0,6.574191308778701,0.08333333333333333,894.5487667185629,3504.0,0.0,66.88601036269431,66.0,10.561203625568695,0.13541666666666666,18.155440414507773,16.0,8.368261215364065,0.11979166666666667
2024-01-01 01:11:30.000000,2024-01-01 01:11:36.000000,0,-12.523316062176166,-10.0,6.794661307217068,0.10416666666666667,820.0123194128669,3451.0,0.0,66.35751295336787,66.0,10.574717196331228,0.14583333333333334,17.88082901554404,16.0,8.092003211555244,0.13541666666666666
2024-01-01 01:11:33.000000,2024-01-01 01:11:39.000000,0,-12.036269430051814,-10.0,6.715477347915239,0.09895833333333333,763.3077612823815,3408.0,0.0,67.03626943005182,66.0,10.39148943496693,0.11979166666666667,17.6580310880829,16.0,7.55170719240768,0.140625
2024-01-01 01:11:36.000000,2024-01-01 01:11:42.000000,0,-12.32642487046632,-9.0,7.105028747728255,0.08854166666666667,881.0644423603686,3549.9999999999995,0.0,68.52849740932642,69.0,11.34361358142231,0.140625,18.39378238341969,17.0,8.64221486695182,0.13541666666666666
2024-01-01 01:11:39.000000,2024-01-01 01:11:45.000000,0,-12.196891191709845,-10.0,6.957653959367873,0.11458333333333333,1002.9058106651072,3591.0,0.0,68.19689119170984,69.0,10.95504976186663,0.11458333333333333,18.60621761658031,17.0,8.951277998507424,0.16666666666666666
2024-01-01 01:11:42.000000,2024-01-01 01:11:48.000000,0,-11.55958549222798,-10.0,6.385026741835549,0.125,937.2942327195628,3638.0000000000005,0.0,67.11398963730569,66.0,9.842375493449671,0.13020833333333334,18.849740932642487,17.0,8.725155946268309,0.16145833333333334
2024-01-01 01:11:45.000000,2024-01-01 01:11:51.000000,0,-11.518134715025907,-10.0,6.703616300370322,0.125,893.6245055620495,3677.0,0.0,67.49222797927462,66.0,10.764098879969229,0.125,19.05181347150259,17.0,8.401848093228807,0.15625
2024-01-01 01:11:48.000000,2024-01-01 01:11:54.000000,0,-11.989637305699482,-10.0,6.815262923903544,0.14583333333333334,891.5979492558653,3595.0,0.0,67.72538860103627,66.0,11.159927754175254,0.14583333333333334,18.626943005181346,17.0,8.469042859749639,0.16666666666666666
2024-01-01 01:11:51.000000,2024-01-01 01:11:57.000000,0,-12.17098445595855,-11.0,6.850090294779489,0.14583333333333334,885.2822760813692,3686.0,0.0,67.46113989637306,66.0,11.255544594133838,0.17708333333333334,19.098445595854923,18.0,8.955075822566227,0.14583333333333334
2024-01-01 01:11:54.000000,2024-01-01 01:12:00.000000,0,-12.455958549222798,-11.0,7.658694557926058,0.125,918.2351677972791,3736.0,0.0,67.96891191709845,68.0,12.658539087538605,0.16666666666666666,19.357512953367877,18.0,9.127092113540332,0.17708333333333334
2024-01-01 01:11:57.000000,2024-01-01 01:12:03.000000,0,-13.606217616580311,-11.0,9.215609645590268,0.10416666666666667,1060.9460699640413,3608.0,0.0,69.74611398963731,70.0,15.750753881675166,0.15625,18.694300518134714,18.0,9.552204078817883,0.15625
2024-01-01 01:12:00.000000,2024-01-01 01:12:06.000000,0,-14.512953367875648,-12.0,8.98152548770841,0.07291666666666667,1025.5158511636473,3490.0,0.0,69.84974093264249,71.0,15.580543837963468,0.140625,18.082901554404145,16.0,9.340401037275273,0.11458333333333333
2024-01-01 01:12:03.000000,2024-01-01 01:12:09.000000,0,-0.8704663212435233,-9.0,25.537121841916953,0.010416666666666666,1283.7708197469533,5033.0,0.0,55.92227979274612,56.0,19.76895638222063,0.11458333333333333,26.077720207253886,25.0,14.27334239443615,0.08333333333333333
2024-01-01 01:12:06.000000,2024-01-01 01:12:12.000000,0,0.46113989637305697,-7.0,24.730206579077926,0.010416666666666666,1110.1646905239497,5318.000000000001,0.0,54.031088082901555,55.0,18.114194116697803,0.10416666666666667,27.55440414507772,27.0,13.209781484061324,0.08333333333333333
2024-01-01 01:12:09.000000,2024-01-01 01:12:15.000000,0,-12.129533678756477,-10.0,7.533177193958641,0.14583333333333334,871.1613828182647,3876.0,0.0,66.50259067357513,66.0,12.072318694853978,0.13541666666666666,20.082901554404145,19.0,8.97643720361627,0.14583333333333334
2024-01-01 01:12:12.000000,2024-01-01 01:12:18.000000,0,-14.409326424870466,-12.0,9.084861266493478,0.11458333333333333,1205.6697025698645,4191.0,0.0,63.22279792746114,65.0,20.656342308053855,0.109375,21.71502590673575,19.0,13.523383765273655,0.09895833333333333
2024-01-01 01:12:15.000000,2024-01-01 01:12:21.000000,0,-14.461139896373057,-13.0,11.987832057710381,0.08854166666666667,1172.3691645657038,4731.0,0.0,58.90673575129534,64.0,25.075544323969332,0.10416666666666667,24.512953367875646,20.0,16.516440297060253,0.109375
2024-01-01 01:12:18.000000,2024-01-01 01:12:24.000000,7,-12.83419689119171,-11.0,11.497439547505001,0.11458333333333333,932.1596620815947,4267.0,0.0,64.34196891191709,69.0,20.55853305855897,0.13020833333333334,22.10880829015544,19.0,14.469564866525785,0.125
2024-01-01 01:12:21.000000,2024-01-01 01:12:27.000000,7,-13.279792746113989,-11.0,8.396083906013692,0.07291666666666667,926.4131220888559,3610.0,0.0,68.66839378238342,70.0,12.694482315588708,0.125,18.704663212435232,17.0,8.708881303465928,0.15625
2024-01-01 01:12:24.000000,2024-01-01 01:12:30.000000,7,-13.932642487046632,-12.0,8.674112692473342,0.078125,802.2955866035137,3611.0,0.0,68.2279792746114,69.0,12.700469338423478,0.13020833333333334,18.70984455958549,18.0,8.368390207394278,0.15625
2024-01-01 01:12:27.000000,2024-01-01 01:12:33.000000,7,-14.373056994818652,-12.0,8.707976436976788,0.09375,883.1086538971202,3596.0,0.0,67.58031088082902,67.0,12.076795324899582,0.109375,18.632124352331605,18.0,8.612878205597475,0.16666666666666666
2024-01-01 01:12:30.000000,2024-01-01 01:12:36.000000,7,-14.124352331606218,-12.0,8.287482888381486,0.11458333333333333,915.9575570762926,3573.0,0.0,67.0880829015544,65.0,11.049958189653555,0.14583333333333334,18.512953367875646,17.0,9.015096602534133,0.171875
2024-01-01 01:12:33.000000,2024-01-01 01:12:39.000000,7,-14.046632124352332,-12.0,7.901272415620008,0.14583333333333334,736.6455682926634,3602.0,0.0,67.33678756476684,67.0,11.611127208121436,0.16666666666666666,18.66321243523316,18.0,8.677409850286232,0.21354166666666666
2024-01-01 01:12:36.000000,2024-01-01 01:12:42.000000,7,-18.321243523316063,-15.0,14.175625151844127,0.15104166666666666,707.3178539789495,4218.0,0.0,58.37823834196891,64.0,26.856814448051423,0.07291666666666667,21.854922279792746,20.0,11.824660368588596,0.18229166666666666
2024-01-01 01:12:39.000000,2024-01-01 01:12:45.000000,7,-23.968911917098445,-18.0,19.83707249480316,0.11458333333333333,1279.9685407823238,4977.0,0.0,46.96373056994819,55.0,36.253501706874644,0.041666666666666664,25.787564766839377,22.0,16.093200258481385,0.13541666666666666
2024-01-01 01:12:42.000000,2024-01-01 01:12:48.000000,7,-19.870466321243523,-15.0,17.756125946714256,0.109375,857.6443782898158,4375.0,0.0,57.53367875647668,69.0,32.825138922027925,0.06770833333333333,22.66839378238342,19.0,14.97963499535712,0.13020833333333334
2024-01-01 01:12:45.000000,2024-01-01 01:12:51.000000,7,-14.0,-12.0,8.676476819539138,0.10416666666666667,929.9779425268723,3444.0,0.0,70.10362694300518,71.0,15.396483544198347,0.13541666666666666,17.844559585492227,18.0,9.192766854175797,0.16145833333333334
2024-01-01 01:12:48.000000,2024-01-01 01:12:54.000000,7,-13.316062176165802,-12.0,8.102121702334973,0.13541666666666666,852.8168703244853,3365.0,0.0,68.41968911917098,68.0,12.865693477339246,0.11458333333333333,17.435233160621763,17.0,8.977239859345856,0.16666666666666666
2024-01-01 01:12:51.000000,2024-01-01 01:12:57.000000,7,-13.062176165803109,-11.0,7.886319208369897,0.15104166666666666,892.5448633834801,3493.0,0.0,67.61658031088083,66.0,12.088998731414941,0.13541666666666666,18.098445595854923,17.0,9.301973786312423,0.16666666666666666
2024-01-01 01:12:54.000000,2024-01-01 01:13:00.000000,7,-12.549222797927461,-11.0,7.540095042304014,0.19791666666666666,887.609023876259,3615.0,0.0,66.32642487046633,65.0,12.31243342476938,0.15625,18.730569948186528,17.0,10.081436539219027,0.19791666666666666
2024-01-01 01:12:57.000000,2024-01-01 01:13:03.000000,7,-12.150259067357513,-11.0,6.810164923605098,0.16145833333333334,868.5028858149146,3625.0,0.0,65.55958549222798,64.0,12.43264452267853,0.19791666666666666,18.78238341968912,17.0,9.636319129888607,0.1875
2024-01-01 01:13:00.000000,2024-01-01 01:13:06.000000,7,-12.33160621761658,-11.0,5.894372847113974,0.11458333333333333,879.3153026631825,3627.0,0.0,66.50777202072538,65.0,12.201912064553163,0.16666666666666666,18.792746113989637,17.0,8.528661800486708,0.13541666666666666
2024-01-01 01:13:03.000000,2024-01-01 01:13:09.000000,7,-12.476683937823834,-10.0,6.12038307187217,0.125,930.1109391557429,3635.0,0.0,67.83419689119171,66.0,11.403739860905217,0.08333333333333333,18.83419689119171,17.0,8.65083518984527,0.13020833333333334
2024-01-01 01:13:06.000000,2024-01-01 01:13:12.000000,7,-13.031088082901555,-10.0,7.5614887311125925,0.08854166666666667,904.2090655500276,3638.0,0.0,68.64248704663213,68.0,11.864322306073083,0.078125,18.849740932642487,17.0,8.372400867535024,0.15104166666666666
2024-01-01 01:13:09.000000,2024-01-01 01:13:15.000000,7,-13.134715025906736,-10.0,7.986478615358279,0.078125,766.2464989024129,3619.0000000000005,0.0,68.16062176165804,68.0,11.56683943916397,0.11979166666666667,18.751295336787564,18.0,7.841550048780552,0.16145833333333334
2024-01-01 01:13:12.000000,2024-01-01 01:13:18.000000,7,-13.010362694300518,-10.0,7.368987405919554,0.08333333333333333,717.6010272359093,3623.0,0.0,67.07772020725389,65.0,10.298623036219043,0.17708333333333334,18.7720207253886,17.0,7.558097517424711,0.16666666666666666
2024-01-01 01:13:15.000000,2024-01-01 01:13:21.000000,7,-15.585492227979275,-13.0,10.56794469587116,0.09375,743.1621727671642,3523.0,0.0,65.73056994818653,64.0,11.475061192035854,0.16666666666666666,18.253886010362695,16.0,8.607941943796556,0.18229166666666666
2024-01-01 01:13:18.000000,2024-01-01 01:13:24.000000,7,-15.704663212435234,-13.0,10.24851762733803,0.10416666666666667,758.4035894163625,3479.0,0.0,65.24870466321244,63.0,12.06968960526866,0.13541666666666666,18.025906735751295,16.0,8.679738879257247,0.19791666666666666
2024-01-01 01:13:21.000000,2024-01-01 01:13:27.000000,7,-12.854922279792746,-12.0,6.392515897448864,0.13541666666666666,717.6331323852046,3684.0,0.0,65.96373056994818,64.0,11.598479182362494,0.16666666666666666,19.088082901554404,18.0,7.7960669139268495,0.17708333333333334
2024-01-01 01:13:24.000000,2024-01-01 01:13:30.000000,7,-27.430051813471504,-20.0,22.10643120266441,0.09895833333333333,850.4417190314545,4185.0,0.0,51.84974093264249,54.0,19.13284731258527,0.09895833333333333,21.683937823834196,18.0,14.586616334141626,0.22395833333333334
2024-01-01 01:13:27.000000,2024-01-01 01:13:33.000000,7,-28.082901554404145,-19.0,21.57239188261543,0.10416666666666667,819.448017222078,4182.0,0.0,50.4300518134715,49.0,19.7023826947775,0.09375,21.66839378238342,19.0,14.525978381075092,0.21875
2024-01-01 01:13:30.000000,2024-01-01 01:13:36.000000,7,-11.797927461139896,-12.0,9.093014480846128,0.16666666666666666,800.7123728744972,4334.0,0.0,61.751295336787564,60.0,14.951320694201685,0.19791666666666666,22.4559585492228,20.0,10.589370566670754,0.13541666666666666
2024-01-01 01:13:33.000000,2024-01-01 01:13:39.000000,7,-3.911917098445596,-3.0,11.105437526714475,0.11979166666666667,1357.217568500076,6747.0,0.0,52.32124352331606,53.0,15.785357617496746,0.171875,34.95854922279793,35.0,15.150575551804959,0.16145833333333334
2024-01-01 01:13:36.000000,2024-01-01 01:13:42.000000,7,-5.9067357512953365,-5.0,13.188205203009387,0.09375,1647.2179716935325,6358.0,0.0,52.8860103626943,53.0,16.98275660841683,0.16145833333333334,32.943005181347154,34.0,15.890309720240866,0.078125
2024-01-01 01:13:39.000000,2024-01-01 01:13:45.000000,7,-14.844559585492227,-13.0,11.228529694572654,0.13541666666666666,424.5636555135264,3763.0,0.0,62.476683937823836,60.0,14.776484886911563,0.16145833333333334,19.497409326424872,19.0,9.279302883485066,0.16666666666666666
2024-01-01 01:13:42.000000,2024-01-01 01:13:48.000000,7,-15.005181347150259,-14.0,8.38866882648753,0.09375,680.9834924662524,3544.0,0.0,64.69430051813471,63.0,12.993380472252719,0.15625,18.362694300518136,18.0,6.978617415811634,0.19791666666666666
2024-01-01 01:13:45.000000,2024-01-01 01:13:51.000000,7,-13.606217616580311,-11.0,8.321681188711993,0.08854166666666667,763.9989975305066,3697.0,0.0,67.24352331606218,67.0,12.420487612070186,0.17708333333333334,19.155440414507773,18.0,7.4816918163763715,0.1875
2024-01-01 01:13:48.000000,2024-01-01 01:13:54.000000,7,-13.937823834196891,-11.0,8.756918064572558,0.07291666666666667,787.538187440647,3565.0000000000005,0.0,68.19689119170984,69.0,12.845337621810778,0.15104166666666666,18.471502590673577,17.0,7.896496211482789,0.1875
2024-01-01 01:13:51.000000,2024-01-01 01:13:57.000000,7,-14.533678756476684,-13.0,8.307887532365362,0.10416666666666667,778.133824484182,3498.9999999999995,0.0,66.39896373056995,66.0,13.004462333646066,0.171875,18.129533678756477,17.0,8.578000464497068,0.19791666666666666
2024-01-01 01:13:54.000000,2024-01-01 01:14:00.000000,7,-16.906735751295336,-15.0,12.021318139456143,0.13020833333333334,825.7525204485374,3924.0,0.0,63.56476683937824,63.0,12.791077703835636,0.22395833333333334,20.33160621761658,19.0,9.123794784013638,0.15104166666666666
2024-01-01 01:13:57.000000,2024-01-01 01:14:03.000000,7,-18.383419689119172,-17.0,11.876891722787517,0.11458333333333333,843.160917273593,4110.0,0.0,61.84455958549223,61.0,14.364549967491724,0.15104166666666666,21.295336787564768,20.0,8.794578645839628,0.140625
2024-01-01 01:14:00.000000,2024-01-01 01:14:06.000000,7,-18.922279792746114,-19.0,8.66321070824639,0.11458333333333333,413.57652980237305,3784.0,0.0,60.994818652849744,58.0,15.410189205429969,0.13541666666666666,19.60621761658031,19.0,7.579465315787764,0.14583333333333334
2024-01-01 01:14:03.000000,2024-01-01 01:14:09.000000,7,-18.129533678756477,-18.0,9.660853583866796,0.09375,339.8694686537848,3436.0,0.0,62.38860103626943,61.0,14.854827870209071,0.11979166666666667,17.803108808290155,18.0,6.938914320817111,0.15625
2024-01-01 01:14:06.000000,2024-01-01 01:14:12.000000,7,-15.974093264248705,-14.0,12.849463037241017,0.109375,544.7185100386127,3848.0,0.0,40.134715025906736,61.0,50.65994151207548,0.015625,19.93782383419689,19.0,9.67526213200297,0.19270833333333334
2024-01-01 01:14:09.000000,2024-01-01 01:14:15.000000,7,-16.33678756476684,-17.0,16.59836663781041,0.11979166666666667,834.9262850421396,3950.0,0.0,30.476683937823836,57.0,55.214078871363284,0.010416666666666666,20.466321243523318,19.0,12.070114411930751,0.13541666666666666
2024-01-01 01:14:12.000000,2024-01-01 01:14:18.000000,7,-20.590673575129532,-20.0,19.27739706404282,0.13541666666666666,662.960417876287,3255.0,0.0,52.196891191709845,59.0,35.83661696205397,0.09895833333333333,16.865284974093264,15.0,11.051135266278083,0.15104166666666666
2024-01-01 01:14:15.000000,2024-01-01 01:14:21.000000,7,-21.642487046632123,-19.0,17.141921628444017,0.171875,332.70022773876195,3370.0,0.0,59.704663212435236,58.0,18.624044411043624,0.140625,17.46113989637306,16.0,8.98376966778806,0.18229166666666666
2024-01-01 01:14:18.000000,2024-01-01 01:14:24.000000,7,-25.186528497409327,-21.0,16.345438484178672,0.125,740.3892985098158,3753.0,0.0,53.06217616580311,54.0,24.459921926619142,0.11458333333333333,19.44559585492228,19.0,11.116260320958485,0.15625
2024-01-01 01:14:21.000000,2024-01-01 01:14:27.000000,7,-22.730569948186528,-20.0,16.216630744217504,0.125,613.5816448696479,3378.0,0.0,55.854922279792746,58.0,29.244117804539822,0.09895833333333333,17.502590673575128,17.0,11.676688115077305,0.14583333333333334
2024-01-01 01:14:24.000000,2024-01-01 01:14:30.000000,7,-14.005181347150259,-14.0,10.168628947920347,0.18229166666666666,511.6254695375961,3154.0,0.0,64.51813471502591,62.0,22.802844592343963,0.11979166666666667,16.3419689119171,17.0,9.475140184707657,0.15104166666666666
2024-01-01 01:14:27.000000,2024-01-01 01:14:33.000000,7,-15.564766839378239,-15.0,9.371232691535019,0.21875,465.06802821036416,3601.0,0.0,61.424870466321245,60.0,15.697525120381512,0.15625,18.6580310880829,19.0,8.261806593386734,0.20833333333333334
2024-01-01 01:14:30.000000,2024-01-01 01:14:36.000000,7,-14.637305699481866,-15.0,6.961430722411599,0.16666666666666666,375.6700224641725,3423.0,0.0,59.590673575129536,59.0,9.582607729532718,0.15625,17.735751295336787,17.0,6.331766520581534,0.125
2024-01-01 01:14:33.000000,2024-01-01 01:14:39.000000,7,-13.927461139896373,-14.0,5.131086048922855,0.14583333333333334,293.2157819976837,3437.0000000000005,0.0,59.48186528497409,59.0,7.364818723901085,0.16145833333333334,17.808290155440414,19.0,5.048672853536658,0.078125
2024-01-01 01:14:36.000000,2024-01-01 01:14:42.000000,7,-16.88082901554404,-17.0,6.094848861332584,0.13020833333333334,266.79630759096307,3683.0,0.0,58.5699481865285,58.0,7.879068294208487,0.09375,19.082901554404145,20.0,5.570884867218103,0.16145833333333334
2024-01-01 01:14:39.000000,2024-01-01 01:14:45.000000,7,-20.010362694300518,-17.0,7.929368956938974,0.036458333333333336,446.85360945752126,3929.0,0.0,56.39378238341969,58.0,8.347926557329254,0.078125,20.357512953367877,20.0,6.6701806908846315,0.09375
2024-01-01 01:14:42.000000,2024-01-01 01:14:48.000000,7,-28.04663212435233,-27.0,12.07454716000443,0.125,653.2063790846323,5193.0,0.0,48.22279792746114,50.0,10.145149623383043,0.06770833333333333,26.906735751295336,25.0,8.78870049988529,0.140625
2024-01-01 01:14:45.000000,2024-01-01 01:14:51.000000,7,-29.39896373056995,-30.0,13.249268807015453,0.17708333333333334,946.4328555797176,4491.0,0.0,50.8860103626943,50.0,12.211139942175427,0.109375,23.269430051813472,25.0,13.231510219710392,0.08333333333333333
2024-01-01 01:14:48.000000,2024-01-01 01:14:54.000000,7,-6.139896373056994,-6.0,20.968630190657162,0.026041666666666668,1903.7817379309495,5694.0,0.0,50.80829015544042,50.0,11.395792977324488,0.08333333333333333,29.502590673575128,34.0,17.4012464688631,0.036458333333333336
2024-01-01 01:14:51.000000,2024-01-01 01:14:57.000000,7,-1.1347150259067358,-1.0,16.09970519420284,0.052083333333333336,1644.2010833233792,5990.0,0.0,53.73056994818653,49.0,14.478790097736084,0.052083333333333336,31.036269430051814,30.0,14.488635293809743,0.03125
2024-01-01 01:14:54.000000,2024-01-01 01:15:00.000000,7,-13.658031088082902,-13.0,9.360107630427935,0.09895833333333333,385.93626587786815,3558.0000000000005,0.0,65.34196891191709,66.0,10.802061447698856,0.171875,18.435233160621763,18.0,7.007228564767575,0.140625
2024-01-01 01:14:57.000000,2024-01-01 01:15:03.000000,7,-13.284974093264248,-11.0,9.066113194907011,0.13020833333333334,452.22150557789644,3602.0,0.0,64.84455958549223,66.0,15.113345507703887,0.140625,18.66321243523316,18.0,7.338223561815067,0.18229166666666666
2024-01-01 01:15:00.000000,2024-01-01 01:15:06.000000,7,-23.352331606217618,-15.0,20.871886176293014,0.046875,494.60232239642363,3097.0,0.0,50.487046632124354,60.0,31.82538766592413,0.07291666666666667,16.04663212435233,16.0,8.221092128533632,0.16145833333333334
2024-01-01 01:15:03.000000,2024-01-01 01:15:09.000000,7,-26.466321243523318,-20.0,20.044745660241368,0.057291666666666664,511.3867541824582,2993.0000000000005,0.0,49.43523316062176,59.0,30.11587348047917,0.0625,15.507772020725389,16.0,7.460394853117453,0.16666666666666666
2024-01-01 01:15:06.000000,2024-01-01 01:15:12.000000,7,-19.129533678756477,-17.0,11.589273430011852,0.09895833333333333,520.8161508774525,3162.0,0.0,60.968911917098445,60.0,12.443165265749013,0.17708333333333334,16.383419689119172,16.0,7.4216837933283015,0.16666666666666666
2024-01-01 01:15:09.000000,2024-01-01 01:15:15.000000,7,-16.523316062176164,-14.0,8.830624116096931,0.109375,369.7994958403953,3253.0,0.0,59.50259067357513,59.0,7.851568548393428,0.16145833333333334,16.854922279792746,18.0,6.394959694879744,0.13020833333333334
2024-01-01 01:15:12.000000,2024-01-01 01:15:18.000000,7,-14.300518134715025,-15.0,3.5033986089897775,0.125,303.2654454126159,3256.0,0.0,59.79274611398964,60.0,4.045129430201358,0.1875,16.870466321243523,17.0,4.0412983023914375,0.13020833333333334
2024-01-01 01:15:15.000000,2024-01-01 01:15:21.000000,7,-15.093264248704664,-15.0,2.924680576863727,0.2760416666666667,200.674719863262,2962.0,0.0,60.031088082901555,60.0,3.1604765195683138,0.25,15.347150259067357,15.0,3.8268112083273174,0.234375
2024-01-01 01:15:18.000000,2024-01-01 01:15:24.000000,7,-14.974093264248705,-15.0,4.204951487483512,0.20833333333333334,359.83880556053685,3122.0000000000005,0.0,59.63212435233161,60.0,3.0007645111075645,0.234375,16.17616580310881,15.0,5.086752792535346,0.19270833333333334
2024-01-01 01:15:21.000000,2024-01-01 01:15:27.000000,7,-24.746113989637305,-19.0,16.76842264022187,0.026041666666666668,550.807445348009,3176.0,0.0,51.67357512953368,59.0,15.850938989201182,0.015625,16.4559585492228,15.0,6.493536709549956,0.14583333333333334
2024-01-01 01:15:24.000000,2024-01-01 01:15:30.000000,7,-47.523316062176164,-55.0,19.12488358865989,0.046875,1396.6372188181313,1755.0000000000005,0.0,27.99481865284974,17.0,21.31619528309753,0.015625,9.093264248704664,11.0,12.851783526422206,0.13541666666666666
2024-01-01 01:15:27.000000,2024-01-01 01:15:33.000000,7,-60.33678756476684,-61.0,5.108769425524885,0.3020833333333333,1351.2212854184738,1084.0,0.3316062176165803,13.310880829015543,14.0,3.4816087863131133,0.14583333333333334,-5.616580310880829,-7.0,14.201237281594581,0.06770833333333333
2024-01-01 01:15:30.000000,2024-01-01 01:15:36.000000,7,-57.73575129533679,-58.0,4.332245446011859,0.234375,864.5640284250873,3919.0,0.0,15.378238341968911,16.0,1.867190125223079,0.2760416666666667,-20.305699481865286,-22.0,10.446531454509266,0.171875
2024-01-01 01:15:33.000000,2024-01-01 01:15:39.000000,7,-54.49222797927461,-54.0,2.8194251242209036,0.3177083333333333,410.3714389181083,5665.0,0.0,16.0,16.0,1.4860462083439174,0.2578125,-29.352331606217618,-30.0,4.563237069902377,0.1875
2024-01-01 01:15:36.000000,2024-01-01 01:15:42.000000,7,-55.22279792746114,-55.0,2.9363204095424744,0.203125,570.6775452895553,5264.0,0.0,16.362694300518136,17.0,1.2719149747275178,0.21875,-27.27461139896373,-28.0,5.544538226496209,0.057291666666666664
2024-01-01 01:15:39.000000,2024-01-01 01:15:45.000000,7,-57.78756476683938,-58.0,1.9609337638615352,0.2552083333333333,309.5196477254485,4261.0,0.0,16.305699481865286,16.0,1.1703002876976274,0.17708333333333334,-22.077720207253886,-22.0,3.5530460793721215,0.16145833333333334
2024-01-01 01:15:42.000000,2024-01-01 01:15:48.000000,7,-58.119170984455955,-58.0,4.387635959050582,0.359375,640.9150769386259,3540.0,0.0,18.704663212435232,16.0,5.532181326070671,0.026041666666666668,-18.3419689119171,-20.0,6.644793564879337,0.09375
2024-01-01 01:15:45.000000,2024-01-01 01:15:51.000000,7,-57.70984455958549,-58.0,5.3540051671509525,0.19791666666666666,1137.8177807308384,2353.0,0.0,22.76683937823834,23.0,5.923341791529058,0.13020833333333334,-12.191709844559586,-12.0,11.268481748459783,0.06770833333333333
2024-01-01 01:15:48.000000,2024-01-01 01:15:54.000000,7,-56.310880829015545,-56.0,4.494989774656442,0.234375,1028.8831499471837,3129.0,0.0,22.854922279792746,23.0,4.433500441615304,0.11979166666666667,-16.212435233160623,-20.0,12.877687857670159,0.07291666666666667
2024-01-01 01:15:51.000000,2024-01-01 01:15:57.000000,7,-55.8860103626943,-56.0,3.7538121095839005,0.25,838.4478295096093,3845.0,0.0,22.989637305699482,24.0,3.4955174231103063,0.07291666666666667,-19.922279792746114,-18.0,7.97059511216958,0.10416666666666667
2024-01-01 01:15:54.000000,2024-01-01 01:16:00.000000,7,-57.3419689119171,-58.0,2.7074646540989513,0.2760416666666667,339.13869306835295,2662.0,0.0,24.66321243523316,25.0,1.9540406963975663,0.18229166666666666,-13.792746113989637,-13.0,5.3859915930508615,0.18229166666666666
2024-01-01 01:15:57.000000,2024-01-01 01:16:03.000000,7,-54.373056994818654,-57.0,7.699817332916173,0.13020833333333334,2492.898102038025,865.9999999999999,-0.16580310880829016,24.259067357512954,25.0,2.4292559647584144,0.203125,4.487046632124352,-9.0,22.69157075699453,0.015625
2024-01-01 01:16:00.000000,2024-01-01 01:16:06.000000,7,-40.86010362694301,-41.0,18.189572161155194,0.09895833333333333,2025.1232463069555,4127.0,0.0,35.917098445595855,25.0,22.024923568625603,0.036458333333333336,21.383419689119172,21.0,19.23749958617679,0.10416666666666667
2024-01-01 01:16:03.000000,2024-01-01 01:16:09.000000,7,-23.093264248704664,-21.0,17.368002374386183,0.11458333333333333,684.7508663853644,3992.9999999999995,0.0,58.21761658031088,63.0,23.1580687099131,0.08854166666666667,20.689119170984455,19.0,12.772314449918595,0.19270833333333334
2024-01-01 01:16:06.000000,2024-01-01 01:16:12.000000,7,-16.23316062176166,-14.0,13.326920548746736,0.140625,755.6943652822088,3753.0,0.0,58.284974093264246,68.0,34.353957682672714,0.08854166666666667,19.44559585492228,18.0,10.732951296046961,0.16666666666666666
2024-01-01 01:16:09.000000,2024-01-01 01:16:15.000000,7,-16.409326424870468,-15.0,13.974430372341962,0.15625,514.0440937799235,3880.0,0.0,52.63212435233161,65.0,42.69604787703177,0.0625,20.10362694300518,18.0,10.273329005736338,0.17708333333333334
2024-01-01 01:16:12.000000,2024-01-01 01:16:18.000000,7,-7.466321243523316,-11.0,28.58011683992501,0.10416666666666667,1466.3498396456148,1783.0,0.0,55.145077720207254,57.0,33.3177519174459,0.07291666666666667,9.238341968911918,13.0,18.30969635384345,0.09895833333333333
2024-01-01 01:16:15.000000,2024-01-01 01:16:21.000000,7,-4.585492227979275,-3.0,31.418946594292283,0.06770833333333333,2220.2576736269198,1738.0,-0.16580310880829016,52.64248704663213,54.0,16.412065494092545,0.08333333333333333,9.005181347150259,16.0,22.17696285218403,0.052083333333333336
2024-01-01 01:16:18.000000,2024-01-01 01:16:24.000000,7,-10.393782383419689,-8.0,17.39403521727769,0.03125,928.3044098694866,3703.0000000000005,0.0,54.8860103626943,57.0,10.108137251115652,0.078125,19.186528497409327,22.0,15.212262901140068,0.10416666666666667
2024-01-01 01:16:21.000000,2024-01-01 01:16:27.000000,7,-17.730569948186528,-13.0,19.027664842564555,0.046875,588.2539887197414,4070.0000000000005,0.0,52.1139896373057,58.0,16.803628735704443,0.015625,21.088082901554404,20.0,9.871439914880277,0.14583333333333334
2024-01-01 01:16:24.000000,2024-01-01 01:16:30.000000,7,-28.036269430051814,-20.0,22.485266717201643,0.020833333333333332,1121.085766996396,5839.0,0.0,38.818652849740936,36.0,17.262774987210687,0.020833333333333332,30.253886010362695,31.0,15.537682619182272,0.06770833333333333
2024-01-01 01:16:27.000000,2024-01-01 01:16:33.000000,7,-28.29015544041451,-28.0,17.00394428742576,0.11458333333333333,967.0706156293028,8259.000000000002,0.0,31.55440414507772,28.0,8.830486596066837,0.0625,42.79274611398964,45.0,12.714351685152797,0.19791666666666666
2024-01-01 01:16:30.000000,2024-01-01 01:16:36.000000,7,-37.09326424870466,-45.0,15.577481283678386,0.036458333333333336,1333.0172480627011,7316.000000000001,0.0,29.481865284974095,29.0,6.134850297216497,0.13020833333333334,37.90673575129534,35.0,12.428194015088602,0.026041666666666668
2024-01-01 01:16:33.000000,2024-01-01 01:16:39.000000,7,-51.09326424870466,-50.0,5.831988495360503,0.09375,1143.7080623310371,4783.0,0.0,26.683937823834196,27.0,2.968340065779859,0.13541666666666666,24.78238341968912,28.0,10.638682392088022,0.052083333333333336
2024-01-01 01:16:36.000000,2024-01-01 01:16:42.000000,7,-42.21761658031088,-42.0,12.669858445922902,0.046875,1939.5243428585204,6924.0,0.0,23.99481865284974,24.0,4.492467549185365,0.15104166666666666,35.87564766839378,39.0,17.34590122455108,0.046875
2024-01-01 01:16:39.000000,2024-01-01 01:16:45.000000,7,-41.487046632124354,-38.0,13.129209169622108,0.046875,2061.5093411082144,6969.0,0.0,24.575129533678755,25.0,4.637461040807637,0.14583333333333334,36.10880829015544,45.0,17.53489304481965,0.020833333333333332
2024-01-01 01:16:42.000000,2024-01-01 01:16:48.000000,7,-52.1139896373057,-54.0,7.467112696399144,0.09895833333333333,768.0389575885257,4142.0,0.0,27.34715025906736,28.0,2.3293205069675627,0.15104166666666666,21.46113989637306,20.0,10.408820015282009,0.09895833333333333
2024-01-01 01:16:45.000000,2024-01-01 01:16:51.000000,7,-52.84974093264249,-53.0,1.6780483564847612,0.08854166666666667,163.2953382374188,4081.0,0.0,28.761658031088082,29.0,1.8215096037668455,0.171875,21.145077720207254,21.0,2.2243185096720692,0.15104166666666666
2024-01-01 01:16:48.000000,2024-01-01 01:16:54.000000,7,-52.637305699481864,-53.0,1.8577139274574603,0.07291666666666667,265.8988779775265,4265.0,0.0,28.383419689119172,28.0,1.9251987762701253,0.13541666666666666,22.098445595854923,22.0,2.486557122055218,0.09375
2024-01-01 01:16:51.000000,2024-01-01 01:16:57.000000,7,-51.38341968911917,-53.0,10.266659972689204,0.0625,1010.4567075424148,3930.0,0.0,13.409326424870466,27.0,26.2091610109538,0.010416666666666666,20.362694300518136,21.0,13.057686792445391,0.125
2024-01-01 01:16:54.000000,2024-01-01 01:17:00.000000,7,-50.4559585492228,-53.0,12.362130439300213,0.08333333333333333,1736.7716611681226,4087.0,0.0,11.025906735751295,23.0,25.158546268523192,0.020833333333333332,21.17616580310881,18.0,17.79805852630279,0.0625
2024-01-01 01:16:57.000000,2024-01-01 01:17:03.000000,7,-53.82383419689119,-56.0,8.34104134020644,0.171875,2503.9092392122648,783.0000000000002,0.16580310880829016,22.60621761658031,23.0,4.530034342021744,0.16666666666666666,4.05699481865285,3.0,24.54442963970673,0.046875
2024-01-01 01:17:00.000000,2024-01-01 01:17:06.000000,7,-56.95336787564767,-57.0,3.3155098832363095,0.25,881.6201644386144,3819.0000000000005,0.0,19.860103626943005,19.0,3.8899060064743898,0.078125,-19.787564766839377,-21.0,8.154845873850233,0.13020833333333334
2024-01-01 01:17:03.000000,2024-01-01 01:17:09.000000,7,-56.6839378238342,-57.0,1.7849489477612481,0.16145833333333334,318.7004451113643,4462.0,0.0,18.792746113989637,18.0,2.176711305405746,0.22395833333333334,-23.11917098445596,-23.0,2.9932728980978385,0.13541666666666666
2024-01-01 01:17:06.000000,2024-01-01 01:17:12.000000,7,-56.082901554404145,-56.0,1.3969340966796997,0.15104166666666666,166.84113842398105,4588.0,0.0,19.83419689119171,19.0,1.8522147504717954,0.0625,-23.7720207253886,-24.0,1.9684608410891882,0.19270833333333334
2024-01-01 01:17:09.000000,2024-01-01 01:17:15.000000,7,-55.81347150259067,-56.0,0.905092577255175,0.4114583333333333,77.93716952162222,4729.0,0.0,19.82383419689119,20.0,1.3346550012516911,0.16666666666666666,-24.502590673575128,-25.0,1.1507441085898438,0.3333333333333333
2024-01-01 01:17:12.000000,2024-01-01 01:17:18.000000,7,-55.979274611398964,-56.0,0.8413688575197815,0.3333333333333333,49.56125780835661,4693.0,0.0,19.409326424870468,19.0,0.991272363228276,0.1875,-24.316062176165804,-24.0,0.978200429077457,0.390625
2024-01-01 01:17:15.000000,2024-01-01 01:17:21.000000,7,-57.56476683937824,-56.0,4.2923383866560805,0.14583333333333334,1566.098836381534,2846.0,0.0,18.932642487046632,19.0,2.3095412968221884,0.18229166666666666,-14.746113989637307,-24.0,14.681436618207318,0.026041666666666668
2024-01-01 01:17:18.000000,2024-01-01 01:17:24.000000,7,-56.89119170984456,-58.0,6.643729431571614,0.1875,1819.8209985320007,1947.0,0.0,18.569948186528496,18.0,3.564367711783027,0.08854166666666667,10.088082901554404,15.0,19.97283344929035,0.057291666666666664
2024-01-01 01:17:21.000000,2024-01-01 01:17:27.000000,7,-47.3419689119171,-50.0,12.422977294239704,0.14583333333333334,1384.1782297813797,6493.0,0.0,19.419689119170986,18.0,9.731554448605994,0.07291666666666667,33.64248704663213,36.0,11.746970266798584,0.171875
2024-01-01 01:17:24.000000,2024-01-01 01:17:30.000000,7,-45.95336787564767,-47.0,12.127486925128842,0.13541666666666666,672.6892983821184,7404.0,0.0,14.606217616580311,10.0,12.594243174557818,0.03125,38.362694300518136,37.0,7.104360236474692,0.171875
2024-01-01 01:17:27.000000,2024-01-01 01:17:33.000000,7,-33.16580310880829,-41.0,24.89547882946884,0.078125,690.7269840762858,7508.0,0.0,23.906735751295336,24.0,18.395300753453782,0.046875,38.90155440414508,38.0,7.9251477160519554,0.19791666666666666
2024-01-01 01:17:30.000000,2024-01-01 01:17:36.000000,7,-27.1139896373057,-34.0,21.917398462273265,0.07291666666666667,675.885962577884,7790.0,0.0,33.626943005181346,31.0,11.595423822652755,0.10416666666666667,40.362694300518136,42.0,10.25167958773599,0.13541666666666666
2024-01-01 01:17:33.000000,2024-01-01 01:17:39.000000,7,-43.248704663212436,-43.0,15.178463048044868,0.20833333333333334,2482.735156560337,5812.0,0.0,21.580310880829014,22.0,12.469338474280944,0.09895833333333333,30.1139896373057,39.0,26.114680201387216,0.08333333333333333
2024-01-01 01:17:36.000000,2024-01-01 01:17:42.000000,7,-51.523316062176164,-55.0,12.23514087699004,0.16145833333333334,2027.2059826587679,4357.0,0.0,16.854922279792746,18.0,9.40299648157276,0.140625,22.575129533678755,24.0,24.115948282654667,0.109375
2024-01-01 01:17:39.000000,2024-01-01 01:17:45.000000,7,-57.95854922279793,-59.0,4.247345000226608,0.203125,754.5574659964637,3447.0,0.0,18.621761658031087,19.0,3.8333708791433008,0.109375,17.860103626943005,15.0,7.684949711776828,0.08854166666666667
2024-01-01 01:17:42.000000,2024-01-01 01:17:48.000000,7,-59.27979274611399,-59.0,2.1273163744074606,0.265625,272.8855481420591,2779.0,0.0,19.067357512953368,19.0,2.0337316280818487,0.08854166666666667,14.398963730569948,14.0,3.4897765812755615,0.10416666666666667
2024-01-01 01:17:45.000000,2024-01-01 01:17:51.000000,7,-55.02590673575129,-58.0,8.561320011857,0.203125,785.847153570471,3940.0,0.0,22.647668393782382,21.0,6.172874740032497,0.057291666666666664,20.414507772020727,16.0,10.377971306007968,0.09895833333333333
2024-01-01 01:17:48.000000,2024-01-01 01:17:54.000000,7,-55.06217616580311,-57.0,9.862928773424114,0.203125,1122.9437826113212,4068.9999999999995,0.0,19.373056994818654,20.0,9.558792826168464,0.109375,21.082901554404145,17.0,11.923950332718306,0.125
2024-01-01 01:17:51.000000,2024-01-01 01:17:57.000000,7,-55.37823834196891,-57.0,10.12458553705108,0.21875,1436.3150540625022,4800.0,0.0,11.305699481865284,13.0,14.05624189094363,0.08333333333333333,24.870466321243523,23.0,13.231858976308354,0.125
2024-01-01 01:17:54.000000,2024-01-01 01:18:00.000000,7,-48.487046632124354,-48.0,9.360883153831658,0.125,536.730969201216,6859.0,0.0,16.27461139896373,22.0,14.915464150060652,0.036458333333333336,35.538860103626945,38.0,9.108706500405825,0.15625
2024-01-01 01:17:57.000000,2024-01-01 01:18:03.000000,7,-47.01036269430052,-48.0,3.8337721270224754,0.0625,291.87895209875984,7087.0,0.0,22.181347150259068,22.0,2.8216544069748606,0.041666666666666664,36.72020725388601,36.0,2.838437062332386,0.03125
2024-01-01 01:18:00.000000,2024-01-01 01:18:06.000000,7,-48.01036269430052,-49.0,3.559010919052423,0.17708333333333334,285.8518243193318,6427.0,0.0,24.564766839378237,22.0,5.827127836727224,0.015625,33.30051813471503,35.0,6.0322786032149445,0.109375
2024-01-01 01:18:03.000000,2024-01-01 01:18:09.000000,7,-52.53367875647668,-50.0,8.212677917936702,0.11458333333333333,2873.9934597000047,2489.0,0.16580310880829016,23.041450777202073,24.0,11.564958836255459,0.052083333333333336,12.896373056994818,22.0,23.089717167174303,0.020833333333333332
2024-01-01 01:18:06.000000,2024-01-01 01:18:12.000000,7,-55.66321243523316,-58.0,13.927473749505971,0.23958333333333334,2223.374208845974,646.9999999999999,-0.3316062176165803,4.196891191709844,5.0,20.268062691953926,0.0625,3.3523316062176165,-3.0,23.819420631551854,0.078125
2024-01-01 01:18:09.000000,2024-01-01 01:18:15.000000,7,-54.15025906735751,-56.0,16.674681794666068,0.16145833333333334,2111.595755016919,3696.0,0.0,3.1658031088082903,7.0,19.529984199051437,0.078125,19.150259067357513,20.0,22.858559949248075,0.11979166666666667
2024-01-01 01:18:12.000000,2024-01-01 01:18:18.000000,7,-28.974093264248705,-29.0,30.107348776427045,0.036458333333333336,2455.7280556527876,7992.000000000001,0.0,16.76683937823834,15.0,14.24826520361718,0.13541666666666666,41.409326424870464,45.0,22.357728810520243,0.08333333333333333
2024-01-01 01:18:15.000000,2024-01-01 01:18:21.000000,7,-21.253886010362695,-21.0,24.853797453127868,0.08333333333333333,2934.696552042849,6511.0,0.0,27.82383419689119,24.0,25.33874774541353,0.046875,33.73575129533679,44.0,33.06571135286761,0.10416666666666667
2024-01-01 01:18:18.000000,2024-01-01 01:18:24.000000,7,-50.715025906735754,-59.0,18.37221158333604,0.109375,1338.996283563115,1454.0,0.0,24.16580310880829,17.0,25.50354288097765,0.03125,7.533678756476684,6.0,22.100154492305364,0.11979166666666667
2024-01-01 01:18:21.000000,2024-01-01 01:18:27.000000,7,-63.2020725388601,-63.0,7.218725350240907,0.234375,461.2614032232477,291.0,-0.16580310880829016,6.186528497409326,5.0,7.323366205059145,0.08854166666666667,1.5077720207253886,0.0,8.840083410112987,0.22395833333333334
2024-01-01 01:18:24.000000,2024-01-01 01:18:30.000000,7,-63.766839378238345,-63.0,6.5074107482117105,0.171875,228.7060798358988,715.0,0.0,4.1450777202072535,4.0,4.585948774877791,0.234375,-3.704663212435233,-4.0,4.009211920630417,0.24479166666666666
2024-01-01 01:18:27.000000,2024-01-01 01:18:33.000000,7,-62.979274611398964,-62.0,5.041451664722931,0.2864583333333333,224.99012383520255,1031.0,0.0,9.38860103626943,10.0,5.389928359468915,0.15104166666666666,-5.341968911917099,-5.0,3.344328261379527,0.265625
2024-01-01 01:18:30.000000,2024-01-01 01:18:36.000000,7,-62.031088082901555,-62.0,2.1112465111262257,0.2552083333333333,139.67015048619734,1134.0,0.0,15.05699481865285,16.0,3.3278911748805724,0.13020833333333334,-5.875647668393782,-6.0,2.312799016750606,0.265625
2024-01-01 01:18:33.000000,2024-01-01 01:18:39.000000,7,-61.61139896373057,-61.0,2.3825045058104837,0.2708333333333333,141.80031641734033,1306.0,0.0,16.1139896373057,16.0,2.5140151194305465,0.15625,-6.766839378238342,-6.0,2.177665717982127,0.19270833333333334
2024-01-01 01:18:36.000000,2024-01-01 01:18:42.000000,7,-62.119170984455955,-62.0,5.14389761197548,0.19270833333333334,225.2814006293681,1318.0,0.0,13.917098445595855,14.0,3.616133967439026,0.18229166666666666,-6.829015544041451,-7.0,3.0184825735180434,0.18229166666666666
2024-01-01 01:18:39.000000,2024-01-01 01:18:45.000000,7,-62.75647668393783,-61.0,6.0765749005166505,0.19270833333333334,314.4667981805762,1200.0,0.0,10.94300518134715,11.0,4.452511613892547,0.171875,-6.217616580310881,-7.0,3.454209466683176,0.20833333333333334
2024-01-01 01:18:42.000000,2024-01-01 01:18:48.000000,7,-62.95336787564767,-62.0,5.872153703639832,0.18229166666666666,222.52237112165884,1199.0,0.0,10.341968911917098,10.0,4.389517610534799,0.18229166666666666,-6.212435233160622,-7.0,3.5386924929393753,0.20833333333333334
2024-01-01 01:18:45.000000,2024-01-01 01:18:51.000000,7,-62.53367875647668,-62.0,6.4711020635667955,0.16666666666666666,221.15435082749767,1390.0,0.0,11.32642487046632,11.0,4.39485686221727,0.17708333333333334,-7.2020725388601035,-7.0,3.359624832558546,0.203125
2024-01-01 01:18:48.000000,2024-01-01 01:18:54.000000,7,-62.67357512953368,-62.0,6.8390862088960125,0.18229166666666666,234.7541747126917,1820.0,0.0,9.32642487046632,10.0,4.450207879718831,0.171875,-9.430051813471502,-10.0,3.599266200880588,0.22916666666666666
2024-01-01 01:18:51.000000,2024-01-01 01:18:57.000000,7,-62.70984455958549,-62.0,7.07686639668616,0.1875,300.3386107809075,2117.0,0.0,7.5595854922279795,7.0,3.8954866825539387,0.25,-10.968911917098445,-11.0,3.682598063515664,0.20833333333333334
2024-01-01 01:18:54.000000,2024-01-01 01:19:00.000000,7,-62.590673575129536,-62.0,6.635864994967388,0.22395833333333334,328.8043195088379,1722.0,0.0,9.082901554404145,8.0,4.686346288648862,0.21875,-8.922279792746114,-9.0,4.392129678050079,0.20833333333333334
2024-01-01 01:18:57.000000,2024-01-01 01:19:03.000000,7,-60.17616580310881,-61.0,8.020809641532427,0.171875,359.80149429753465,1070.0,0.0,15.72538860103627,10.0,13.255196621642813,0.09895833333333333,-5.544041450777202,-6.0,5.126460994839052,0.265625
2024-01-01 01:19:00.000000,2024-01-01 01:19:06.000000,7,-37.652849740932645,-42.0,22.79594044322029,0.015625,1651.0765558121163,1481.0,-0.16580310880829016,38.067357512953365,46.0,21.62922939762441,0.015625,7.6735751295336785,5.0,14.415420568707368,0.046875
2024-01-01 01:19:03.000000,2024-01-01 01:19:09.000000,7,-23.694300518134714,-20.0,18.325324538191722,0.08333333333333333,1155.888975021565,2565.0000000000005,0.0,54.36787564766839,54.0,11.331850583692082,0.16666666666666666,13.290155440414507,15.0,13.20585241461322,0.11458333333333333
2024-01-01 01:19:06.000000,2024-01-01 01:19:12.000000,7,-29.212435233160623,-33.0,23.07734844444335,0.140625,2233.7955189605427,3799.0,0.0,22.181347150259068,38.0,41.405178624487725,0.026041666666666668,19.683937823834196,17.0,22.8098708767231,0.08854166666666667
2024-01-01 01:19:09.000000,2024-01-01 01:19:15.000000,7,-37.409326424870464,-41.0,20.461430079495916,0.15625,1435.2409998944088,7228.999999999999,0.0,-5.476683937823834,0.0,25.952294483271793,0.041666666666666664,37.4559585492228,41.0,19.153964402483528,0.13541666666666666
2024-01-01 01:19:12.000000,2024-01-01 01:19:18.000000,7,-48.18652849740933,-50.0,8.568135303168495,0.07291666666666667,1000.7292328231348,7552.0,0.0,-6.8860103626943,-5.0,8.633598439858398,0.078125,39.129533678756474,37.0,9.9947282088565,0.09375
2024-01-01 01:19:15.000000,2024-01-01 01:19:21.000000,7,-46.30051813471503,-42.0,6.915626157247423,0.036458333333333336,885.4023696049665,8091.0,0.0,-7.38860103626943,-5.0,6.885164804626975,0.052083333333333336,41.92227979274612,47.0,7.5786962231073485,0.015625
2024-01-01 01:19:18.000000,2024-01-01 01:19:24.000000,7,-41.41968911917098,-41.0,1.043344934741021,0.2916666666666667,31.400717011302813,9342.0,0.0,-2.564766839378238,-2.0,1.536772210043282,0.171875,48.40414507772021,48.0,0.7721610770058478,0.3541666666666667
2024-01-01 01:19:21.000000,2024-01-01 01:19:27.000000,7,-41.015544041450774,-41.0,1.1341143935625109,0.28125,47.22208530342717,9413.0,0.0,-1.922279792746114,-2.0,1.0503823631460554,0.34375,48.7720207253886,49.0,0.9518865914075878,0.2708333333333333
2024-01-01 01:19:24.000000,2024-01-01 01:19:30.000000,7,-39.751295336787564,-40.0,1.3464114654134864,0.203125,72.05928593319692,9603.0,0.0,-3.088082901554404,-3.0,1.6606703444969257,0.16145833333333334,49.75647668393783,50.0,1.0595655658125234,0.15104166666666666
2024-01-01 01:19:27.000000,2024-01-01 01:19:33.000000,7,-16.89637305699482,-38.0,32.65124482864479,0.005208333333333333,308.40981096467056,9958.0,0.0,-3.937823834196891,-4.0,7.163003140417938,0.16666666666666666,51.59585492227979,51.0,5.3911949258807965,0.18229166666666666
2024-01-01 01:19:30.000000,2024-01-01 01:19:36.000000,7,-5.782383419689119,-19.0,30.118763194611034,0.010416666666666666,296.1275176710732,10488.0,0.0,-8.922279792746114,-8.0,11.870796228931239,0.046875,54.3419689119171,54.0,7.097325659701822,0.2864583333333333
2024-01-01 01:19:33.000000,2024-01-01 01:19:39.000000,7,-18.502590673575128,-21.0,14.940550369273122,0.036458333333333336,238.7254283289732,11058.0,0.0,-13.44559585492228,-13.0,8.086021489169815,0.13541666666666666,57.295336787564764,58.0,4.830548301299934,0.19791666666666666
2024-01-01 01:19:36.000000,2024-01-01 01:19:42.000000,7,-21.44559585492228,-22.0,1.4854831503530175,0.203125,35.22079835510756,11312.000000000002,0.0,-12.264248704663212,-12.0,1.219467344577339,0.09895833333333333,58.61139896373057,59.0,0.9460854719354134,0.34375
2024-01-01 01:19:39.000000,2024-01-01 01:19:45.000000,7,-27.020725388601036,-23.0,7.764743066434176,0.057291666666666664,370.8967565250899,10798.0,0.0,-11.253886010362693,-12.0,3.5769513799377637,0.13541666666666666,55.94818652849741,57.0,4.265585311344653,0.08333333333333333
2024-01-01 01:19:42.000000,2024-01-01 01:19:48.000000,7,-40.523316062176164,-38.0,12.32547858218061,0.026041666666666668,1098.2286641619637,8871.000000000002,0.0,-8.740932642487047,-7.0,5.2106894498055,0.09375,45.96373056994819,49.0,10.108460285508174,0.036458333333333336
2024-01-01 01:19:45.000000,2024-01-01 01:19:51.000000,7,-51.362694300518136,-54.0,6.943451425835447,0.057291666666666664,545.4980726472339,7052.0,0.0,-5.860103626943006,-5.0,3.301848281272005,0.24479166666666666,36.538860103626945,35.0,6.562979565502398,0.036458333333333336
2024-01-01 01:19:48.000000,2024-01-01 01:19:54.000000,7,-52.880829015544045,-53.0,1.3467922293931283,0.15104166666666666,143.1960163124817,6861.0,0.0,-5.243523316062176,-5.0,0.96164573601142,0.2708333333333333,35.54922279792746,35.0,1.9388871155839742,0.15104166666666666
2024-01-01 01:19:51.000000,2024-01-01 01:19:57.000000,7,-52.652849740932645,-52.0,1.372613331391238,0.17708333333333334,126.54585540014196,6925.0,0.0,-4.668393782383419,-5.0,1.280415789549556,0.140625,35.880829015544045,36.0,1.8318067517673289,0.13020833333333334
2024-01-01 01:19:54.000000,2024-01-01 01:20:00.000000,7,-53.21243523316062,-53.0,1.4036599396763336,0.18229166666666666,170.39249595341087,6777.000000000001,0.0,-3.4093264248704664,-3.0,1.2047285578503457,0.15104166666666666,35.1139896373057,35.0,1.7222384718902084,0.11979166666666667
2024-01-01 01:19:57.000000,2024-01-01 01:20:03.000000,7,-53.87564766839378,-54.0,1.5224287477194287,0.13541666666666666,199.83182975786283,6610.0,0.0,-1.854922279792746,-2.0,1.4140990650598377,0.171875,34.248704663212436,34.0,1.9365752849287547,0.09375
2024-01-01 01:20:00.000000,2024-01-01 01:20:06.000000,7,-53.93782383419689,-54.0,1.3214060653853945,0.2552083333333333,140.9018839879646,6601.000000000001,0.0,-0.9740932642487047,-1.0,1.043008634714886,0.25,34.2020725388601,34.0,1.515749214814478,0.15104166666666666
2024-01-01 01:20:03.000000,2024-01-01 01:20:09.000000,7,-53.295336787564764,-53.0,1.005624295910281,0.3645833333333333,39.58465395687917,6785.0,0.0,-0.6321243523316062,0.0,1.1107449382235743,0.22916666666666666,35.15544041450777,35.0,0.9501556549147573,0.21354166666666666
2024-01-01 01:20:06.000000,2024-01-01 01:20:12.000000,7,-54.409326424870464,-54.0,2.409468315783969,0.026041666666666668,364.7579124116075,6351.0,0.0,-0.39896373056994816,0.0,0.9021957957594402,0.3229166666666667,32.90673575129534,35.0,4.67613691808569,0.005208333333333333
2024-01-01 01:20:09.000000,2024-01-01 01:20:15.000000,7,-57.020725388601036,-58.0,2.615973665974259,0.11979166666666667,482.642262097147,5450.0,0.0,-0.6010362694300518,-1.0,0.8608371432619204,0.4114583333333333,28.238341968911918,26.0,4.810489985779155,0.036458333333333336
2024-01-01 01:20:12.000000,2024-01-01 01:20:18.000000,7,-58.424870466321245,-58.0,0.7811604007342572,0.4739583333333333,51.82422585872281,5026.0,0.0,-0.5129533678756477,0.0,0.6300529763618711,0.4479166666666667,26.041450777202073,26.0,1.079323654401179,0.3125
2024-01-01 01:20:15.000000,2024-01-01 01:20:21.000000,7,-58.37823834196891,-58.0,0.6430258914413182,0.453125,27.440173409494882,5070.000000000001,0.0,-0.2694300518134715,0.0,0.6291099752564613,0.3333333333333333,26.269430051813472,26.0,0.7905352791835745,0.3229166666666667
2024-01-01 01:20:18.000000,2024-01-01 01:20:24.000000,7,-58.424870466321245,-58.0,0.5735517166527369,0.453125,23.961143903107846,5041.0,0.0,-0.13989637305699482,0.0,0.5917083227448519,0.234375,26.11917098445596,26.0,0.6384350469340745,0.203125
2024-01-01 01:20:21.000000,2024-01-01 01:20:27.000000,7,-58.15025906735751,-58.0,0.8679552331204683,0.3229166666666667,97.91696218508461,5140.0,0.0,-0.05699481865284974,0.0,0.622382255409016,0.19791666666666666,26.632124352331605,26.0,1.3127595557156004,0.16145833333333334
2024-01-01 01:20:24.000000,2024-01-01 01:20:30.000000,7,-58.3419689119171,-58.0,1.6063514102447085,0.2708333333333333,165.66590515127618,5058.0,0.0,-0.2849740932642487,0.0,1.3869301098230138,0.20833333333333334,26.207253886010363,27.0,2.3932520637021333,0.19791666666666666
2024-01-01 01:20:27.000000,2024-01-01 01:20:33.000000,7,-58.5699481865285,-58.0,4.2618130552776154,0.3802083333333333,231.85478774502772,4851.0,0.0,-2.3989637305699483,-1.0,5.252122484026746,0.078125,25.134715025906736,26.0,6.462430451481999,0.2864583333333333
2024-01-01 01:20:30.000000,2024-01-01 01:20:36.000000,7,-56.75647668393783,-57.0,5.504522006640445,0.20833333333333334,468.03693420146584,5436.0,0.0,-3.243523316062176,-1.0,5.483666278587923,0.13541666666666666,28.16580310880829,28.0,8.030117235457935,0.17708333333333334
2024-01-01 01:20:33.000000,2024-01-01 01:20:39.000000,7,-56.43523316062176,-56.0,5.567502626153666,0.34375,460.21803822409987,5531.000000000001,0.0,-3.715025906735751,-3.0,4.164161595831787,0.15625,28.6580310880829,30.0,6.962485058262498,0.19791666666666666
2024-01-01 01:20:36.000000,2024-01-01 01:20:42.000000,7,-56.86010362694301,-56.0,4.405975344824974,0.4635416666666667,345.16326535688864,5489.0,0.0,-3.077720207253886,-2.0,4.052927309424013,0.08333333333333333,28.440414507772022,30.0,5.628038423283478,0.140625
2024-01-01 01:20:39.000000,2024-01-01 01:20:45.000000,7,-55.95336787564767,-56.0,2.218037222223961,0.2604166666666667,103.1926512784882,6003.0,0.0,-0.7979274611398963,0.0,2.401300831260159,0.23958333333333334,31.10362694300518,31.0,3.285009719940511,0.23958333333333334
2024-01-01 01:20:42.000000,2024-01-01 01:20:48.000000,7,-54.66839378238342,-55.0,3.2935995396315496,0.3333333333333333,217.57046575565533,6370.000000000001,0.0,-1.5699481865284974,-1.0,2.7719819356316253,0.171875,33.005181347150256,33.0,4.452875252442727,0.3177083333333333
2024-01-01 01:20:45.000000,2024-01-01 01:20:51.000000,7,-54.2279792746114,-54.0,2.7099055487048926,0.4270833333333333,132.13908309384098,6464.0,0.0,-2.528497409326425,-2.0,2.1962245827697164,0.2708333333333333,33.49222797927461,33.0,3.57671749388851,0.3020833333333333
2024-01-01 01:20:48.000000,2024-01-01 01:20:54.000000,7,-54.52849740932643,-54.0,0.9300909012718434,0.3385416666666667,94.02503551679744,6410.0,0.0,-2.378238341968912,-2.0,0.6348744997219811,0.3697916666666667,33.21243523316062,33.0,1.146303287202893,0.22916666666666666
2024-01-01 01:20:51.000000,2024-01-01 01:20:57.000000,7,-54.44559585492228,-54.0,0.917647457714233,0.23958333333333334,82.85287561250453,6437.0,0.0,-2.139896373056995,-2.0,0.7611080119616357,0.2604166666666667,33.35233160621762,34.0,1.0898237882633097,0.21875
2024-01-01 01:20:54.000000,2024-01-01 01:21:00.000000,7,-55.02590673575129,-55.0,0.8565631006663459,0.2708333333333333,100.09355804542807,6252.0,0.0,-1.7927461139896372,-2.0,0.6279507202648731,0.3333333333333333,32.39378238341969,32.0,1.0156908026378133,0.057291666666666664
2024-01-01 01:20:57.000000,2024-01-01 01:21:03.000000,7,-55.295336787564764,-55.0,0.6699106093539958,0.3489583333333333,43.98646883398239,6173.0,0.0,-1.7927461139896372,-2.0,0.4547769860944743,0.3177083333333333,31.984455958549223,32.0,0.6493320601605401,0.23958333333333334
2024-01-01 01:21:00.000000,2024-01-01 01:21:06.000000,7,-55.03626943005181,-55.0,0.6643688812419599,0.2916666666666667,63.028000510986935,6245.0,0.0,-1.927461139896373,-2.0,0.4388933524036461,0.21875,32.35751295336787,32.0,0.7009354100415289,0.21354166666666666
2024-01-01 01:21:03.000000,2024-01-01 01:21:09.000000,7,-54.538860103626945,-54.0,0.6206454520916708,0.2604166666666667,75.52920324831085,6387.0,0.0,-2.0466321243523318,-2.0,0.47092722633578693,0.15625,33.09326424870466,33.0,0.7916268965558227,0.21875
2024-01-01 01:21:06.000000,2024-01-01 01:21:12.000000,7,-54.02590673575129,-54.0,0.40097840185785266,0.15104166666666666,24.03235259821556,6541.0,0.0,-2.155440414507772,-2.0,0.4859311699200073,0.21875,33.89119170984456,34.0,0.5338296481690102,0.234375
2024-01-01 01:21:09.000000,2024-01-01 01:21:15.000000,7,-46.19170984455958,-54.0,15.459609123412678,0.015625,168.67644077017863,6776.0,0.0,-12.341968911917098,-2.0,18.27387565679108,0.015625,35.10880829015544,34.0,2.7620144991046383,0.078125
2024-01-01 01:21:12.000000,2024-01-01 01:21:18.000000,7,-44.590673575129536,-54.0,19.598663752871023,0.010416666666666666,525.782176269454,6290.0,0.0,-15.67357512953368,-2.0,20.968532380038233,0.020833333333333332,32.590673575129536,34.0,5.560586380778576,0.15104166666666666
2024-01-01 01:21:15.000000,2024-01-01 01:21:21.000000,7,-51.4300518134715,-53.0,13.133391305553992,0.08854166666666667,517.8416476817558,6326.0,0.0,-4.373056994818653,0.0,13.982343757763793,0.036458333333333336,32.77720207253886,35.0,5.145497470037503,0.11458333333333333
2024-01-01 01:21:18.000000,2024-01-01 01:21:24.000000,7,-54.15025906735751,-53.0,3.4449861567261126,0.07291666666666667,433.56698010482415,6507.0,0.0,0.26424870466321243,0.0,2.5714005142121454,0.265625,33.715025906735754,36.0,4.536499215202588,0.041666666666666664
2024-01-01 01:21:21.000000,2024-01-01 01:21:27.000000,7,-56.77720207253886,-58.0,3.071559465075619,0.078125,306.94555301083,5654.0,0.0,-0.43005181347150256,-1.0,2.513821894672473,0.265625,29.295336787564768,28.0,3.962168626462675,0.046875
2024-01-01 01:21:24.000000,2024-01-01 01:21:30.000000,7,-57.82383419689119,-58.0,1.5679245216844724,0.328125,72.99388923607258,5256.0,0.0,-1.2746113989637307,-1.0,2.2435620810988017,0.078125,27.23316062176166,27.0,1.6306117397900945,0.3645833333333333
2024-01-01 01:21:27.000000,2024-01-01 01:21:33.000000,7,-57.424870466321245,-58.0,4.962967348775189,0.3072916666666667,430.89157085703283,5284.000000000001,0.0,-2.393782383419689,-1.0,3.6401068399928924,0.06770833333333333,27.378238341968913,27.0,5.719752235053301,0.21354166666666666
2024-01-01 01:21:30.000000,2024-01-01 01:21:36.000000,7,-53.32642487046632,-52.0,6.3886435836864495,0.14583333333333334,886.2714295331431,6573.0,0.0,-1.8031088082901554,-1.0,3.5122687755410675,0.203125,34.056994818652846,38.0,8.569073832014451,0.057291666666666664
2024-01-01 01:21:33.000000,2024-01-01 01:21:39.000000,7,-48.870466321243526,-48.0,2.547222402718684,0.265625,115.94951515311773,7969.999999999999,0.0,-0.34196891191709844,0.0,1.305896187755812,0.2864583333333333,41.295336787564764,42.0,1.9232213144942627,0.140625
2024-01-01 01:21:36.000000,2024-01-01 01:21:42.000000,7,-47.96373056994819,-48.0,0.7797773252854691,0.22916666666666666,42.85479143496027,8160.999999999999,0.0,-0.046632124352331605,0.0,0.42438872020548674,0.16666666666666666,42.284974093264246,42.0,0.6896799713396162,0.1875
2024-01-01 01:21:39.000000,2024-01-01 01:21:45.000000,7,-48.56476683937824,-49.0,1.1213840372034205,0.19270833333333334,86.76342584675477,8036.0,0.0,0.06735751295336788,0.0,0.4215815481340652,0.203125,41.637305699481864,42.0,1.2800785273839386,0.16145833333333334
2024-01-01 01:21:42.000000,2024-01-01 01:21:48.000000,7,-47.943005181347154,-49.0,4.5542865894138345,0.08854166666666667,416.3005530091156,8088.000000000001,0.0,0.06217616580310881,0.0,2.288164618852987,0.2864583333333333,41.90673575129534,41.0,5.94607768281052,0.13541666666666666
2024-01-01 01:21:45.000000,2024-01-01 01:21:51.000000,7,-49.5440414507772,-46.0,9.077753154366238,0.0625,1090.6731577880776,7552.0,0.0,-0.49740932642487046,0.0,3.3340483904887943,0.21354166666666666,39.129533678756474,45.0,9.837153651789324,0.03125
2024-01-01 01:21:48.000000,2024-01-01 01:21:54.000000,7,-55.15025906735751,-57.0,8.401587922531954,0.15104166666666666,781.0613382536167,5962.0,0.0,-1.461139896373057,-1.0,3.2929521877086794,0.11458333333333333,30.89119170984456,28.0,8.858469060354862,0.09895833333333333
2024-01-01 01:21:51.000000,2024-01-01 01:21:57.000000,7,-57.994818652849744,-58.0,2.3989959039461053,0.2552083333333333,123.29949821918613,5158.0,0.0,-1.1813471502590673,-1.0,2.3833765108351357,0.052083333333333336,26.72538860103627,27.0,2.8010838637471,0.11979166666666667
2024-01-01 01:21:54.000000,2024-01-01 01:22:00.000000,7,-57.476683937823836,-58.0,2.608225248413072,0.11979166666666667,386.8559331005858,5331.0,0.0,-0.6010362694300518,-1.0,1.1732251505512534,0.3645833333333333,27.621761658031087,28.0,5.4578825836641025,0.171875
2024-01-01 01:21:57.000000,2024-01-01 01:22:03.000000,7,-56.01036269430052,-55.0,2.7894698520091152,0.0625,406.58109909841124,5825.0,0.0,-0.5284974093264249,0.0,1.220683859411874,0.3229166666666667,30.181347150259068,32.0,5.896084881150711,0.057291666666666664
2024-01-01 01:22:00.000000,2024-01-01 01:22:06.000000,7,-54.62176165803109,-55.0,0.6899147027451306,0.3229166666666667,63.83753586461505,6368.0,0.0,-0.24352331606217617,0.0,0.6436970210605909,0.265625,32.994818652849744,33.0,0.8508415523176215,0.125
2024-01-01 01:22:03.000000,2024-01-01 01:22:09.000000,7,-54.16580310880829,-54.0,0.4603797148716315,0.24479166666666666,25.72657520119282,6512.999999999999,0.0,-0.16062176165803108,0.0,0.4565536968042548,0.2552083333333333,33.74611398963731,34.0,0.6062160020202004,0.296875
2024-01-01 01:22:06.000000,2024-01-01 01:22:12.000000,7,-53.55958549222798,-54.0,0.6829957251855677,0.16145833333333334,103.7917466550255,6708.999999999999,0.0,-0.20725388601036268,0.0,0.47713251871414836,0.3020833333333333,34.76165803108808,35.0,1.0130303894494912,0.13020833333333334
2024-01-01 01:22:09.000000,2024-01-01 01:22:15.000000,7,-52.77720207253886,-53.0,0.6824423400520238,0.21354166666666666,54.34036656241175,6939.0,0.0,-0.17616580310880828,0.0,0.4677648686745811,0.2760416666666667,35.95336787564767,36.0,0.8677686630112416,0.16145833333333334
2024-01-01 01:22:12.000000,2024-01-01 01:22:18.000000,7,-52.461139896373055,-52.0,0.9463706693831655,0.18229166666666666,90.15206524753181,7020.000000000001,0.0,-0.12953367875647667,0.0,0.43157691733755194,0.23958333333333334,36.373056994818654,37.0,1.3561969966084093,0.16145833333333334
2024-01-01 01:22:15.000000,2024-01-01 01:22:21.000000,7,-43.30051813471503,-52.0,13.655083368968189,0.015625,913.1726026338346,8038.0,0.0,-9.352331606217616,-1.0,11.75931400590462,0.015625,41.64766839378238,37.0,10.049886362017462,0.015625
2024-01-01 01:22:18.000000,2024-01-01 01:22:24.000000,7,-37.979274611398964,-34.0,12.36593040930351,0.020833333333333332,675.2767057454346,8878.0,0.0,-13.61139896373057,-16.0,11.82155845846366,0.041666666666666664,46.0,47.0,9.346345096703132,0.08333333333333333
2024-01-01 01:22:21.000000,2024-01-01 01:22:27.000000,7,-45.170984455958546,-48.0,7.207258173533506,0.036458333333333336,469.0323557703474,8333.0,0.0,-3.948186528497409,1.0,9.534335392762971,0.005208333333333333,43.17616580310881,42.0,4.624442738215365,0.078125
2024-01-01 01:22:24.000000,2024-01-01 01:22:30.000000,7,-49.347150259067355,-50.0,2.384565094696785,0.17708333333333334,192.65800899344543,7800.0,0.0,1.1813471502590673,1.0,2.0497114249898747,0.15104166666666666,40.41450777202073,40.0,2.1923629022110727,0.140625
2024-01-01 01:22:27.000000,2024-01-01 01:22:33.000000,7,-50.1139896373057,-50.0,3.251195475625141,0.34375,164.4203608422732,7624.0,0.0,0.7357512953367875,1.0,2.308863487625567,0.4010416666666667,39.50259067357513,40.0,3.1376815225238492,0.22916666666666666
2024-01-01 01:22:30.000000,2024-01-01 01:22:36.000000,7,-51.994818652849744,-51.0,5.650864064944721,0.3177083333333333,334.22489654023485,7162.0,0.0,0.15544041450777202,0.0,2.9994242395110593,0.40625,37.10880829015544,38.0,6.3585224247931675,0.28125
2024-01-01 01:22:33.000000,2024-01-01 01:22:39.000000,7,-50.766839378238345,-50.0,6.135835556733459,0.25,527.3743661306211,7408.0,0.0,-0.12435233160621761,0.0,2.8219891256374297,0.40625,38.38341968911917,39.0,6.911504201557866,0.22916666666666666
2024-01-01 01:22:36.000000,2024-01-01 01:22:42.000000,7,-46.512953367875646,-46.0,3.230887404365724,0.19270833333333334,264.8218336871705,8411.000000000002,0.0,-0.38341968911917096,0.0,0.7417144518964082,0.4010416666666667,43.58031088082902,45.0,3.46335367134946,0.09375
2024-01-01 01:22:39.000000,2024-01-01 01:22:45.000000,7,-45.119170984455955,-45.0,2.1216383549402837,0.3177083333333333,91.5304231228784,8722.0,0.0,-0.29533678756476683,0.0,0.8233753039724413,0.3489583333333333,45.19170984455958,45.0,1.7198394058859092,0.3125
2024-01-01 01:22:42.000000,2024-01-01 01:22:48.000000,7,-47.49740932642487,-48.0,3.575268568483715,0.15104166666666666,352.3925414666842,8210.0,0.0,-0.015544041450777202,0.0,0.9545760617602257,0.296875,42.538860103626945,42.0,3.489536852344265,0.109375
2024-01-01 01:22:45.000000,2024-01-01 01:22:51.000000,7,-50.26424870466321,-50.0,1.95725588630882,0.3697916666666667,66.09179792445998,7605.0,0.0,-0.18134715025906736,0.0,0.8679863242398211,0.3020833333333333,39.40414507772021,39.0,1.9344420544891439,0.2552083333333333
2024-01-01 01:22:48.000000,2024-01-01 01:22:54.000000,7,-49.626943005181346,-50.0,2.6151998572976547,0.140625,216.5799400806025,7727.0,0.0,-0.3005181347150259,0.0,0.7989900792906239,0.34375,40.03626943005181,39.0,2.6971687644076012,0.08854166666666667
2024-01-01 01:22:51.000000,2024-01-01 01:22:57.000000,7,-47.766839378238345,-48.0,4.089180192403029,0.16145833333333334,294.47308386953097,8076.0,0.0,-0.9585492227979274,0.0,3.5908364231215795,0.3072916666666667,41.84455958549223,42.0,4.375200464195878,0.140625
2024-01-01 01:22:54.000000,2024-01-01 01:23:00.000000,7,-46.233160621761655,-46.0,4.174892570986063,0.18229166666666666,291.7652952531859,8382.0,0.0,-2.2487046632124352,-2.0,3.5925720360483964,0.24479166666666666,43.4300518134715,44.0,4.481039743720355,0.140625
2024-01-01 01:22:57.000000,2024-01-01 01:23:03.000000,7,-46.8860103626943,-47.0,5.869009458224224,0.11458333333333333,595.5939094446989,8154.000000000001,0.0,-3.1761658031088085,-3.0,3.005212799847315,0.22916666666666666,42.248704663212436,44.0,6.879946014870337,0.08333333333333333
2024-01-01 01:23:00.000000,2024-01-01 01:23:06.000000,7,-45.64766839378238,-46.0,11.05715300410243,0.11979166666666667,952.1379815740137,7933.0,0.0,-5.829015544041451,-3.0,5.8378066982927885,0.08333333333333333,41.10362694300518,41.0,13.806687589477676,0.078125
2024-01-01 01:23:03.000000,2024-01-01 01:23:09.000000,7,-37.652849740932645,-34.0,11.001832454528332,0.13020833333333334,1043.6935823647023,9340.0,0.0,-6.616580310880829,-6.0,5.008132419191016,0.09375,48.39378238341969,53.0,13.955672483733263,0.09375
2024-01-01 01:23:06.000000,2024-01-01 01:23:12.000000,7,-32.67357512953368,-33.0,2.296323185597263,0.20833333333333334,90.52280922282192,10531.000000000002,0.0,-5.046632124352332,-5.0,1.4940512438236464,0.25,54.56476683937824,55.0,1.8672623879790766,0.265625
2024-01-01 01:23:09.000000,2024-01-01 01:23:15.000000,7,-33.626943005181346,-34.0,1.7003980789635693,0.23958333333333334,95.14278897264943,10441.0,0.0,-4.487046632124352,-4.0,0.8107918473252662,0.2760416666666667,54.09844559585492,54.0,0.9977305855006773,0.1875
2024-01-01 01:23:12.000000,2024-01-01 01:23:18.000000,7,-34.25388601036269,-34.0,1.0271308782747,0.3697916666666667,34.71938588633869,10385.0,0.0,-4.046632124352332,-4.0,0.4597344731882207,0.140625,53.80829015544042,54.0,0.5858875734342409,0.234375
2024-01-01 01:23:15.000000,2024-01-01 01:23:21.000000,7,-32.75647668393783,-34.0,6.888076353737832,0.13541666666666666,254.97582797261072,10406.0,0.0,-6.22279792746114,-4.0,6.702541374794267,0.005208333333333333,53.917098445595855,54.0,5.643337505749559,0.19791666666666666
2024-01-01 01:23:18.000000,2024-01-01 01:23:24.000000,7,-30.471502590673577,-32.0,7.262952963588253,0.09375,342.5055690119021,10068.0,0.0,-16.642487046632123,-21.0,10.665445471977096,0.026041666666666668,52.16580310880829,53.0,6.489050994960554,0.06770833333333333
2024-01-01 01:23:21.000000,2024-01-01 01:23:27.000000,7,-40.020725388601036,-34.0,12.618999625739125,0.026041666666666668,1037.1947394586355,8226.0,0.0,-17.27461139896373,-23.0,10.99773783459176,0.026041666666666668,42.62176165803109,47.0,9.960178159236442,0.005208333333333333
2024-01-01 01:23:24.000000,2024-01-01 01:23:30.000000,7,-49.803108808290155,-52.0,10.372870799268028,0.08333333333333333,1064.3359897641787,6873.0,0.0,-6.974093264248705,-2.0,8.760371967678639,0.057291666666666664,35.61139896373057,35.0,12.28096743149907,0.16666666666666666
2024-01-01 01:23:27.000000,2024-01-01 01:23:33.000000,7,-46.37823834196891,-45.0,9.160998797278088,0.16145833333333334,1058.0687556509017,7987.0,0.0,-2.2072538860103625,-1.0,4.163150502573881,0.09375,41.38341968911917,45.0,12.381864035548878,0.078125
2024-01-01 01:23:30.000000,2024-01-01 01:23:36.000000,7,-44.43523316062176,-46.0,7.328398107742326,0.17708333333333334,231.68596806059836,8608.0,0.0,-1.4870466321243523,0.0,6.836718273632639,0.09895833333333333,44.601036269430054,44.0,5.205305683039756,0.16666666666666666
2024-01-01 01:23:33.000000,2024-01-01 01:23:39.000000,7,-32.512953367875646,-33.0,16.235926215844785,0.036458333333333336,862.9665834737101,9548.0,0.0,-11.865284974093264,-16.0,11.767827214071495,0.005208333333333333,49.47150259067357,45.0,10.41535656701018,0.036458333333333336
2024-01-01 01:23:36.000000,2024-01-01 01:23:42.000000,7,-25.243523316062177,-27.0,10.224957824929596,0.13020833333333334,471.00230782243653,10286.0,0.0,-22.196891191709845,-22.0,4.172403218566899,0.16666666666666666,53.295336787564764,54.0,8.172032400685794,0.16666666666666666
2024-01-01 01:23:39.000000,2024-01-01 01:23:45.000000,7,-31.787564766839377,-31.0,5.179230434429313,0.19791666666666666,263.87458051664015,9949.0,0.0,-19.11917098445596,-20.0,5.333785332746376,0.052083333333333336,51.54922279792746,52.0,4.400392018177952,0.21875
2024-01-01 01:23:42.000000,2024-01-01 01:23:48.000000,7,-30.647668393782382,-31.0,6.122891410338576,0.125,201.99108863898354,10242.0,0.0,-16.39896373056995,-15.0,6.280873659018519,0.10416666666666667,53.067357512953365,53.0,3.814804189172378,0.20833333333333334
2024-01-01 01:23:45.000000,2024-01-01 01:23:51.000000,7,-24.29015544041451,-21.0,7.015515281375443,0.015625,313.8109342104457,10662.0,0.0,-18.507772020725387,-19.0,5.6264990326508855,0.09895833333333333,55.24352331606217,56.0,3.7483012847940733,0.07291666666666667
2024-01-01 01:23:48.000000,2024-01-01 01:23:54.000000,7,-20.04663212435233,-20.0,2.7600010481587955,0.140625,107.1245610752311,11005.0,0.0,-19.559585492227978,-20.0,1.645012612096057,0.18229166666666666,57.020725388601036,57.0,3.0068646274379365,0.3229166666666667
2024-01-01 01:23:51.000000,2024-01-01 01:23:57.000000,7,-25.99481865284974,-24.0,7.372172769757252,0.09895833333333333,413.43285351787614,10340.000000000002,0.0,-21.082901554404145,-20.0,4.127318524635534,0.09375,53.575129533678755,56.0,5.225717963910984,0.09895833333333333
2024-01-01 01:23:54.000000,2024-01-01 01:24:00.000000,7,-36.803108808290155,-38.0,7.00911539484887,0.171875,769.7256837180776,8745.0,0.0,-23.497409326424872,-21.0,5.615384700693938,0.026041666666666668,45.310880829015545,47.0,7.6985344757470555,0.08854166666666667
2024-01-01 01:23:57.000000,2024-01-01 01:24:03.000000,7,-44.284974093264246,-43.0,6.847036473020063,0.171875,585.0587616041287,7513.000000000001,0.0,-20.917098445595855,-19.0,10.221167164458253,0.036458333333333336,38.92746113989637,40.0,7.013745602371397,0.06770833333333333
2024-01-01 01:24:00.000000,2024-01-01 01:24:06.000000,7,-49.984455958549226,-52.0,7.415128597964581,0.046875,364.27613057727297,6969.000000000001,0.0,-9.626943005181348,-3.0,11.684021295210957,0.020833333333333332,36.10880829015544,36.0,5.646124696928349,0.22395833333333334
2024-01-01 01:24:03.000000,2024-01-01 01:24:09.000000,7,-57.461139896373055,-55.0,6.952951467580898,0.08333333333333333,1227.1965904397491,4795.0,0.0,-4.880829015544041,-3.0,4.318238372587488,0.057291666666666664,24.844559585492227,24.0,11.209960411849512,0.010416666666666666
2024-01-01 01:24:06.000000,2024-01-01 01:24:12.000000,7,-54.21761658031088,-60.0,16.62998986890021,0.13541666666666666,1277.735586617969,3674.0000000000005,0.0,-13.124352331606218,-11.0,8.945149856684864,0.078125,19.036269430051814,15.0,18.493628704962944,0.109375
2024-01-01 01:24:09.000000,2024-01-01 01:24:15.000000,7,-36.38860103626943,-31.0,19.309951951956606,0.08854166666666667,2659.6855997089765,7655.0,0.0,-15.316062176165802,-13.0,8.523167021679644,0.10416666666666667,39.66321243523316,52.0,24.67002111287797,0.036458333333333336
2024-01-01 01:24:12.000000,2024-01-01 01:24:18.000000,7,-30.569948186528496,-31.0,11.442634480375062,0.234375,288.9038372583972,10401.000000000002,0.0,-10.398963730569948,-9.0,5.591231878625018,0.171875,53.89119170984456,54.0,7.7152159675927185,0.3489583333333333
2024-01-01 01:24:15.000000,2024-01-01 01:24:21.000000,7,-33.310880829015545,-32.0,7.7262226480732,0.16666666666666666,225.28926520579796,10255.0,0.0,-8.601036269430052,-8.0,3.546036367629727,0.3125,53.134715025906736,54.0,5.559571986544933,0.21875
2024-01-01 01:24:18.000000,2024-01-01 01:24:24.000000,7,-33.58031088082902,-31.0,10.856786755428596,0.15625,785.9708005530889,9763.0,0.0,-9.041450777202073,-8.0,6.696418661066767,0.13020833333333334,50.58549222797927,55.0,14.202559807830115,0.09375
2024-01-01 01:24:21.000000,2024-01-01 01:24:27.000000,7,-40.031088082901555,-41.0,12.775263669715105,0.11458333333333333,955.2907536699042,8680.0,0.0,-7.33678756476684,-6.0,9.34553949092888,0.08333333333333333,44.97409326424871,47.0,14.343056985132458,0.21354166666666666
2024-01-01 01:24:24.000000,2024-01-01 01:24:30.000000,7,-38.36787564766839,-38.0,10.392525566536875,0.07291666666666667,440.37980678993887,8924.0,0.0,-14.093264248704664,-18.0,11.520887110375543,0.036458333333333336,46.23834196891192,47.0,8.573528867194353,0.15625
2024-01-01 01:24:27.000000,2024-01-01 01:24:33.000000,7,-29.072538860103627,-28.0,14.646349171088705,0.20833333333333334,724.7231589385784,9530.0,0.0,-24.33678756476684,-23.0,10.67539734045114,0.078125,49.37823834196891,52.0,12.202157553634954,0.16666666666666666
2024-01-01 01:24:30.000000,2024-01-01 01:24:36.000000,7,-19.512953367875646,-19.0,20.737724483487153,0.19791666666666666,875.8039168324045,8540.0,0.0,-35.09844559585492,-38.0,15.69320605616467,0.08854166666666667,44.248704663212436,44.0,15.448850782529544,0.15625
2024-01-01 01:24:33.000000,2024-01-01 01:24:39.000000,7,-24.89637305699482,-28.0,25.33401117457394,0.057291666666666664,919.378807819469,7723.000000000001,0.0,-30.27461139896373,-36.0,20.24079595301885,0.041666666666666664,40.015544041450774,42.0,13.862598317932761,0.16145833333333334
2024-01-01 01:24:36.000000,2024-01-01 01:24:42.000000,7,-26.984455958549223,-33.0,25.81554697188664,0.078125,714.9047695675531,8451.0,0.0,-22.020725388601036,-10.0,20.146587425361588,0.041666666666666664,43.78756476683938,48.0,13.476115089035073,0.109375
2024-01-01 01:24:39.000000,2024-01-01 01:24:45.000000,7,-23.430051813471504,-22.0,22.798860728513052,0.10416666666666667,793.3177221880761,9378.0,0.0,-22.21761658031088,-21.0,17.267331285013046,0.10416666666666667,48.590673575129536,51.0,12.3044417819244,0.16666666666666666
2024-01-01 01:24:42.000000,2024-01-01 01:24:48.000000,7,-31.575129533678755,-26.0,21.504984962523032,0.09895833333333333,1117.254593105984,8565.0,0.0,-21.71502590673575,-22.0,10.061096285339229,0.20833333333333334,44.37823834196891,49.0,18.754636732385162,0.13541666666666666
2024-01-01 01:24:45.000000,2024-01-01 01:24:51.000000,7,-30.212435233160623,-32.0,23.75463662585164,0.15104166666666666,1012.9478445594082,7921.0,0.0,-27.248704663212436,-27.0,13.05119370661283,0.09375,41.04145077720207,42.0,20.083895444301053,0.1875
2024-01-01 01:24:48.000000,2024-01-01 01:24:54.000000,7,-36.21761658031088,-44.0,19.59204506187116,0.057291666666666664,451.27365829772697,8563.0,0.0,-14.264248704663212,-4.0,18.04039496808455,0.015625,44.36787564766839,45.0,12.595237366472661,0.3020833333333333
2024-01-01 01:24:51.000000,2024-01-01 01:24:57.000000,7,-43.0,-43.0,3.5779999068380834,0.2552083333333333,244.76673165995064,9107.0,0.0,-0.13471502590673576,0.0,2.409289108203597,0.24479166666666666,47.18652849740933,47.0,3.1302330967627796,0.24479166666666666
2024-01-01 01:24:54.000000,2024-01-01 01:25:00.000000,7,-41.55440414507772,-42.0,2.063672339136245,0.21875,95.12808260156716,9335.000000000002,0.0,0.18652849740932642,0.0,1.3214673309377525,0.20833333333333334,48.36787564766839,48.0,1.5324286773362796,0.21875
2024-01-01 01:24:57.000000,2024-01-01 01:25:03.000000,7,-39.056994818652846,-42.0,8.017680026365568,0.078125,222.81219366021702,9391.0,0.0,-7.507772020725389,-2.0,9.618298083917345,0.005208333333333333,48.6580310880829,48.0,5.342162313757278,0.203125
2024-01-01 01:25:00.000000,2024-01-01 01:25:06.000000,7,-38.689119170984455,-40.0,9.163829243694979,0.17708333333333334,1118.1631183190102,8228.0,0.0,-22.78238341968912,-21.0,11.679946334339771,0.015625,42.63212435233161,47.0,11.412000452058754,0.06770833333333333
2024-01-01 01:25:03.000000,2024-01-01 01:25:09.000000,7,-41.917098445595855,-41.0,11.978860193571547,0.13541666666666666,985.1509737712921,7376.0,0.0,-24.243523316062177,-24.0,12.475716914133193,0.03125,38.21761658031088,39.0,12.24720633612922,0.09375
2024-01-01 01:25:06.000000,2024-01-01 01:25:12.000000,7,-45.523316062176164,-42.0,14.46514220277352,0.06770833333333333,1523.7327954507343,6658.0,0.0,-12.797927461139896,-11.0,11.173610831577415,0.13020833333333334,34.49740932642487,44.0,22.548356451637904,0.09375
2024-01-01 01:25:09.000000,2024-01-01 01:25:15.000000,7,-38.86010362694301,-39.0,17.852290760736338,0.06770833333333333,1978.5531100317075,7680.0,0.0,-9.632124352331607,-8.0,6.672737143365977,0.08333333333333333,39.79274611398964,51.0,25.440055138313166,0.03125
2024-01-01 01:25:12.000000,2024-01-01 01:25:18.000000,7,-30.673575129533678,-33.0,19.77272364073072,0.11979166666666667,1259.9528545242833,8677.0,0.0,-17.746113989637305,-16.0,14.298266136415704,0.057291666666666664,44.95854922279793,52.0,20.12638043839354,0.07291666666666667
2024-01-01 01:25:15.000000,2024-01-01 01:25:21.000000,7,-29.243523316062177,-21.0,23.11019282744281,0.07291666666666667,1548.4953528661174,8023.0,0.0,-24.10362694300518,-28.0,13.495355578621732,0.0625,41.5699481865285,53.0,20.799552491615476,0.052083333333333336
2024-01-01 01:25:18.000000,2024-01-01 01:25:24.000000,7,-25.067357512953368,-23.0,16.971502516524396,0.21354166666666666,1070.0610647813608,9890.0,0.0,-17.367875647668395,-12.0,9.510104502639416,0.015625,51.24352331606217,56.0,15.623092284230703,0.0625
2024-01-01 01:25:21.000000,2024-01-01 01:25:27.000000,7,-33.398963730569946,-28.0,13.14904143225731,0.0625,1068.4959800955749,9796.0,0.0,-12.05699481865285,-11.0,5.833797477216821,0.09895833333333333,50.75647668393783,55.0,10.50038550982402,0.09895833333333333
2024-01-01 01:25:24.000000,2024-01-01 01:25:30.000000,7,-32.26943005181347,-32.0,15.242824411100251,0.11458333333333333,1140.2120966183993,9794.0,0.0,-6.538860103626943,-10.0,13.102551943948505,0.06770833333333333,50.74611398963731,52.0,11.160887711457894,0.16666666666666666
2024-01-01 01:25:27.000000,2024-01-01 01:25:33.000000,7,-28.699481865284973,-29.0,11.591701851474246,0.1875,540.4013792563338,10656.000000000002,0.0,-2.0207253886010363,-4.0,10.144763914834941,0.15104166666666666,55.21243523316062,56.0,9.288851448174428,0.22395833333333334
2024-01-01 01:25:30.000000,2024-01-01 01:25:36.000000,7,-33.917098445595855,-32.0,8.723971278636023,0.22916666666666666,516.2797324661958,10258.0,0.0,-4.66321243523316,-5.0,3.1516437578684613,0.19270833333333334,53.15025906735751,54.0,9.313588439481025,0.328125
2024-01-01 01:25:33.000000,2024-01-01 01:25:39.000000,7,-32.55440414507772,-32.0,5.678761031831616,0.24479166666666666,252.02956161992182,10479.0,0.0,-4.212435233160622,-4.0,2.2340757730178913,0.16145833333333334,54.295336787564764,55.0,5.565034910749293,0.359375
2024-01-01 01:25:36.000000,2024-01-01 01:25:42.000000,7,-30.927461139896373,-31.0,2.8256493132465637,0.20833333333333334,106.96384816671436,10727.0,0.0,-3.865284974093264,-4.0,1.5885288813579892,0.2916666666666667,55.58031088082902,55.0,2.7319532669593243,0.2864583333333333
2024-01-01 01:25:39.000000,2024-01-01 01:25:45.000000,7,-28.917098445595855,-29.0,2.588711044219943,0.3072916666666667,81.29862908138756,10919.0,0.0,-4.404145077720207,-5.0,1.4973530185551343,0.2552083333333333,56.575129533678755,56.0,2.6012423131410327,0.4270833333333333
2024-01-01 01:25:42.000000,2024-01-01 01:25:48.000000,7,-27.958549222797927,-28.0,4.0848222585913385,0.22395833333333334,166.5061051117322,10989.999999999998,0.0,-5.580310880829016,-5.0,1.9324600865692076,0.19270833333333334,56.943005181347154,57.0,3.750259058409345,0.4427083333333333
2024-01-01 01:25:45.000000,2024-01-01 01:25:51.000000,7,-30.430051813471504,-28.0,11.448095206254536,0.19791666666666666,566.7132412335455,10417.0,0.0,-6.512953367875648,-6.0,2.696658442039417,0.19270833333333334,53.97409326424871,57.0,11.147418999276159,0.21875
2024-01-01 01:25:48.000000,2024-01-01 01:25:54.000000,7,-27.632124352331605,-25.0,13.072888777330574,0.203125,630.9136118709906,10531.000000000002,0.0,-9.124352331606218,-10.0,3.455834094959216,0.10416666666666667,54.56476683937824,58.0,11.333817486864744,0.19270833333333334
2024-01-01 01:25:51.000000,2024-01-01 01:25:57.000000,7,-29.010362694300518,-24.0,15.623496473429617,0.109375,1229.3069620977258,9873.0,0.0,-9.347150259067357,-10.0,3.3786561466821303,0.13020833333333334,51.15544041450777,57.0,17.609972433308915,0.06770833333333333
2024-01-01 01:25:54.000000,2024-01-01 01:26:00.000000,7,-40.22279792746114,-37.0,15.372699639756286,0.109375,1288.2539851913625,8407.0,0.0,-4.4974093264248705,-5.0,4.48971550733313,0.125,43.55958549222798,51.0,18.573273356105588,0.057291666666666664
2024-01-01 01:25:57.000000,2024-01-01 01:26:03.000000,7,-42.8860103626943,-39.0,15.572326587702262,0.09895833333333333,1471.5429585529157,7799.0,0.0,-4.243523316062176,-3.0,5.160726291416964,0.11979166666666667,40.409326424870464,50.0,20.80122482527011,0.078125
2024-01-01 01:26:00.000000,2024-01-01 01:26:06.000000,7,-45.50259067357513,-45.0,16.760296695965373,0.109375,2306.993891853044,6494.0,0.0,-4.3782383419689115,-3.0,6.109840338644753,0.09895833333333333,33.64766839378238,45.0,25.571187546849117,0.036458333333333336
2024-01-01 01:26:03.000000,2024-01-01 01:26:09.000000,7,-46.66321243523316,-46.0,11.663044558626677,0.19791666666666666,1529.6956030254448,7131.0,0.0,-1.5544041450777202,0.0,5.1728854156375865,0.11979166666666667,36.94818652849741,45.0,20.432495802398325,0.041666666666666664
2024-01-01 01:26:06.000000,2024-01-01 01:26:12.000000,7,-40.056994818652846,-39.0,10.19966631832539,0.13020833333333334,613.2573784847125,9138.0,0.0,-3.626943005181347,-1.0,8.543741586308057,0.11979166666666667,47.347150259067355,51.0,10.023862397175693,0.057291666666666664
2024-01-01 01:26:09.000000,2024-01-01 01:26:15.000000,7,-32.64248704663213,-33.0,8.191818710297696,0.16145833333333334,292.16839465507684,10014.0,0.0,-12.569948186528498,-16.0,10.374072674290863,0.005208333333333333,51.8860103626943,52.0,5.598312723853386,0.25
2024-01-01 01:26:12.000000,2024-01-01 01:26:18.000000,7,-35.295336787564764,-35.0,8.71904220033323,0.140625,570.2485959457327,9459.0,0.0,-17.414507772020727,-17.0,4.071521635497561,0.109375,49.01036269430052,51.0,6.491973920819546,0.078125
2024-01-01 01:26:15.000000,2024-01-01 01:26:21.000000,7,-41.84455958549223,-43.0,8.858063883748327,0.11458333333333333,991.3188282453074,8440.0,0.0,-16.05699481865285,-16.0,6.058040910380848,0.11458333333333333,43.73056994818653,43.0,8.643395129286127,0.09375
2024-01-01 01:26:18.000000,2024-01-01 01:26:24.000000,7,-31.735751295336787,-22.0,13.174613236745259,0.015625,1272.5823635193055,9834.0,0.0,-11.290155440414507,-7.0,7.4602248399905875,0.015625,50.95336787564767,59.0,11.364826107446811,0.015625
2024-01-01 01:26:21.000000,2024-01-01 01:26:27.000000,7,-21.33678756476684,-21.0,2.5465548707704206,0.3125,60.545646107214594,11483.000000000002,0.0,-6.730569948186528,-6.0,2.789479526297667,0.171875,59.49740932642487,60.0,1.9151924194331567,0.3802083333333333
2024-01-01 01:26:24.000000,2024-01-01 01:26:30.000000,7,-26.487046632124354,-22.0,8.152267583502304,0.057291666666666664,390.94781868504975,10945.0,0.0,-7.751295336787565,-6.0,4.504663195052831,0.041666666666666664,56.70984455958549,58.0,4.641160558511104,0.13020833333333334
2024-01-01 01:26:27.000000,2024-01-01 01:26:33.000000,7,-31.40414507772021,-32.0,6.198318271556361,0.14583333333333334,195.4973200102411,10556.0,0.0,-6.487046632124352,-5.0,4.036434080516581,0.057291666666666664,54.69430051813472,55.0,3.4798255842381796,0.17708333333333334
2024-01-01 01:26:30.000000,2024-01-01 01:26:36.000000,7,-31.27979274611399,-31.0,1.806947229488299,0.11458333333333333,87.59692016161733,10682.0,0.0,-4.756476683937824,-5.0,0.5662118463281045,0.2604166666666667,55.347150259067355,56.0,0.9940996047578015,0.14583333333333334
2024-01-01 01:26:33.000000,2024-01-01 01:26:39.000000,7,-31.010362694300518,-30.0,1.6039977312746938,0.10416666666666667,80.79313806996097,10711.000000000002,0.0,-4.782383419689119,-5.0,0.4381548885843085,0.22916666666666666,55.49740932642487,56.0,0.8846159261439779,0.07291666666666667
2024-01-01 01:26:36.000000,2024-01-01 01:26:42.000000,7,-36.37823834196891,-31.0,11.19556008560524,0.03125,844.4206279050518,9793.0,0.0,-5.678756476683938,-5.0,4.703767827915106,0.16145833333333334,50.740932642487046,55.0,9.14838516947013,0.0625
2024-01-01 01:26:39.000000,2024-01-01 01:26:45.000000,7,-39.766839378238345,-36.0,12.392560724588279,0.10416666666666667,688.0275362061391,9136.0,0.0,-6.507772020725389,-5.0,6.446186833916213,0.17708333333333334,47.33678756476684,50.0,10.684663075791297,0.15625
2024-01-01 01:26:42.000000,2024-01-01 01:26:48.000000,7,-33.02590673575129,-33.0,11.490682472279723,0.171875,769.9401231722728,9766.0,0.0,-11.808290155440414,-9.0,10.702391364334018,0.06770833333333333,50.601036269430054,54.0,9.089909639478604,0.08854166666666667
2024-01-01 01:26:45.000000,2024-01-01 01:26:51.000000,7,-24.46113989637306,-27.0,16.127738551241517,0.0625,718.3416098691522,10155.0,0.0,-18.150259067357513,-19.0,10.122335680070806,0.125,52.61658031088083,55.0,10.171863496666603,0.109375
2024-01-01 01:26:48.000000,2024-01-01 01:26:54.000000,7,-31.435233160621763,-33.0,20.67575074394063,0.046875,1495.566500960265,8619.0,0.0,-20.689119170984455,-20.0,8.406144562616044,0.15104166666666666,44.6580310880829,48.0,16.897273888210343,0.109375
2024-01-01 01:26:51.000000,2024-01-01 01:26:57.000000,7,-14.50259067357513,-16.0,31.42701935177415,0.057291666666666664,1634.5973665654815,8943.0,0.0,-21.95336787564767,-21.0,6.456013149447393,0.10416666666666667,46.33678756476684,52.0,15.90157041646656,0.046875
2024-01-01 01:26:54.000000,2024-01-01 01:27:00.000000,7,16.238341968911918,21.0,14.641734775518055,0.08854166666666667,340.9304243130009,10864.000000000002,0.0,-18.321243523316063,-18.0,5.462982864601464,0.109375,56.29015544041451,56.0,5.257807337336143,0.3020833333333333
2024-01-01 01:26:57.000000,2024-01-01 01:27:03.000000,7,25.300518134715027,29.0,12.385847507544169,0.11458333333333333,398.1135652199196,10436.0,0.0,-15.419689119170984,-16.0,3.4708647317611048,0.15625,54.07253886010363,53.0,5.386607841810165,0.22395833333333334
2024-01-01 01:27:00.000000,2024-01-01 01:27:06.000000,7,-1.4093264248704662,8.0,37.58675126820753,0.036458333333333336,1232.2050125300602,8998.0,0.0,-16.40414507772021,-16.0,3.2886141045800494,0.13020833333333334,46.62176165803109,51.0,13.963380045571483,0.09375
2024-01-01 01:27:03.000000,2024-01-01 01:27:09.000000,7,-21.66839378238342,-25.0,31.122136515040154,0.020833333333333332,1482.1477816126558,8893.0,0.0,-18.16062176165803,-18.0,5.504742616877343,0.11979166666666667,46.07772020725388,50.0,14.804249494952742,0.10416666666666667
2024-01-01 01:27:06.000000,2024-01-01 01:27:12.000000,7,-21.803108808290155,-30.0,32.94016973167627,0.036458333333333336,1225.917819383424,8363.0,0.0,-20.66321243523316,-20.0,5.772198458401939,0.10416666666666667,43.33160621761658,47.0,14.90434381628818,0.09375
2024-01-01 01:27:09.000000,2024-01-01 01:27:15.000000,7,-26.5440414507772,-20.0,22.569784794386916,0.041666666666666664,1788.8371886316454,9190.0,0.0,-17.88082901554404,-16.0,5.362999718051487,0.06770833333333333,47.61658031088083,57.0,16.345811604041543,0.041666666666666664
2024-01-01 01:27:12.000000,2024-01-01 01:27:18.000000,7,-19.813471502590673,-20.0,1.9622544619397395,0.19791666666666666,67.1045928232335,11387.000000000002,0.0,-13.958549222797927,-14.0,1.5937187803843846,0.14583333333333334,59.0,59.0,1.6708281379802852,0.3515625
2024-01-01 01:27:15.000000,2024-01-01 01:27:21.000000,7,-19.922279792746114,-20.0,2.423661783777106,0.203125,102.72241294187383,11314.0,0.0,-14.300518134715025,-14.0,3.74066194856893,0.17708333333333334,58.62176165803109,59.0,2.5692376879268886,0.359375
2024-01-01 01:27:18.000000,2024-01-01 01:27:24.000000,7,-11.129533678756477,-15.0,11.5667811124031,0.0625,117.65346253428703,11349.999999999998,0.0,-17.66321243523316,-19.0,5.024475930533565,0.005208333333333333,58.80829015544042,59.0,2.899269606074033,0.3385416666666667
2024-01-01 01:27:21.000000,2024-01-01 01:27:27.000000,7,-21.16580310880829,-15.0,24.78435056270789,0.026041666666666668,2543.5464279334496,8532.0,0.0,-21.248704663212436,-21.0,4.8348033914728,0.15625,44.20725388601036,58.0,24.309389244495936,0.005208333333333333
2024-01-01 01:27:24.000000,2024-01-01 01:27:30.000000,7,-35.37823834196891,-31.0,15.879984224290986,0.020833333333333332,2428.759122048583,8159.0,0.0,-14.626943005181348,-12.0,8.75569454471068,0.015625,42.27461139896373,55.0,23.293691652714593,0.010416666666666666
2024-01-01 01:27:27.000000,2024-01-01 01:27:33.000000,7,-33.18652849740933,-31.0,7.863842947740995,0.03125,382.40538219239914,10380.0,0.0,-6.575129533678757,-6.0,3.7341056365626066,0.14583333333333334,53.78238341968912,56.0,5.598018670898096,0.09375
2024-01-01 01:27:30.000000,2024-01-01 01:27:36.000000,7,-39.487046632124354,-41.0,9.950454767816185,0.07291666666666667,534.8013475928135,9405.0,0.0,-4.176165803108808,-4.0,5.924881487340723,0.041666666666666664,48.73056994818653,49.0,8.634351704729612,0.09895833333333333
2024-01-01 01:27:33.000000,2024-01-01 01:27:39.000000,7,-40.424870466321245,-41.0,12.122456911520674,0.21354166666666666,650.6158726287476,9148.0,0.0,-5.181347150259067,-2.0,7.215670464971873,0.13020833333333334,47.398963730569946,48.0,11.006219783402141,0.18229166666666666
2024-01-01 01:27:36.000000,2024-01-01 01:27:42.000000,7,-34.21243523316062,-35.0,11.17900984999352,0.16145833333333334,556.9206953952048,10092.0,0.0,-5.103626943005182,-4.0,6.031137719654307,0.15104166666666666,52.29015544041451,53.0,9.89048134975639,0.2708333333333333
2024-01-01 01:27:39.000000,2024-01-01 01:27:45.000000,7,-33.880829015544045,-36.0,5.783534038615183,0.09895833333333333,244.00714140630456,10347.0,0.0,-1.782383419689119,-2.0,2.8530503628672546,0.203125,53.61139896373057,53.0,4.131847172093922,0.24479166666666666
2024-01-01 01:27:42.000000,2024-01-01 01:27:48.000000,7,-44.53367875647668,-37.0,12.044628619586616,0.026041666666666668,2465.377169265642,7078.0,0.0,-9.139896373056995,-2.0,10.719730348250636,0.015625,36.67357512953368,51.0,21.772789214354503,0.015625
2024-01-01 01:27:45.000000,2024-01-01 01:27:51.000000,7,-52.248704663212436,-57.0,11.517211345092623,0.140625,1879.9113868141553,3825.0000000000005,0.0,-22.673575129533678,-23.0,10.27193669694499,0.11458333333333333,19.818652849740932,13.0,17.989674823605554,0.09375
2024-01-01 01:27:48.000000,2024-01-01 01:27:54.000000,7,-53.61658031088083,-56.0,8.980774298178227,0.21875,783.7942356906242,3863.0,0.0,-24.8860103626943,-23.0,5.995437600436295,0.08333333333333333,20.015544041450777,20.0,11.67862929133177,0.11458333333333333
2024-01-01 01:27:51.000000,2024-01-01 01:27:57.000000,7,-57.39378238341969,-58.0,5.971317091443316,0.21875,640.4833402057349,3348.0,0.0,-20.440414507772022,-21.0,3.641174237425123,0.125,17.34715025906736,15.0,8.074439135786019,0.09895833333333333
2024-01-01 01:27:54.000000,2024-01-01 01:28:00.000000,7,-60.32124352331606,-61.0,4.437108493031158,0.21354166666666666,294.2307284555012,2305.0,0.0,-16.963730569948186,-15.0,4.02385213574787,0.046875,11.94300518134715,11.0,3.9570434676891466,0.08333333333333333
2024-01-01 01:27:57.000000,2024-01-01 01:28:03.000000,7,-60.880829015544045,-61.0,1.493491203797456,0.21354166666666666,370.9557173559351,2567.0,0.0,-14.38341968911917,-14.0,0.9060759689371088,0.17708333333333334,13.300518134715025,14.0,3.4615220852689688,0.046875
2024-01-01 01:28:00.000000,2024-01-01 01:28:06.000000,7,-58.90155440414508,-59.0,2.308419297826297,0.08333333333333333,479.8308524371657,3687.0000000000005,0.0,-15.279792746113989,-15.0,1.1293692738967658,0.046875,19.10362694300518,17.0,4.736783950470716,0.041666666666666664
2024-01-01 01:28:03.000000,2024-01-01 01:28:09.000000,7,-59.0,-59.0,2.3979157616563596,0.14322916666666666,763.7152051707875,3279.9999999999995,0.0,-16.585492227979273,-16.0,0.9038095826323307,0.140625,16.99481865284974,16.0,6.468269836709326,0.005208333333333333
2024-01-01 01:28:06.000000,2024-01-01 01:28:12.000000,7,-60.64248704663213,-61.0,3.4021528158481367,0.2604166666666667,208.5991555500199,2041.0,0.0,-17.191709844559586,-17.0,1.9363662485967534,0.171875,10.575129533678757,11.0,3.0679463660580235,0.11979166666666667
2024-01-01 01:28:09.000000,2024-01-01 01:28:15.000000,7,-60.803108808290155,-61.0,3.4251810587141343,0.18229166666666666,255.2685717545021,1710.0,0.0,-17.580310880829014,-18.0,1.8916003769779333,0.15625,8.860103626943005,8.0,3.632336539915525,0.15625
2024-01-01 01:28:12.000000,2024-01-01 01:28:18.000000,7,-60.50259067357513,-61.0,2.4133404242779823,0.19791666666666666,235.9155156096149,1775.0,0.0,-18.129533678756477,-18.0,1.294543150656599,0.15625,9.196891191709845,8.0,4.858689667490001,0.09895833333333333
2024-01-01 01:28:15.000000,2024-01-01 01:28:21.000000,7,-60.461139896373055,-61.0,2.4790355874550722,0.3333333333333333,228.8651981384326,1995.0,0.0,-17.95336787564767,-18.0,1.4004841255214757,0.23958333333333334,10.336787564766839,10.0,4.188966663730407,0.2760416666666667
2024-01-01 01:28:18.000000,2024-01-01 01:28:24.000000,7,-60.6580310880829,-61.0,1.4314729662816428,0.328125,95.85832447409143,2007.0,0.0,-17.6580310880829,-18.0,0.9667117046264779,0.21354166666666666,10.398963730569948,10.0,1.9043259316319805,0.3020833333333333
2024-01-01 01:28:21.000000,2024-01-01 01:28:27.000000,7,-60.30051813471503,-60.0,1.9264739327256686,0.24479166666666666,111.11586059865384,2112.0,0.0,-18.17616580310881,-18.0,1.5034861619026683,0.16666666666666666,10.94300518134715,11.0,1.8962312636335659,0.18229166666666666
2024-01-01 01:28:24.000000,2024-01-01 01:28:30.000000,7,-60.3419689119171,-60.0,2.1978091029921516,0.3020833333333333,122.18814843969342,2432.0000000000005,0.0,-17.497409326424872,-17.0,1.834633115944679,0.0625,12.601036269430052,13.0,1.797393646520615,0.13020833333333334
2024-01-01 01:28:27.000000,2024-01-01 01:28:33.000000,7,-60.347150259067355,-60.0,2.4809072314067397,0.3333333333333333,122.73463773333224,2595.0,0.0,-16.362694300518136,-16.0,1.7479324079998342,0.3229166666666667,13.44559585492228,13.0,1.9943654437730485,0.23958333333333334
2024-01-01 01:28:30.000000,2024-01-01 01:28:36.000000,7,-60.41968911917098,-61.0,3.8977859509619557,0.3177083333333333,143.48699063631136,2403.0,0.0,-16.129533678756477,-16.0,2.408493713695741,0.140625,12.450777202072539,12.0,2.585800955276888,0.3333333333333333
2024-01-01 01:28:33.000000,2024-01-01 01:28:39.000000,7,-60.90155440414508,-61.0,3.337858543224513,0.2708333333333333,169.27191168544752,2005.0000000000005,0.0,-16.424870466321245,-17.0,1.962089423295645,0.125,10.38860103626943,10.0,2.537073981356069,0.15104166666666666
2024-01-01 01:28:36.000000,2024-01-01 01:28:42.000000,7,-61.134715025906736,-61.0,1.0520253515204836,0.2760416666666667,71.28381259309889,1648.0000000000002,0.0,-16.860103626943005,-17.0,0.5917083227448507,0.16145833333333334,8.538860103626943,8.0,1.5578406349395122,0.296875
2024-01-01 01:28:39.000000,2024-01-01 01:28:45.000000,7,-60.48186528497409,-61.0,1.5814460163377924,0.16145833333333334,351.06046596138236,1913.0,0.0,-17.88082901554404,-17.0,1.3154907737496213,0.08854166666666667,9.911917098445596,8.0,3.480228822902051,0.06770833333333333
2024-01-01 01:28:42.000000,2024-01-01 01:28:48.000000,7,-59.35233160621762,-59.0,1.4289445602021327,0.21354166666666666,220.7233639946188,2477.0,0.0,-19.626943005181346,-20.0,1.2892582985097816,0.078125,12.83419689119171,14.0,3.0827935624254805,0.026041666666666668
2024-01-01 01:28:45.000000,2024-01-01 01:28:51.000000,7,-57.49222797927461,-59.0,3.150924419556068,0.125,575.245419322927,3483.0,0.0,-20.134715025906736,-20.0,1.5385623181751407,0.2604166666666667,18.04663212435233,15.0,6.262728834342449,0.07291666666666667
2024-01-01 01:28:48.000000,2024-01-01 01:28:54.000000,7,-58.26424870466321,-60.0,4.62642056790746,0.11979166666666667,680.2165327891664,3322.0,0.0,-18.10362694300518,-18.0,2.6456799113719263,0.11979166666666667,17.212435233160623,15.0,7.131316701207347,0.0625
2024-01-01 01:28:51.000000,2024-01-01 01:28:57.000000,7,-60.48186528497409,-61.0,3.130983046253052,0.265625,241.76262887610966,2420.0,0.0,-16.616580310880828,-17.0,1.5370882629673497,0.17708333333333334,12.538860103626943,12.0,2.9011119897725535,0.11458333333333333
2024-01-01 01:28:54.000000,2024-01-01 01:29:00.000000,7,-60.2279792746114,-60.0,1.0654833408215323,0.2552083333333333,263.46844936979585,2556.0,0.0,-17.041450777202073,-17.0,0.7204902619859496,0.2552083333333333,13.243523316062177,13.0,2.344713028977242,0.09375
2024-01-01 01:28:57.000000,2024-01-01 01:29:03.000000,7,-58.803108808290155,-60.0,2.175285104296469,0.07291666666666667,657.9760208623933,3370.0,0.0,-17.29015544041451,-17.0,0.9235103301420619,0.3541666666666667,17.46113989637306,15.0,5.823783201425176,0.015625
2024-01-01 01:29:00.000000,2024-01-01 01:29:06.000000,7,-56.78238341968912,-57.0,4.023925907169556,0.19791666666666666,540.2125166084472,4464.0,0.0,-17.17098445595855,-17.0,1.6159322531072038,0.24479166666666666,23.129533678756477,24.0,5.999028418745151,0.13541666666666666
2024-01-01 01:29:03.000000,2024-01-01 01:29:09.000000,7,-57.98963730569948,-59.0,4.896841708890984,0.140625,768.4566913674379,3948.0,0.0,-15.922279792746114,-16.0,2.3781056415015764,0.08854166666666667,20.4559585492228,21.0,6.5390954266070205,0.13020833333333334
2024-01-01 01:29:06.000000,2024-01-01 01:29:12.000000,7,-60.51813471502591,-61.0,3.3355616472478316,0.3125,235.9765816221974,2971.0000000000005,0.0,-13.569948186528498,-14.0,2.8516312030370803,0.16145833333333334,15.393782383419689,15.0,3.4233211661430545,0.22395833333333334
2024-01-01 01:29:09.000000,2024-01-01 01:29:15.000000,7,-61.145077720207254,-62.0,3.2096354152981967,0.3385416666666667,246.734060011585,2498.0,0.0,-13.549222797927461,-13.0,3.0701709909456545,0.15104166666666666,12.94300518134715,13.0,3.5225265087975335,0.171875
2024-01-01 01:29:12.000000,2024-01-01 01:29:18.000000,7,-61.69430051813472,-62.0,2.728098134241471,0.3177083333333333,156.6517316338302,1999.0,0.0,-13.642487046632125,-13.0,2.329980782978709,0.171875,10.357512953367875,10.0,2.3411308768164627,0.22395833333333334
2024-01-01 01:29:15.000000,2024-01-01 01:29:21.000000,7,-61.75647668393783,-62.0,1.1626890620119728,0.3541666666666667,189.4207088359394,2187.0,0.0,-12.569948186528498,-13.0,0.7045451379919162,0.2552083333333333,11.33160621761658,12.0,2.026873107554544,0.109375
2024-01-01 01:29:18.000000,2024-01-01 01:29:24.000000,7,-61.58549222797927,-62.0,1.0278400142976336,0.3645833333333333,117.96801913938131,2310.0,0.0,-12.704663212435234,-13.0,0.7436039881494113,0.28125,11.968911917098445,12.0,1.676761311996828,0.1875
2024-01-01 01:29:21.000000,2024-01-01 01:29:27.000000,7,-61.86010362694301,-62.0,0.8874788669064325,0.28125,150.57409352688558,1938.0,0.0,-13.217616580310882,-13.0,0.831853175981394,0.2916666666666667,10.041450777202073,9.0,1.707319405076242,0.19270833333333334
2024-01-01 01:29:24.000000,2024-01-01 01:29:30.000000,7,-61.84974093264249,-62.0,1.62121753219647,0.25,74.99807649141218,1825.0,0.0,-13.735751295336788,-14.0,0.8213407359254142,0.375,9.455958549222798,9.0,1.3499144410935409,0.1875
2024-01-01 01:29:27.000000,2024-01-01 01:29:33.000000,7,-61.7979274611399,-62.0,1.95937805154528,0.28125,58.723153512827,1877.0,0.0,-13.797927461139896,-14.0,0.8633726593293174,0.2916666666666667,9.72538860103627,10.0,1.4477813411369795,0.2864583333333333
2024-01-01 01:29:30.000000,2024-01-01 01:29:36.000000,7,-61.90155440414508,-62.0,1.3211609747655735,0.21875,84.31080004180086,1709.0,0.0,-13.72538860103627,-14.0,0.6057261304234117,0.2604166666666667,8.854922279792746,9.0,1.2330894124662835,0.234375
2024-01-01 01:29:33.000000,2024-01-01 01:29:39.000000,7,-62.0,-62.0,1.0257111354242643,0.20052083333333334,58.534201027716186,1587.0,0.0,-13.7720207253886,-14.0,0.499838056675914,0.19791666666666666,8.22279792746114,8.0,0.864278628392303,0.23958333333333334
2024-01-01 01:29:36.000000,2024-01-01 01:29:42.000000,7,-61.979274611398964,-62.0,1.0255006359842733,0.19270833333333334,43.89814487537464,1638.0,0.0,-13.782383419689118,-14.0,0.5812168611832083,0.1875,8.487046632124352,8.0,0.8484594390359036,0.28125
2024-01-01 01:29:39.000000,2024-01-01 01:29:45.000000,7,-61.854922279792746,-62.0,1.2117863532005597,0.23958333333333334,67.70010327136177,1792.0,0.0,-14.082901554404145,-14.0,0.8740279574855258,0.203125,9.284974093264248,9.0,1.5467143011990543,0.18229166666666666
2024-01-01 01:29:42.000000,2024-01-01 01:29:48.000000,7,-61.3160621761658,-62.0,4.610743910995345,0.2604166666666667,418.30857389342344,1472.0,0.0,-16.10362694300518,-15.0,3.2274275917677286,0.10416666666666667,7.626943005181347,8.0,4.484429019055045,0.08854166666666667
2024-01-01 01:29:45.000000,2024-01-01 01:29:51.000000,7,-61.4559585492228,-62.0,4.625493018580783,0.2916666666666667,294.07312880252607,846.0000000000001,0.0,-16.60103626943005,-16.0,3.0175526375777846,0.125,4.383419689119171,3.0,4.225189186472635,0.13020833333333334
2024-01-01 01:29:48.000000,2024-01-01 01:29:54.000000,7,-62.005181347150256,-62.0,2.56478030517565,0.3125,199.07379718398977,897.0000000000001,0.0,-15.082901554404145,-15.0,2.52763226567203,0.22395833333333334,4.647668393782383,5.0,2.7651490416970144,0.16145833333333334
2024-01-01 01:29:51.000000,2024-01-01 01:29:57.000000,7,-62.07772020725388,-62.0,2.5019098922239924,0.2760416666666667,107.88937586417076,1292.0,0.0,-14.284974093264248,-14.0,2.472058884722148,0.19791666666666666,6.694300518134715,7.0,2.0678135223914986,0.265625
2024-01-01 01:29:54.000000,2024-01-01 01:30:00.000000,7,-60.46632124352332,-62.0,3.5399734345187466,0.078125,829.242105528091,2360.0,0.0,-14.259067357512953,-14.0,1.0384449314468582,0.15104166666666666,12.2279792746114,8.0,9.349122316180356,0.005208333333333333
2024-01-01 01:29:57.000000,2024-01-01 01:30:03.000000,7,-59.02590673575129,-60.0,3.4360758158238878,0.07291666666666667,1061.1438217506216,3423.0,0.0,-14.7720207253886,-14.0,1.3267459250241618,0.08333333333333333,17.735751295336787,17.0,8.91263245462064,0.041666666666666664
2024-01-01 01:30:00.000000,2024-01-01 01:30:06.000000,7,-60.5699481865285,-61.0,2.279100813508417,0.10416666666666667,683.8463560689265,2724.9999999999995,0.0,-14.067357512953368,-13.0,1.3695428684030948,0.015625,14.119170984455959,10.0,6.0622891146128675,0.005208333333333333
2024-01-01 01:30:03.000000,2024-01-01 01:30:09.000000,7,-61.94818652849741,-62.0,0.9560167615472246,0.22916666666666666,16.962837381745654,1893.0,0.0,-13.119170984455959,-13.0,0.4224128815354089,0.16666666666666666,9.808290155440414,10.0,0.5678300056982974,0.296875
2024-01-01 01:30:06.000000,2024-01-01 01:30:12.000000,7,-61.96373056994819,-62.0,0.8439308879855192,0.2552083333333333,125.9639767211469,1812.0,0.0,-12.979274611398964,-13.0,0.44439271791679813,0.13020833333333334,9.38860103626943,10.0,1.37661821875466,0.08854166666666667
2024-01-01 01:30:09.000000,2024-01-01 01:30:15.000000,7,-62.056994818652846,-62.0,0.7010893940965602,0.2708333333333333,165.8496206699903,1821.0,0.0,-12.55440414507772,-13.0,0.5848733680459344,0.22916666666666666,9.435233160621761,10.0,1.5469062109776786,0.0625
2024-01-01 01:30:12.000000,2024-01-01 01:30:18.000000,7,-62.10362694300518,-62.0,1.0751149675439182,0.203125,41.86929710366177,1977.0,0.0,-12.601036269430052,-13.0,0.7369694162939717,0.21354166666666666,10.243523316062177,10.0,0.9397317994631649,0.3489583333333333
2024-01-01 01:30:15.000000,2024-01-01 01:30:21.000000,7,-61.134715025906736,-62.0,3.2165728149033304,0.2760416666666667,305.88595901512184,2437.0,0.0,-13.595854922279793,-13.0,2.2389505120724524,0.08333333333333333,12.626943005181348,11.0,3.1976064423684694,0.046875
2024-01-01 01:30:18.000000,2024-01-01 01:30:24.000000,7,-61.07772020725388,-62.0,3.125695086772693,0.22395833333333334,212.09832874218014,2605.0,0.0,-12.575129533678757,-11.0,2.7244653735504274,0.078125,13.49740932642487,13.0,2.6636526306535573,0.078125
2024-01-01 01:30:21.000000,2024-01-01 01:30:27.000000,7,-61.93782383419689,-62.0,0.8204860285042275,0.1875,39.73655871526731,2366.0,0.0,-10.968911917098445,-11.0,0.47769777482838915,0.17708333333333334,12.259067357512953,12.0,0.6168072705318918,0.2604166666666667
2024-01-01 01:30:24.000000,2024-01-01 01:30:30.000000,7,-61.81347150259067,-62.0,1.297603909802892,0.234375,40.40848388434593,2436.0,0.0,-11.129533678756477,-11.0,0.5852423733621684,0.18229166666666666,12.621761658031089,13.0,0.7048514952791367,0.3072916666666667
2024-01-01 01:30:27.000000,2024-01-01 01:30:33.000000,7,-61.73575129533679,-62.0,1.356933038567919,0.3177083333333333,23.6263753757443,2498.0,0.0,-11.176165803108809,-11.0,0.645539029829192,0.2604166666666667,12.94300518134715,13.0,0.6470005192022746,0.25
2024-01-01 01:30:30.000000,2024-01-01 01:30:36.000000,7,-61.70984455958549,-62.0,0.828374711837845,0.3489583333333333,22.37173157790978,2508.9999999999995,0.0,-11.176165803108809,-11.0,0.500053969453446,0.23958333333333334,13.0,13.0,0.60380736442456,0.1953125
2024-01-01 01:30:33.000000,2024-01-01 01:30:39.000000,7,-61.67875647668394,-62.0,0.7640452291995032,0.3802083333333333,32.79803302326377,2490.0,0.0,-11.347150259067357,-11.0,0.8652460290843794,0.15104166666666666,12.901554404145077,13.0,0.8137155448375,0.16145833333333334
2024-01-01 01:30:36.000000,2024-01-01 01:30:42.000000,7,-61.81347150259067,-62.0,0.8077907567778606,0.2708333333333333,101.78778731214476,2316.0,0.0,-11.544041450777202,-11.0,1.004872627885191,0.203125,12.0,12.0,1.3189326492787012,0.10416666666666667
2024-01-01 01:30:39.000000,2024-01-01 01:30:45.000000,7,-61.766839378238345,-62.0,3.2036013036281434,0.234375,141.1228557876653,2157.0,0.0,-12.129533678756477,-12.0,2.543129693031517,0.046875,11.176165803108809,11.0,2.046351380473586,0.20833333333333334
2024-01-01 01:30:42.000000,2024-01-01 01:30:48.000000,7,-61.854922279792746,-62.0,3.185201641833124,0.21354166666666666,124.93646369312555,2153.0,0.0,-11.67357512953368,-11.0,2.6204675484942666,0.171875,11.155440414507773,11.0,1.9436552597018097,0.2708333333333333
2024-01-01 01:30:45.000000,2024-01-01 01:30:51.000000,7,-62.04663212435233,-62.0,0.47092722633578726,0.1875,52.32956776523918,2222.0,0.0,-10.746113989637307,-11.0,0.4596170591974954,0.3072916666666667,11.512953367875648,12.0,0.685480429836708,0.24479166666666666
2024-01-01 01:30:48.000000,2024-01-01 01:30:54.000000,7,-61.994818652849744,-62.0,0.515362022094106,0.16666666666666666,17.251979825073438,2299.0,0.0,-10.823834196891191,-11.0,0.3953529718696297,0.21354166666666666,11.911917098445596,12.0,0.5077656871939428,0.203125
2024-01-01 01:30:51.000000,2024-01-01 01:30:57.000000,7,-62.015544041450774,-62.0,0.48387201236725,0.16666666666666666,21.875762105605972,2315.0,0.0,-10.844559585492227,-11.0,0.3773315543389232,0.21875,11.994818652849741,12.0,0.505154775440418,0.16666666666666666
2024-01-01 01:30:54.000000,2024-01-01 01:31:00.000000,7,-58.181347150259064,-62.0,8.890143432986184,0.08854166666666667,911.7029698832011,3519.0000000000005,0.0,-13.927461139896373,-11.0,4.72415361464719,0.057291666666666664,18.23316062176166,13.0,10.356788175520823,0.026041666666666668
2024-01-01 01:30:57.000000,2024-01-01 01:31:03.000000,7,-45.373056994818654,-44.0,13.121058911546596,0.052083333333333336,1704.5028871085622,6732.999999999999,0.0,-20.65284974093264,-22.0,5.403384805611468,0.015625,34.8860103626943,41.0,13.83411623562292,0.03125
2024-01-01 01:31:00.000000,2024-01-01 01:31:06.000000,7,-45.196891191709845,-49.0,10.695237972339564,0.015625,1190.9333077019446,7092.0,0.0,-21.300518134715027,-22.0,3.824652726737186,0.057291666666666664,36.74611398963731,34.0,9.640560902134899,0.015625
2024-01-01 01:31:03.000000,2024-01-01 01:31:09.000000,7,-55.119170984455955,-55.0,4.8230453010334005,0.16666666666666666,677.8742152273664,4961.0,0.0,-17.409326424870468,-17.0,2.600744296946583,0.18229166666666666,25.704663212435232,27.0,7.516012698977545,0.109375
2024-01-01 01:31:06.000000,2024-01-01 01:31:12.000000,7,-58.89119170984456,-61.0,6.111257979603241,0.11979166666666667,1019.072919165426,3274.0,0.0,-14.683937823834198,-14.0,3.2433587651456794,0.09895833333333333,16.963730569948186,12.0,9.881787254525173,0.036458333333333336
2024-01-01 01:31:09.000000,2024-01-01 01:31:15.000000,7,-61.72538860103627,-62.0,3.014241885628581,0.28125,374.34371412555475,2236.0,0.0,-11.756476683937823,-12.0,2.0811084838587752,0.2552083333333333,11.585492227979275,10.0,3.9016819144643287,0.15625
2024-01-01 01:31:12.000000,2024-01-01 01:31:18.000000,7,-58.870466321243526,-60.0,4.446300930988805,0.078125,760.5685339871128,3782.0,0.0,-12.088082901554404,-12.0,1.7640840852289892,0.078125,19.59585492227979,20.0,8.937420362097937,0.057291666666666664
2024-01-01 01:31:15.000000,2024-01-01 01:31:21.000000,7,-48.4300518134715,-49.0,9.319923131914846,0.08854166666666667,1250.6581208108873,6889.0,0.0,-15.797927461139896,-15.0,2.9057406999840905,0.057291666666666664,35.69430051813472,39.0,11.108124778589703,0.005208333333333333
2024-01-01 01:31:18.000000,2024-01-01 01:31:24.000000,7,-38.72020725388601,-36.0,6.606062237835441,0.046875,582.5212568934706,8867.0,0.0,-19.678756476683937,-20.0,2.336400032584856,0.15625,45.943005181347154,48.0,5.44784602742356,0.026041666666666668
2024-01-01 01:31:21.000000,2024-01-01 01:31:27.000000,7,-38.62176165803109,-37.0,7.3878379085988755,0.036458333333333336,549.7025915109556,8747.0,0.0,-20.694300518134714,-21.0,2.350713245673566,0.06770833333333333,45.32124352331606,47.0,6.4436996447896675,0.057291666666666664
2024-01-01 01:31:24.000000,2024-01-01 01:31:30.000000,7,-46.25388601036269,-50.0,7.9995311013274595,0.015625,977.0032614892644,7279.0,0.0,-19.82901554404145,-19.0,2.130333396434802,0.11458333333333333,37.715025906735754,35.0,8.080753376358768,0.036458333333333336
2024-01-01 01:31:27.000000,2024-01-01 01:31:33.000000,7,-53.943005181347154,-54.0,3.165876867238314,0.13020833333333334,505.25684786033924,5537.000000000001,0.0,-18.134715025906736,-19.0,1.8964020337405076,0.15625,28.689119170984455,29.0,4.8430293282475585,0.11979166666666667
2024-01-01 01:31:30.000000,2024-01-01 01:31:36.000000,7,-55.98963730569948,-57.0,3.8119735118790774,0.036458333333333336,584.8431315391489,4876.0,0.0,-16.34715025906736,-16.0,2.0662729791050416,0.07291666666666667,25.264248704663213,23.0,5.4978799493826545,0.057291666666666664
2024-01-01 01:31:33.000000,2024-01-01 01:31:39.000000,7,-58.93782383419689,-60.0,4.271547025333717,0.08854166666666667,798.377408738115,3573.000000000001,0.0,-14.38341968911917,-14.0,2.3624966302943116,0.11458333333333333,18.512953367875646,14.0,7.47782054387211,0.057291666666666664
2024-01-01 01:31:36.000000,2024-01-01 01:31:42.000000,7,-58.72538860103627,-61.0,4.7458565238613915,0.026041666666666668,1003.4351509619815,3595.0,0.0,-14.186528497409327,-13.0,2.232903768653967,0.020833333333333332,18.626943005181346,13.0,9.299736750410895,0.015625
2024-01-01 01:31:39.000000,2024-01-01 01:31:45.000000,7,-48.81347150259067,-48.0,8.965002839192845,0.020833333333333332,1374.31458305123,6563.0,0.0,-17.735751295336787,-18.0,3.2076757843996377,0.07291666666666667,34.005181347150256,38.0,11.997177363050183,0.026041666666666668
2024-01-01 01:31:42.000000,2024-01-01 01:31:48.000000,7,-47.119170984455955,-48.0,7.021640309962272,0.078125,849.7940967356325,7225.0,0.0,-18.77720207253886,-18.0,2.007044480696851,0.06770833333333333,37.43523316062176,38.0,7.09732946200386,0.06770833333333333
2024-01-01 01:31:45.000000,2024-01-01 01:31:51.000000,7,-54.601036269430054,-54.0,5.883539800767847,0.140625,586.2835090158975,5310.0,0.0,-16.253886010362695,-17.0,3.146227557107933,0.15625,27.512953367875646,29.0,7.4868696230816285,0.06770833333333333
2024-01-01 01:31:48.000000,2024-01-01 01:31:54.000000,7,-55.082901554404145,-59.0,9.691779585666035,0.13541666666666666,1098.6163878522336,4915.0,0.0,-14.145077720207254,-13.0,4.010362764032258,0.0625,25.466321243523318,23.0,10.491571788048018,0.09375
2024-01-01 01:31:51.000000,2024-01-01 01:31:57.000000,7,-42.932642487046635,-37.0,14.329842904525993,0.010416666666666666,1931.9435563690945,7530.0,0.0,-16.16580310880829,-18.0,4.158759768873238,0.036458333333333336,39.015544041450774,47.0,15.153889999744361,0.010416666666666666
2024-01-01 01:31:54.000000,2024-01-01 01:32:00.000000,7,-45.575129533678755,-53.0,14.597581246163422,0.005208333333333333,2173.50019822913,6654.000000000001,0.0,-17.22279792746114,-17.0,2.4167597206788436,0.08854166666666667,34.476683937823836,33.0,17.75735544161328,0.015625
2024-01-01 01:31:57.000000,2024-01-01 01:32:03.000000,7,-60.248704663212436,-61.0,2.6868334213711296,0.2864583333333333,633.8463706488615,2742.0,0.0,-15.036269430051814,-15.0,1.0122842208075904,0.18229166666666666,14.207253886010363,12.0,6.800624145896305,0.08854166666666667
2024-01-01 01:32:00.000000,2024-01-01 01:32:06.000000,7,-60.233160621761655,-61.0,3.1970915917347877,0.21875,554.7800577452483,1342.0,0.0,-19.088082901554404,-16.0,5.943090609530662,0.015625,6.953367875647668,8.0,4.800488425063743,0.109375
2024-01-01 01:32:03.000000,2024-01-01 01:32:09.000000,7,-58.4300518134715,-60.0,5.471186694992965,0.13020833333333334,1216.54751959099,2110.0,0.0,-18.89119170984456,-16.0,6.4978822775781575,0.052083333333333336,10.932642487046632,8.0,12.286112661662372,0.08854166666666667
2024-01-01 01:32:06.000000,2024-01-01 01:32:12.000000,7,-51.87564766839378,-50.0,8.739581757262906,0.010416666666666666,1990.8644833799049,5616.0,0.0,-15.580310880829016,-15.0,3.0199037489379954,0.07291666666666667,29.098445595854923,33.0,15.60066931217728,0.020833333333333332
2024-01-01 01:32:09.000000,2024-01-01 01:32:15.000000,7,-53.0880829015544,-56.0,8.633601565574564,0.015625,1807.0393262198102,5213.0,0.0,-15.740932642487047,-15.0,1.7839659588440433,0.13541666666666666,27.010362694300518,26.0,15.30760623748646,0.08854166666666667
2024-01-01 01:32:12.000000,2024-01-01 01:32:18.000000,7,-57.347150259067355,-61.0,7.017738288853913,0.07291666666666667,1590.0853478590984,3616.0,0.0,-15.538860103626943,-15.0,2.17461508713659,0.14583333333333334,18.735751295336787,14.0,13.112002158499303,0.03125
2024-01-01 01:32:15.000000,2024-01-01 01:32:21.000000,7,-50.30051813471503,-46.0,8.083731717476663,0.03125,1634.1578285093876,5885.0,0.0,-18.968911917098445,-19.0,3.7609655450087116,0.08333333333333333,30.492227979274613,37.0,13.696151820776326,0.03125
2024-01-01 01:32:18.000000,2024-01-01 01:32:24.000000,7,-53.90155440414508,-58.0,8.546785925397737,0.026041666666666668,1976.801650991957,4425.0,0.0,-18.440414507772022,-17.0,3.727407476243383,0.015625,22.927461139896373,22.0,15.561869876125126,0.005208333333333333
2024-01-01 01:32:21.000000,2024-01-01 01:32:27.000000,7,-61.50259067357513,-62.0,1.47240008267258,0.2708333333333333,489.2503868477324,1683.0,0.0,-15.020725388601036,-15.0,0.7836782212133635,0.203125,8.720207253886011,7.0,4.6000969145756905,0.07291666666666667
2024-01-01 01:32:24.000000,2024-01-01 01:32:30.000000,7,-60.98963730569948,-61.0,2.798789986512214,0.16666666666666666,602.4884334853773,2199.0,0.0,-14.797927461139896,-15.0,2.164003777463749,0.18229166666666666,11.393782383419689,12.0,5.023938807339951,0.0625
2024-01-01 01:32:27.000000,2024-01-01 01:32:33.000000,7,-60.9119170984456,-61.0,2.842664711104389,0.2552083333333333,249.04702866417836,2665.0,0.0,-13.533678756476684,-13.0,2.4388682997991316,0.15104166666666666,13.808290155440414,14.0,3.427756445359653,0.15625
2024-01-01 01:32:30.000000,2024-01-01 01:32:36.000000,7,-61.129533678756474,-61.0,1.2027781600300396,0.3072916666666667,87.47338820865004,2634.0,0.0,-13.098445595854923,-13.0,1.0234987320836602,0.16145833333333334,13.647668393782384,14.0,2.002656374950846,0.296875
2024-01-01 01:32:33.000000,2024-01-01 01:32:39.000000,7,-61.005181347150256,-61.0,0.8629974973796811,0.2760416666666667,33.6557614752464,2549.0000000000005,0.0,-14.316062176165802,-14.0,0.8282769742749031,0.078125,13.207253886010363,13.0,0.7349526790307701,0.3489583333333333
2024-01-01 01:32:36.000000,2024-01-01 01:32:42.000000,7,-61.25388601036269,-61.0,1.0271308782747,0.3072916666666667,250.90976257684252,2180.0,0.0,-14.601036269430052,-15.0,1.0415328065977296,0.109375,11.295336787564766,12.0,2.280083381046631,0.015625
2024-01-01 01:32:39.000000,2024-01-01 01:32:45.000000,7,-62.07772020725388,-62.0,1.0940992225608661,0.2604166666666667,157.98637302173637,1599.0,0.0,-13.093264248704664,-12.0,1.6045528380259937,0.036458333333333336,8.284974093264248,8.0,2.040381940438362,0.078125
2024-01-01 01:32:42.000000,2024-01-01 01:32:48.000000,7,-62.145077720207254,-63.0,3.5073864199908806,0.2760416666666667,199.55839623047137,1323.0000000000002,0.0,-13.067357512953368,-12.0,2.7520109620167674,0.06770833333333333,6.8549222797927465,7.0,4.5984246758141465,0.22916666666666666
2024-01-01 01:32:45.000000,2024-01-01 01:32:51.000000,7,-46.27979274611399,-48.0,18.08730148354979,0.052083333333333336,2855.676500893733,5361.0,0.0,-18.616580310880828,-18.0,5.634541418324893,0.041666666666666664,27.77720207253886,33.0,22.27052186667752,0.005208333333333333
2024-01-01 01:32:48.000000,2024-01-01 01:32:54.000000,7,-34.4559585492228,-34.0,11.09144650913214,0.15625,754.9417209656763,8874.0,0.0,-24.098445595854923,-24.0,3.928481426867578,0.11979166666666667,45.979274611398964,47.0,8.27078099220811,0.15625
2024-01-01 01:32:51.000000,2024-01-01 01:32:57.000000,7,-41.50259067357513,-39.0,9.8378120197932,0.07291666666666667,1019.0835893219042,7744.000000000001,0.0,-22.974093264248705,-22.0,3.743654677640971,0.14583333333333334,40.12435233160622,42.0,10.289308656329432,0.07291666666666667
2024-01-01 01:32:54.000000,2024-01-01 01:33:00.000000,7,-51.968911917098445,-57.0,10.355104787691722,0.041666666666666664,1593.278893277775,5430.0,0.0,-17.875647668393782,-18.0,3.490325575818954,0.03125,28.134715025906736,24.0,12.971623157501986,0.07291666666666667
2024-01-01 01:32:57.000000,2024-01-01 01:33:03.000000,7,-48.69430051813472,-50.0,11.510629989856545,0.041666666666666664,1886.8861753150381,6259.0,0.0,-17.60621761658031,-17.0,3.522304331905894,0.09375,32.4300518134715,37.0,14.754820133935942,0.005208333333333333
2024-01-01 01:33:00.000000,2024-01-01 01:33:06.000000,7,-44.704663212435236,-44.0,8.730981057391267,0.036458333333333336,1103.402144311247,7445.0,0.0,-19.528497409326423,-20.0,2.8759901050992296,0.11979166666666667,38.575129533678755,41.0,10.054321371347841,0.0625
2024-01-01 01:33:03.000000,2024-01-01 01:33:09.000000,7,-54.72538860103627,-56.0,6.330500570919409,0.026041666666666668,1203.337023539541,4733.0,0.0,-17.3419689119171,-16.0,2.6353269600807647,0.03125,24.523316062176164,26.0,12.111922732571937,0.036458333333333336
2024-01-01 01:33:06.000000,2024-01-01 01:33:12.000000,7,-56.66321243523316,-57.0,4.9828397234754185,0.078125,1515.1165298504152,4245.0,0.0,-15.238341968911918,-15.0,1.721548886888834,0.16666666666666666,21.99481865284974,26.0,12.01496350447295,0.010416666666666666
2024-01-01 01:33:09.000000,2024-01-01 01:33:15.000000,7,-56.968911917098445,-58.0,3.7899355971761217,0.07291666666666667,793.0225308245156,4618.0,0.0,-13.94818652849741,-14.0,1.485137944780185,0.15104166666666666,23.927461139896373,23.0,8.010079735856827,0.052083333333333336
2024-01-01 01:33:12.000000,2024-01-01 01:33:18.000000,7,-58.17616580310881,-58.0,1.5000179906808289,0.16666666666666666,294.13103048164714,4421.0,0.0,-13.362694300518134,-13.0,0.679350942397298,0.23958333333333334,22.906735751295336,23.0,2.8761965295653815,0.17708333333333334
2024-01-01 01:33:15.000000,2024-01-01 01:33:21.000000,7,-57.47150259067357,-58.0,2.2315134814654383,0.19270833333333334,325.19576877093647,4673.0,0.0,-13.476683937823834,-13.0,1.1137050536203084,0.171875,24.212435233160623,23.0,3.831265399262427,0.09375
2024-01-01 01:33:18.000000,2024-01-01 01:33:24.000000,7,-54.13989637305699,-57.0,7.073727358274811,0.08333333333333333,749.2042263541182,5476.0,0.0,-14.922279792746114,-15.0,2.068909481379413,0.078125,28.373056994818654,25.0,8.927118065774438,0.07291666666666667
2024-01-01 01:33:21.000000,2024-01-01 01:33:27.000000,7,-50.04145077720207,-54.0,10.490488845502709,0.041666666666666664,1377.5522975893994,6381.0,0.0,-15.854922279792746,-15.0,2.415162416719926,0.057291666666666664,33.06217616580311,30.0,11.65458911000171,0.03125
2024-01-01 01:33:24.000000,2024-01-01 01:33:30.000000,7,-41.81347150259067,-44.0,12.896075988715934,0.020833333333333332,1098.9864147656726,8075.000000000002,0.0,-16.00518134715026,-16.0,2.4738158137750657,0.078125,41.83937823834197,44.0,12.910755514094923,0.03125
2024-01-01 01:33:27.000000,2024-01-01 01:33:33.000000,7,-46.652849740932645,-52.0,14.012594954451282,0.03125,2076.142140931798,6745.0,0.0,-15.419689119170984,-16.0,2.4249196521774476,0.14583333333333334,34.94818652849741,34.0,16.36489539782312,0.03125
2024-01-01 01:33:30.000000,2024-01-01 01:33:36.000000,7,-60.015544041450774,-61.0,3.393432204178002,0.24479166666666666,440.9493889511173,3409.0,0.0,-12.217616580310882,-11.0,2.8199993569249244,0.057291666666666664,17.66321243523316,16.0,5.718714165775754,0.13020833333333334
2024-01-01 01:33:33.000000,2024-01-01 01:33:39.000000,7,-60.81347150259067,-61.0,2.127798370789807,0.18229166666666666,334.311114958862,3204.0,0.0,-10.906735751295336,-11.0,1.5783714634660433,0.21354166666666666,16.60103626943005,15.0,3.09593129562323,0.16145833333333334
2024-01-01 01:33:36.000000,2024-01-01 01:33:42.000000,7,-57.02590673575129,-59.0,5.7286153369515445,0.036458333333333336,716.9732577531936,4588.0,0.0,-13.321243523316062,-12.0,2.963390250866259,0.078125,23.7720207253886,21.0,8.567735294866527,0.046875
2024-01-01 01:33:39.000000,2024-01-01 01:33:45.000000,7,-47.51813471502591,-47.0,9.2043316706098,0.057291666666666664,1271.4645482001683,7152.999999999999,0.0,-16.05699481865285,-16.0,3.345062481506343,0.07291666666666667,37.06217616580311,41.0,10.464039085823282,0.005208333333333333
2024-01-01 01:33:42.000000,2024-01-01 01:33:48.000000,7,-46.44041450777202,-48.0,7.508177752332569,0.09895833333333333,671.7918882177335,7647.000000000001,0.0,-15.735751295336788,-15.0,2.9150501318428783,0.07291666666666667,39.62176165803109,40.0,6.868325775888222,0.057291666666666664
2024-01-01 01:33:45.000000,2024-01-01 01:33:51.000000,7,-53.17616580310881,-53.0,4.224192700666739,0.08854166666666667,622.4552806513361,5857.0,0.0,-16.27461139896373,-16.0,2.706517592481352,0.0625,30.34715025906736,32.0,7.251343601304488,0.11979166666666667
2024-01-01 01:33:48.000000,2024-01-01 01:33:54.000000,7,-57.27979274611399,-59.0,4.651887605064786,0.13020833333333334,764.3918541502705,3909.0,0.0,-17.088082901554404,-17.0,2.035495679130322,0.06770833333333333,20.253886010362695,19.0,8.91351957278597,0.057291666666666664
2024-01-01 01:33:51.000000,2024-01-01 01:33:57.000000,7,-60.8860103626943,-61.0,1.8756835253826942,0.19791666666666666,536.3211424405869,2092.0,0.0,-15.751295336787564,-16.0,1.2991627435378867,0.2708333333333333,10.839378238341968,9.0,5.354136215245086,0.07291666666666667
2024-01-01 01:33:54.000000,2024-01-01 01:34:00.000000,7,-61.512953367875646,-62.0,1.5616124422176965,0.3333333333333333,265.53605702707773,1387.9999999999998,0.0,-15.963730569948186,-16.0,1.6437161181388225,0.2552083333333333,7.191709844559585,7.0,2.940297192808577,0.15104166666666666
2024-01-01 01:33:57.000000,2024-01-01 01:34:03.000000,7,-61.41968911917098,-62.0,1.4807887491186558,0.3489583333333333,325.5097434819334,845.0,0.0,-16.77720207253886,-17.0,1.4673880016872456,0.14583333333333334,4.3782383419689115,4.0,4.050069830311229,0.18229166666666666
2024-01-01 01:34:00.000000,2024-01-01 01:34:06.000000,7,-61.67875647668394,-62.0,0.86024131048359,0.296875,174.26231413142955,109.0,-0.16580310880829016,-17.072538860103627,-17.0,0.59065842479737,0.19791666666666666,0.5647668393782384,0.0,2.292924368332861,0.19270833333333334
2024-01-01 01:34:03.000000,2024-01-01 01:34:09.000000,7,-61.84455958549223,-62.0,0.9982713902373919,0.22395833333333334,52.172813266035554,126.0,0.0,-17.191709844559586,-17.0,1.3028549095625839,0.09895833333333333,-0.6528497409326425,-1.0,1.1983950479062766,0.3229166666666667
2024-01-01 01:34:06.000000,2024-01-01 01:34:12.000000,7,-58.575129533678755,-61.0,6.132716492034772,0.052083333333333336,208.08127284683974,132.0,0.16580310880829016,-23.23316062176166,-17.0,9.564612449681794,0.020833333333333332,0.6839378238341969,0.0,3.544156140199525,0.18229166666666666
2024-01-01 01:34:09.000000,2024-01-01 01:34:15.000000,7,-52.41450777202073,-56.0,13.460366083245704,0.109375,1393.452261450775,2372.0,0.0,-25.55440414507772,-25.0,9.18152548272795,0.09375,12.290155440414507,7.0,17.109291958753847,0.08854166666666667
2024-01-01 01:34:12.000000,2024-01-01 01:34:18.000000,7,-47.5440414507772,-52.0,14.376245534385522,0.0625,1990.7227655341128,5935.0,0.0,-19.44559585492228,-18.0,4.980001023090527,0.020833333333333332,30.751295336787564,33.0,17.25906497566414,0.036458333333333336
2024-01-01 01:34:15.000000,2024-01-01 01:34:21.000000,7,-49.44041450777202,-53.0,9.002188613181152,0.036458333333333336,670.2462180205522,6739.0,0.0,-16.134715025906736,-16.0,1.8034940181700445,0.18229166666666666,34.917098445595855,32.0,8.647818118103515,0.036458333333333336
2024-01-01 01:34:18.000000,2024-01-01 01:34:24.000000,7,-52.295336787564764,-53.0,4.202036834424274,0.13541666666666666,423.52826137560174,6144.0,0.0,-17.129533678756477,-16.0,2.4128148089410533,0.057291666666666664,31.83419689119171,31.0,4.507340252136725,0.1875
2024-01-01 01:34:21.000000,2024-01-01 01:34:27.000000,7,-46.740932642487046,-48.0,6.670459844891825,0.08333333333333333,867.9731663999571,7278.0,0.0,-19.476683937823836,-19.0,2.586166199826703,0.07291666666666667,37.70984455958549,38.0,6.9077821812223075,0.0625
2024-01-01 01:34:24.000000,2024-01-01 01:34:30.000000,7,-50.05181347150259,-50.0,8.602168411609506,0.026041666666666668,1186.5843210723067,6460.0,0.0,-16.818652849740932,-17.0,4.077793552776711,0.057291666666666664,33.47150259067357,34.0,9.693235738628694,0.015625
2024-01-01 01:34:27.000000,2024-01-01 01:34:33.000000,7,-57.21761658031088,-58.0,5.201592356165913,0.24479166666666666,570.4173342531509,4461.0,0.0,-14.922279792746114,-14.0,2.7762330189440076,0.13541666666666666,23.1139896373057,24.0,6.931770241965039,0.24479166666666666
2024-01-01 01:34:30.000000,2024-01-01 01:34:36.000000,7,-59.689119170984455,-61.0,5.792122501662582,0.15625,1086.1916490163815,2860.0,0.0,-14.740932642487047,-14.0,2.8238628169549953,0.13541666666666666,14.818652849740932,9.0,9.753378914974396,0.036458333333333336
2024-01-01 01:34:33.000000,2024-01-01 01:34:39.000000,7,-56.50777202072539,-61.0,9.939462160051121,0.06770833333333333,1687.9402918774072,3781.0000000000005,0.0,-16.181347150259068,-14.0,5.48988314317655,0.109375,19.590673575129532,10.0,14.129730626051115,0.015625
2024-01-01 01:34:36.000000,2024-01-01 01:34:42.000000,7,-51.12435233160622,-53.0,9.384444005474304,0.15104166666666666,759.0181119487278,6016.0,0.0,-19.22279792746114,-19.0,4.865599745234805,0.21875,31.17098445595855,30.0,9.503112843342373,0.11979166666666667
2024-01-01 01:34:39.000000,2024-01-01 01:34:45.000000,7,-51.46632124352332,-53.0,6.395812060801853,0.10416666666666667,803.1564546630868,6156.0,0.0,-18.440414507772022,-18.0,2.785345548991797,0.16666666666666666,31.89637305699482,30.0,7.384502162870358,0.052083333333333336
2024-01-01 01:34:42.000000,2024-01-01 01:34:48.000000,7,-52.310880829015545,-53.0,5.157593082785739,0.13020833333333334,582.702319351307,6046.0,0.0,-17.098445595854923,-17.0,2.357533949117917,0.171875,31.326424870466322,30.0,6.567928402932307,0.057291666666666664
2024-01-01 01:34:45.000000,2024-01-01 01:34:51.000000,7,-53.35751295336787,-55.0,8.885947357994537,0.11979166666666667,1076.4161551639631,5481.0,0.0,-15.870466321243523,-16.0,2.669037024017948,0.09895833333333333,28.39896373056995,27.0,10.379838177313717,0.046875
2024-01-01 01:34:48.000000,2024-01-01 01:34:54.000000,7,-54.145077720207254,-59.0,11.847542340044043,0.046875,1416.571467534173,4731.0,0.0,-15.248704663212436,-15.0,2.659556448143855,0.13541666666666666,24.512953367875646,18.0,14.159842280890318,0.041666666666666664
2024-01-01 01:34:51.000000,2024-01-01 01:34:57.000000,7,-46.27461139896373,-44.0,13.27835911593538,0.010416666666666666,2099.1912586223016,6549.0,0.0,-18.041450777202073,-19.0,3.347626953173931,0.010416666666666666,33.932642487046635,41.0,16.606055050344153,0.010416666666666666
2024-01-01 01:34:54.000000,2024-01-01 01:35:00.000000,7,-49.056994818652846,-54.0,13.146683092647914,0.015625,2149.635835685185,5761.999999999999,0.0,-17.735751295336787,-19.0,3.58782904709201,0.015625,29.854922279792746,23.0,17.217956019781692,0.005208333333333333
2024-01-01 01:34:57.000000,2024-01-01 01:35:03.000000,7,-60.3160621761658,-60.0,3.2337093375019537,0.265625,488.5557181552049,3073.0,0.0,-13.352331606217616,-14.0,2.413116772170641,0.109375,15.922279792746114,15.0,4.992616525978634,0.125
2024-01-01 01:35:00.000000,2024-01-01 01:35:06.000000,7,-60.082901554404145,-60.0,2.970929967277303,0.234375,405.4589595606796,3488.0000000000005,0.0,-11.937823834196891,-12.0,2.2046989188936075,0.3385416666666667,18.072538860103627,19.0,4.4936207422060095,0.13541666666666666
2024-01-01 01:35:03.000000,2024-01-01 01:35:09.000000,7,-61.145077720207254,-62.0,2.2980265807433766,0.203125,488.0937537128913,2859.0,0.0,-11.253886010362693,-11.0,1.9533086053596442,0.19270833333333334,14.813471502590673,12.0,4.396545148189548,0.057291666666666664
2024-01-01 01:35:06.000000,2024-01-01 01:35:12.000000,7,-61.740932642487046,-62.0,1.663089857959475,0.21354166666666666,174.9331218006746,2416.0,0.0,-11.10880829015544,-11.0,1.0018603162438606,0.11979166666666667,12.518134715025907,12.0,3.102574979366441,0.125
2024-01-01 01:35:09.000000,2024-01-01 01:35:15.000000,7,-61.170984455958546,-61.0,3.4197325012295114,0.19270833333333334,278.4010639154065,2604.0000000000005,0.0,-12.575129533678757,-12.0,2.401345783446295,0.13020833333333334,13.492227979274611,13.0,4.185937732187944,0.11458333333333333
2024-01-01 01:35:12.000000,2024-01-01 01:35:18.000000,7,-61.310880829015545,-61.0,3.5276786145565096,0.234375,267.16595956439863,2428.0000000000005,0.0,-12.38860103626943,-12.0,2.637722070311289,0.15104166666666666,12.580310880829016,13.0,4.132572078764399,0.13020833333333334
2024-01-01 01:35:15.000000,2024-01-01 01:35:21.000000,7,-61.818652849740936,-62.0,2.4029635020950018,0.3177083333333333,156.4457502730965,2274.0000000000005,0.0,-11.202072538860104,-11.0,1.4880061656046253,0.19270833333333334,11.782383419689118,12.0,2.9001258087176693,0.21354166666666666
2024-01-01 01:35:18.000000,2024-01-01 01:35:24.000000,7,-61.766839378238345,-62.0,2.243634249591783,0.3177083333333333,191.20491615187123,2428.0,0.0,-11.264248704663212,-11.0,1.8561880125202392,0.13020833333333334,12.580310880829016,12.0,3.433145106096798,0.18229166666666666
2024-01-01 01:35:21.000000,2024-01-01 01:35:27.000000,7,-54.020725388601036,-58.0,9.268539163270052,0.057291666666666664,1710.7882936305841,4752.0,0.0,-16.419689119170986,-17.0,5.78657083134589,0.036458333333333336,24.621761658031087,23.0,13.607861660221662,0.10416666666666667
2024-01-01 01:35:24.000000,2024-01-01 01:35:30.000000,7,-51.590673575129536,-55.0,7.673908449942574,0.03125,927.5695139031973,5767.0,0.0,-19.730569948186528,-19.0,3.0190278834365167,0.10416666666666667,29.88082901554404,25.0,9.164088387604098,0.03125
2024-01-01 01:35:27.000000,2024-01-01 01:35:33.000000,7,-52.01036269430052,-56.0,10.837334022809037,0.015625,1240.7938692042435,5415.0,0.0,-18.186528497409327,-18.0,2.9662028319164353,0.052083333333333336,28.05699481865285,25.0,12.284469585829964,0.005208333333333333
2024-01-01 01:35:30.000000,2024-01-01 01:35:36.000000,7,-37.181347150259064,-32.0,14.423406333424412,0.036458333333333336,1632.4492380194397,8242.000000000002,0.0,-20.264248704663213,-21.0,3.8470249030244825,0.036458333333333336,42.704663212435236,50.0,15.48826265997981,0.015625
2024-01-01 01:35:33.000000,2024-01-01 01:35:39.000000,7,-34.55440414507772,-32.0,11.979948254895868,0.06770833333333333,1078.5628046844288,8865.0,0.0,-22.248704663212436,-22.0,3.443035071105661,0.036458333333333336,45.932642487046635,50.0,11.024150655193068,0.046875
2024-01-01 01:35:36.000000,2024-01-01 01:35:42.000000,7,-50.21761658031088,-57.0,12.127547005600809,0.026041666666666668,1338.2857207378022,5740.0,0.0,-18.984455958549223,-18.0,4.89948624425926,0.06770833333333333,29.740932642487046,23.0,12.531844153022632,0.015625
2024-01-01 01:35:39.000000,2024-01-01 01:35:45.000000,7,-59.917098445595855,-61.0,3.5770343680857035,0.09895833333333333,623.7975849368307,3048.0000000000005,0.0,-14.7720207253886,-15.0,2.3116202289523153,0.140625,15.792746113989637,14.0,5.823671989425101,0.057291666666666664
2024-01-01 01:35:42.000000,2024-01-01 01:35:48.000000,7,-60.03626943005181,-61.0,4.412780983729274,0.15104166666666666,621.0067541972066,2710.0,0.0,-15.217616580310882,-15.0,1.885885213824973,0.13020833333333334,14.041450777202073,12.0,7.396391432152344,0.057291666666666664
2024-01-01 01:35:45.000000,2024-01-01 01:35:51.000000,7,-48.803108808290155,-53.0,11.836674587272135,0.010416666666666666,2087.2243295049298,5979.000000000001,0.0,-18.409326424870468,-18.0,2.7067269714731443,0.09375,30.979274611398964,32.0,16.152579305518696,0.005208333333333333
2024-01-01 01:35:48.000000,2024-01-01 01:35:54.000000,7,-49.13989637305699,-52.0,12.087619095829927,0.036458333333333336,2005.701118584795,5889.0,0.0,-17.870466321243523,-18.0,4.171931043962566,0.08854166666666667,30.512953367875646,31.0,16.308583121157078,0.026041666666666668
2024-01-01 01:35:51.000000,2024-01-01 01:35:57.000000,7,-60.2020725388601,-61.0,4.300629296844516,0.19791666666666666,789.2963228878593,2807.0,0.0,-13.937823834196891,-13.0,3.5068785726013703,0.171875,14.544041450777202,12.0,7.4707330518233785,0.09375
2024-01-01 01:35:54.000000,2024-01-01 01:36:00.000000,7,-59.32124352331606,-59.0,2.643863671270236,0.046875,934.91146569785,3670.0,0.0,-12.357512953367875,-12.0,1.221192224447112,0.15104166666666666,19.015544041450777,24.0,7.75972285529702,0.005208333333333333
2024-01-01 01:35:57.000000,2024-01-01 01:36:03.000000,7,-58.07772020725388,-58.0,2.010174895079603,0.2708333333333333,280.1277250504022,4524.0,0.0,-12.419689119170984,-12.0,1.179259083570304,0.16666666666666666,23.440414507772022,24.0,2.9470719639367053,0.08333333333333333
2024-01-01 01:36:00.000000,2024-01-01 01:36:06.000000,7,-57.409326424870464,-58.0,3.1012961104620183,0.0625,490.5713749482969,4604.0,0.0,-13.580310880829016,-13.0,1.9934857209211205,0.0625,23.854922279792746,22.0,4.8282684438422745,0.036458333333333336
2024-01-01 01:36:03.000000,2024-01-01 01:36:09.000000,7,-51.09326424870466,-53.0,8.782179293509705,0.06770833333333333,1076.9939506475725,6268.0,0.0,-15.492227979274611,-15.0,3.0175168650875968,0.078125,32.476683937823836,31.0,9.52303815035549,0.020833333333333332
2024-01-01 01:36:06.000000,2024-01-01 01:36:12.000000,7,-47.7720207253886,-50.0,7.119504061583336,0.08333333333333333,567.9780405438381,7355.0,0.0,-15.61139896373057,-15.0,2.73847482859966,0.16666666666666666,38.10880829015544,37.0,6.140166183413193,0.08333333333333333
2024-01-01 01:36:09.000000,2024-01-01 01:36:15.000000,7,-50.487046632124354,-50.0,1.989840886358117,0.25,211.11517123854688,6948.0,0.0,-15.005181347150259,-15.0,0.8322748026645157,0.21354166666666666,36.0,36.0,2.4937421679075005,0.22395833333333334
2024-01-01 01:36:12.000000,2024-01-01 01:36:18.000000,7,-53.943005181347154,-53.0,4.303809514664269,0.16666666666666666,1508.0413431016593,4697.0,0.0,-18.326424870466322,-16.0,5.715674370189831,0.026041666666666668,24.33678756476684,32.0,13.7194943435674,0.005208333333333333
2024-01-01 01:36:15.000000,2024-01-01 01:36:21.000000,7,-53.76165803108808,-54.0,6.978775960244141,0.11458333333333333,2084.9759634847956,4185.0,0.0,-19.740932642487046,-18.0,6.342255214746646,0.07291666666666667,21.683937823834196,20.0,16.026625016290257,0.010416666666666666
2024-01-01 01:36:18.000000,2024-01-01 01:36:24.000000,7,-53.74611398963731,-55.0,6.936677723601217,0.06770833333333333,1610.3059103761464,5190.0,0.0,-15.823834196891191,-15.0,4.740126999603087,0.057291666666666664,26.89119170984456,28.0,13.09196537677202,0.07291666666666667
2024-01-01 01:36:21.000000,2024-01-01 01:36:27.000000,7,-58.50777202072539,-60.0,3.890585821067067,0.078125,764.5678283151514,3770.0,0.0,-14.088082901554404,-14.0,1.8020569709154286,0.19270833333333334,19.533678756476682,16.0,8.862970452981989,0.015625
2024-01-01 01:36:24.000000,2024-01-01 01:36:30.000000,7,-60.7979274611399,-61.0,1.0971534451528226,0.3125,235.26298762259566,2464.0,0.0,-15.088082901554404,-15.0,0.9506099759758848,0.234375,12.766839378238341,12.0,2.5925652635837904,0.15104166666666666
2024-01-01 01:36:27.000000,2024-01-01 01:36:33.000000,7,-61.181347150259064,-61.0,1.857772032767751,0.3229166666666667,206.82967811220686,1966.0,0.0,-15.585492227979275,-16.0,1.412074748372537,0.2760416666666667,10.186528497409327,11.0,2.6529120930408556,0.1875
2024-01-01 01:36:30.000000,2024-01-01 01:36:36.000000,7,-61.880829015544045,-62.0,2.3029182882783834,0.3489583333333333,137.85251433028276,1624.0,0.0,-13.818652849740932,-13.0,2.350368820504707,0.11979166666666667,8.414507772020725,8.0,2.691459658808092,0.203125
2024-01-01 01:36:33.000000,2024-01-01 01:36:39.000000,7,-62.37823834196891,-62.0,1.6320178605223394,0.3333333333333333,170.23847281323103,1589.0,0.0,-11.984455958549223,-12.0,0.9380647406686068,0.3333333333333333,8.233160621761659,8.0,2.2552112937094417,0.18229166666666666
2024-01-01 01:36:36.000000,2024-01-01 01:36:42.000000,7,-61.994818652849744,-62.0,1.397532831033651,0.3385416666666667,543.6550521166516,1083.0,0.0,-14.186528497409327,-13.0,2.495083680641278,0.036458333333333336,5.61139896373057,6.0,4.438148381199147,0.13541666666666666
2024-01-01 01:36:39.000000,2024-01-01 01:36:45.000000,7,-61.79274611398964,-62.0,1.322304342331162,0.3697916666666667,246.70239501855838,254.00000000000003,0.0,-16.357512953367877,-16.0,0.9583286400726092,0.19791666666666666,1.3160621761658031,0.0,3.037714504817838,0.109375
2024-01-01 01:36:42.000000,2024-01-01 01:36:48.000000,7,-62.015544041450774,-62.0,0.9098802802304979,0.2708333333333333,56.482231050930636,70.0,0.0,-15.979274611398964,-16.0,0.6120197881366342,0.22916666666666666,0.3626943005181347,0.0,0.8797827589445583,0.328125
2024-01-01 01:36:45.000000,2024-01-01 01:36:51.000000,7,-62.056994818652846,-62.0,0.6306951232685092,0.2604166666666667,24.084988470316578,106.00000000000001,0.0,-15.7720207253886,-16.0,0.45625805881637593,0.2708333333333333,0.5492227979274611,0.0,0.70630487773403,0.375
2024-01-01 01:36:48.000000,2024-01-01 01:36:54.000000,7,-62.03626943005181,-62.0,0.6070167573436724,0.23958333333333334,31.218924341486396,29.000000000000004,0.16580310880829016,-15.787564766839377,-16.0,0.46931996148913047,0.265625,0.15025906735751296,0.0,0.6870926332753166,0.3020833333333333
2024-01-01 01:36:51.000000,2024-01-01 01:36:57.000000,7,-62.07772020725388,-62.0,0.5855650622617629,0.2604166666666667,30.686196266398635,60.0,0.0,-15.652849740932643,-16.0,0.508986598559288,0.328125,-0.31088082901554404,0.0,0.6180747589081026,0.296875
2024-01-01 01:36:54.000000,2024-01-01 01:37:00.000000,7,-62.06217616580311,-62.0,0.5555303678803752,0.22916666666666666,25.716035483246475,117.0,0.0,-15.73056994818653,-16.0,0.6291099752564614,0.3072916666666667,-0.6062176165803109,-1.0,0.653805123791771,0.359375
2024-01-01 01:36:57.000000,2024-01-01 01:37:03.000000,7,-62.07772020725388,-62.0,0.9405068361305465,0.24479166666666666,44.76204490248956,88.99999999999999,0.0,-15.751295336787564,-16.0,0.8662123493675724,0.25,-0.46113989637305697,0.0,0.940851091938609,0.3177083333333333
2024-01-01 01:37:00.000000,2024-01-01 01:37:06.000000,7,-62.2279792746114,-62.0,1.2075476869403068,0.3125,81.7132450963986,67.0,0.16580310880829016,-15.316062176165802,-15.0,0.9290457897473755,0.234375,0.3471502590673575,0.0,1.2985186524830075,0.296875
2024-01-01 01:37:03.000000,2024-01-01 01:37:09.000000,7,-62.23834196891192,-62.0,1.0333911343798394,0.328125,142.96047975754118,22.000000000000014,0.16580310880829016,-15.186528497409327,-15.0,0.7118234144803167,0.20833333333333334,0.11398963730569948,0.0,1.5025884402341791,0.28125
2024-01-01 01:37:06.000000,2024-01-01 01:37:12.000000,7,-62.181347150259064,-62.0,0.9316563703429979,0.3333333333333333,151.68863073908685,35.0,-0.16580310880829016,-15.238341968911918,-15.0,0.7109129599429563,0.13020833333333334,-0.18134715025906736,-1.0,1.5920584973760727,0.14583333333333334
2024-01-01 01:37:09.000000,2024-01-01 01:37:15.000000,7,-59.78238341968912,-62.0,4.283483361283237,0.06770833333333333,740.1956278167459,278.0,0.3316062176165803,-19.911917098445596,-16.0,7.427953463758254,0.03125,1.4404145077720207,0.0,8.524341606674875,0.08854166666666667
2024-01-01 01:37:12.000000,2024-01-01 01:37:18.000000,7,-55.25388601036269,-57.0,7.170744813088711,0.046875,998.4335818113092,1267.0,0.0,-26.89119170984456,-25.0,11.363023692072353,0.015625,6.564766839378239,4.0,11.617031411921081,0.046875
2024-01-01 01:37:15.000000,2024-01-01 01:37:21.000000,7,-47.75647668393783,-50.0,11.4844900853973,0.15104166666666666,1790.9382301518167,4442.0,0.0,-27.99481865284974,-21.0,12.788950882714486,0.010416666666666666,23.015544041450777,26.0,15.182733025524499,0.005208333333333333
2024-01-01 01:37:18.000000,2024-01-01 01:37:24.000000,7,-45.95336787564767,-50.0,12.859533653513166,0.08333333333333333,1004.0734751894777,6514.0,0.0,-20.243523316062177,-19.0,12.694641751079692,0.16145833333333334,33.751295336787564,34.0,11.34819694199025,0.11458333333333333
2024-01-01 01:37:21.000000,2024-01-01 01:37:27.000000,7,-44.7720207253886,-48.0,14.801106538011545,0.046875,1547.9001312646535,7105.0,0.0,-11.430051813471502,-13.0,9.912982254841442,0.0625,36.81347150259067,39.0,18.590051799463488,0.09895833333333333
2024-01-01 01:37:24.000000,2024-01-01 01:37:30.000000,7,-45.02590673575129,-48.0,14.2731665610248,0.08333333333333333,1419.5534279937997,7430.000000000001,0.0,-10.595854922279793,-12.0,9.016904461187119,0.09895833333333333,38.49740932642487,38.0,17.440411749825582,0.11979166666666667
2024-01-01 01:37:27.000000,2024-01-01 01:37:33.000000,7,-34.4300518134715,-31.0,18.552193505121387,0.046875,1691.5312002139324,9139.0,0.0,-12.16580310880829,-13.0,5.501275562558066,0.20833333333333334,47.35233160621762,54.0,14.9617640188626,0.036458333333333336
2024-01-01 01:37:30.000000,2024-01-01 01:37:36.000000,7,-14.544041450777202,-14.0,8.187858022601084,0.125,170.78538367111892,11567.0,0.0,-13.424870466321243,-13.0,2.885994035280618,0.13020833333333334,59.932642487046635,60.0,3.6997496764502533,0.21354166666666666
2024-01-01 01:37:33.000000,2024-01-01 01:37:39.000000,7,-12.088082901554404,-13.0,5.52904385885042,0.13020833333333334,74.92831324276882,11638.0,0.0,-14.927461139896373,-15.0,1.852622656699803,0.140625,60.30051813471503,60.0,1.7238673035179255,0.2760416666666667
2024-01-01 01:37:36.000000,2024-01-01 01:37:42.000000,7,-13.94300518134715,-13.0,4.371053611184383,0.13020833333333334,78.74523777730722,11545.000000000002,0.0,-15.906735751295336,-16.0,1.8768341633410075,0.057291666666666664,59.818652849740936,60.0,1.5623380745111979,0.22916666666666666
2024-01-01 01:37:39.000000,2024-01-01 01:37:45.000000,7,-12.435233160621761,-12.0,5.197876376517751,0.13541666666666666,94.48144050663102,11545.0,0.0,-17.04663212435233,-17.0,1.953336236418171,0.15625,59.818652849740936,60.0,1.9640689717354696,0.203125
2024-01-01 01:37:42.000000,2024-01-01 01:37:48.000000,7,-8.409326424870466,-9.0,6.1866216600635004,0.11979166666666667,101.95927627030805,11525.999999999998,0.0,-19.134715025906736,-19.0,2.1170161407608115,0.08854166666666667,59.72020725388601,60.0,2.2533438020318686,0.19791666666666666
2024-01-01 01:37:45.000000,2024-01-01 01:37:51.000000,7,-4.196891191709844,-3.0,5.800735466442231,0.06770833333333333,131.43369499381777,11425.999999999998,0.0,-21.746113989637305,-22.0,2.7181484827799034,0.078125,59.2020725388601,59.0,2.9590250109696665,0.15625
2024-01-01 01:37:48.000000,2024-01-01 01:37:54.000000,7,-1.9896373056994818,-2.0,2.6200143870980965,0.13541666666666666,108.28422595642915,11424.0,0.0,-22.65284974093264,-23.0,2.1283563354960813,0.13541666666666666,59.19170984455958,59.0,2.7894021310497137,0.16666666666666666
2024-01-01 01:37:51.000000,2024-01-01 01:37:57.000000,7,-4.637305699481865,-4.0,4.105770455866895,0.057291666666666664,100.88842015069127,11556.0,0.0,-20.025906735751295,-21.0,2.6934241550035294,0.026041666666666668,59.87564766839378,60.0,2.0954011450195464,0.21354166666666666
2024-01-01 01:37:54.000000,2024-01-01 01:38:00.000000,7,-8.253886010362693,-9.0,2.4287337937916034,0.20833333333333334,71.40116160723672,11664.0,0.0,-17.264248704663213,-17.0,1.3453688234670693,0.0625,60.43523316062176,60.0,1.6257056392721654,0.2916666666666667
2024-01-01 01:37:57.000000,2024-01-01 01:38:03.000000,7,-9.015544041450777,-9.0,0.892542505627787,0.15625,41.73123470677901,11676.000000000002,0.0,-16.797927461139896,-17.0,0.5357975508940304,0.21354166666666666,60.49740932642487,60.0,0.8423946047553368,0.3020833333333333
2024-01-01 01:38:00.000000,2024-01-01 01:38:06.000000,7,-11.202072538860104,-10.0,4.463462297612775,0.08854166666666667,163.87992352928634,11559.999999999998,0.0,-17.253886010362695,-17.0,3.0860570054853738,0.09895833333333333,59.89637305699482,60.0,3.2897627361412605,0.171875
2024-01-01 01:38:03.000000,2024-01-01 01:38:09.000000,7,-10.202072538860104,-12.0,10.470474154284705,0.13541666666666666,207.6565768206277,11581.0,0.0,-14.430051813471502,-15.0,5.2068192963460325,0.11979166666666667,60.005181347150256,60.0,4.9691731049692995,0.3333333333333333
2024-01-01 01:38:06.000000,2024-01-01 01:38:12.000000,7,-0.35751295336787564,3.0,12.588505753889805,0.06770833333333333,156.40339281934385,11607.000000000002,0.0,-15.139896373056995,-16.0,5.326438967315673,0.0625,60.13989637305699,60.0,4.683316354095554,0.375
2024-01-01 01:38:09.000000,2024-01-01 01:38:15.000000,7,-18.29015544041451,-8.0,28.187777280171375,0.010416666666666666,1864.4861620771378,9154.0,0.0,-19.792746113989637,-19.0,4.209185048646335,0.08333333333333333,47.4300518134715,56.0,16.36900426165668,0.020833333333333332
2024-01-01 01:38:12.000000,2024-01-01 01:38:18.000000,7,-32.181347150259064,-24.0,16.657495317696096,0.010416666666666666,1809.7851755102047,9061.0,0.0,-16.78238341968912,-16.0,5.489981454709749,0.08854166666666667,46.94818652849741,56.0,15.858666443988668,0.03125
2024-01-01 01:38:15.000000,2024-01-01 01:38:21.000000,7,-21.300518134715027,-21.0,2.554173411002371,0.1875,83.60433008298652,11322.0,0.0,-12.533678756476684,-12.0,1.9472618169535185,0.2604166666666667,58.66321243523316,59.0,1.73671866168489,0.3958333333333333
2024-01-01 01:38:18.000000,2024-01-01 01:38:24.000000,7,-21.44559585492228,-22.0,1.0299644929071048,0.25,32.67945296174741,11315.0,0.0,-12.098445595854923,-12.0,0.6580017638604967,0.21354166666666666,58.626943005181346,59.0,0.718577502391358,0.3958333333333333
2024-01-01 01:38:21.000000,2024-01-01 01:38:27.000000,7,-16.958549222797927,-21.0,10.207653479176788,0.026041666666666668,119.60719683094418,11369.0,0.0,-13.538860103626943,-12.0,3.692587274148313,0.046875,58.90673575129534,59.0,2.921116763046387,0.3385416666666667
2024-01-01 01:38:24.000000,2024-01-01 01:38:30.000000,7,-27.414507772020727,-23.0,24.470735006567708,0.026041666666666668,2038.183091810052,8989.0,0.0,-16.756476683937823,-15.0,5.335394004968666,0.109375,46.575129533678755,56.0,18.05794501703729,0.015625
2024-01-01 01:38:27.000000,2024-01-01 01:38:33.000000,7,-49.66839378238342,-56.0,18.976242987679633,0.057291666666666664,1425.6443683703233,5206.0,0.0,-17.55440414507772,-15.0,5.332525373277596,0.057291666666666664,26.974093264248705,26.0,16.84501509879871,0.09895833333333333
2024-01-01 01:38:30.000000,2024-01-01 01:38:36.000000,7,-53.67875647668394,-56.0,10.40835073929883,0.14583333333333334,2067.2665560042724,3739.0,0.0,-19.989637305699482,-20.0,5.85678882909406,0.078125,19.373056994818654,19.0,17.728146743534033,0.10416666666666667
2024-01-01 01:38:33.000000,2024-01-01 01:38:39.000000,7,-32.79274611398964,-31.0,21.83552507819344,0.078125,2819.442464062162,7248.999999999999,0.0,-21.89119170984456,-22.0,6.066778999320611,0.11458333333333333,37.55958549222798,52.0,24.851597530687812,0.015625
2024-01-01 01:38:36.000000,2024-01-01 01:38:42.000000,7,-16.870466321243523,-14.0,20.488279380389947,0.052083333333333336,783.0941517941491,10258.0,0.0,-21.067357512953368,-23.0,6.1948081219997295,0.078125,53.15025906735751,56.0,10.518496230610527,0.17708333333333334
2024-01-01 01:38:39.000000,2024-01-01 01:38:45.000000,7,-30.16580310880829,-34.0,23.755777181179862,0.046875,1948.112772908447,8554.0,0.0,-18.559585492227978,-20.0,8.281368636521085,0.057291666666666664,44.32124352331606,52.0,16.838089710898405,0.03125
2024-01-01 01:38:42.000000,2024-01-01 01:38:48.000000,7,-41.818652849740936,-41.0,9.309116513346876,0.18229166666666666,1175.5311485427135,8335.000000000002,0.0,-11.994818652849741,-9.0,7.7119343453604765,0.026041666666666668,43.18652849740933,48.0,13.67237272410083,0.015625
2024-01-01 01:38:45.000000,2024-01-01 01:38:51.000000,7,-40.49222797927461,-41.0,2.1629435262518433,0.14583333333333334,118.66702288446113,9373.0,0.0,-8.476683937823834,-9.0,0.9189698651893212,0.2916666666666667,48.56476683937824,48.0,1.9783205399769417,0.16666666666666666
2024-01-01 01:38:48.000000,2024-01-01 01:38:54.000000,7,-39.01036269430052,-39.0,1.2869118288630745,0.15104166666666666,56.415537667965935,9597.0,0.0,-8.38860103626943,-8.0,0.5766955177624083,0.3385416666666667,49.72538860103627,50.0,1.1002972984960564,0.171875
2024-01-01 01:38:51.000000,2024-01-01 01:38:57.000000,7,-37.652849740932645,-38.0,3.0049793162093956,0.16145833333333334,68.23728087437354,9771.0,0.0,-8.818652849740932,-8.0,3.5138512004732587,0.2864583333333333,50.626943005181346,50.0,1.852841140953447,0.2552083333333333
2024-01-01 01:38:54.000000,2024-01-01 01:39:00.000000,7,-18.803108808290155,-26.0,19.597049912805097,0.036458333333333336,530.2572621763608,10640.000000000002,0.0,-15.067357512953368,-17.0,6.87012112957701,0.015625,55.129533678756474,54.0,5.37633784611594,0.08854166666666667
2024-01-01 01:38:57.000000,2024-01-01 01:39:03.000000,7,-21.6580310880829,-15.0,26.623477074188894,0.03125,2087.9210433729386,8987.0,0.0,-19.207253886010363,-20.0,3.5748760501236743,0.13020833333333334,46.56476683937824,56.0,18.35379167435332,0.03125
2024-01-01 01:39:00.000000,2024-01-01 01:39:06.000000,7,-34.66321243523316,-28.0,17.180583276182592,0.041666666666666664,1946.0964782403846,8776.0,0.0,-14.160621761658032,-12.0,4.5666480717698175,0.06770833333333333,45.47150259067357,56.0,17.3796596366163,0.020833333333333332
2024-01-01 01:39:03.000000,2024-01-01 01:39:09.000000,7,-27.616580310880828,-28.0,2.4061844612342895,0.08333333333333333,55.77341185477303,10914.0,0.0,-10.606217616580311,-10.0,1.177197720533687,0.3177083333333333,56.54922279792746,56.0,1.0452830144563139,0.28125
2024-01-01 01:39:06.000000,2024-01-01 01:39:12.000000,7,-26.507772020725387,-28.0,6.220864733386194,0.09895833333333333,94.17822624257242,10908.0,0.0,-11.310880829015543,-11.0,3.580435226002463,0.06770833333333333,56.51813471502591,56.0,2.153227384475996,0.296875
2024-01-01 01:39:09.000000,2024-01-01 01:39:15.000000,7,-25.70984455958549,-27.0,19.907828141961623,0.09895833333333333,1010.8045373841018,9972.0,0.0,-14.963730569948186,-13.0,6.1528897826167315,0.057291666666666664,51.66839378238342,56.0,11.143191400767009,0.052083333333333336
2024-01-01 01:39:12.000000,2024-01-01 01:39:18.000000,7,-10.33160621761658,-1.0,25.376824359917986,0.03125,1160.3119398876863,10204.000000000002,0.0,-19.72020725388601,-20.0,5.170474667780073,0.078125,52.870466321243526,57.0,12.071350737824607,0.08333333333333333
2024-01-01 01:39:15.000000,2024-01-01 01:39:21.000000,7,4.212435233160622,6.0,10.225145209706584,0.234375,216.02468888835875,11351.0,0.0,-21.21761658031088,-21.0,3.552332056512124,0.09895833333333333,58.81347150259067,58.0,4.758372541118345,0.3697916666666667
2024-01-01 01:39:18.000000,2024-01-01 01:39:24.000000,7,0.5803108808290155,4.0,12.684678500176883,0.11979166666666667,170.13917666393172,11458.0,0.0,-18.383419689119172,-18.0,4.281517292754051,0.109375,59.36787564766839,59.0,4.223496298619895,0.296875
2024-01-01 01:39:21.000000,2024-01-01 01:39:27.000000,7,-14.10880829015544,-5.0,27.437686505241853,0.046875,1452.7601014248858,10016.0,0.0,-14.44041450777202,-14.0,3.532265537482767,0.11979166666666667,51.89637305699482,58.0,15.121371372776906,0.036458333333333336
2024-01-01 01:39:24.000000,2024-01-01 01:39:30.000000,7,-30.94300518134715,-33.0,25.375140912682895,0.052083333333333336,1981.0989918146697,8647.0,0.0,-13.404145077720207,-12.0,4.451402332843308,0.125,44.803108808290155,52.0,17.267581338594415,0.03125
2024-01-01 01:39:27.000000,2024-01-01 01:39:33.000000,7,-27.129533678756477,-20.0,13.66522381700761,0.036458333333333336,1060.0697252426012,10176.0,0.0,-12.507772020725389,-11.0,4.312191016689939,0.09895833333333333,52.72538860103627,59.0,14.10054032576096,0.057291666666666664
2024-01-01 01:39:30.000000,2024-01-01 01:39:36.000000,7,-19.689119170984455,-20.0,2.0883445774742198,0.2916666666666667,51.637309769436285,11463.0,0.0,-11.419689119170984,-11.0,1.1703925208449273,0.18229166666666666,59.39378238341969,59.0,1.6926196087415404,0.4114583333333333
2024-01-01 01:39:33.000000,2024-01-01 01:39:39.000000,7,-18.181347150259068,-19.0,3.9690553358535268,0.18229166666666666,71.47120295669191,11409.0,0.0,-13.580310880829016,-12.0,4.517907183588037,0.06770833333333333,59.1139896373057,59.0,1.878458238571921,0.3645833333333333
2024-01-01 01:39:36.000000,2024-01-01 01:39:42.000000,7,-8.735751295336788,-13.0,12.046248403735108,0.109375,165.65391398959886,11351.0,0.0,-18.1139896373057,-19.0,5.376207339199138,0.046875,58.81347150259067,59.0,3.7868226663966933,0.296875
2024-01-01 01:39:39.000000,2024-01-01 01:39:45.000000,7,9.300518134715025,12.0,15.778507591450836,0.109375,358.98161221500294,10828.0,0.0,-23.34715025906736,-24.0,3.5995810900964034,0.109375,56.10362694300518,55.0,4.534547628312772,0.2604166666666667
2024-01-01 01:39:42.000000,2024-01-01 01:39:48.000000,7,10.937823834196891,15.0,17.664885998017944,0.16145833333333334,280.5343673926862,10719.0,0.0,-22.481865284974095,-23.0,4.630169705592946,0.140625,55.538860103626945,55.0,3.9157524747957084,0.28125
2024-01-01 01:39:45.000000,2024-01-01 01:39:51.000000,7,-27.6580310880829,-38.0,32.677833182753425,0.015625,2743.3149330336305,6868.0,0.0,-19.202072538860104,-19.0,5.469193634855513,0.078125,35.58549222797927,48.0,24.40765327573146,0.046875
2024-01-01 01:39:48.000000,2024-01-01 01:39:54.000000,7,-50.601036269430054,-55.0,12.145017795535995,0.10416666666666667,2613.7407481117593,4874.0,0.0,-14.911917098445596,-15.0,9.083381858817317,0.0625,25.253886010362695,21.0,22.5419238569923,0.09375
2024-01-01 01:39:51.000000,2024-01-01 01:39:57.000000,7,-32.96373056994819,-32.0,19.10180321358072,0.15104166666666666,1802.1346246811972,8319.0,0.0,-17.585492227979273,-16.0,14.633515928454266,0.057291666666666664,43.10362694300518,53.0,19.806607622881064,0.015625
2024-01-01 01:39:54.000000,2024-01-01 01:40:00.000000,7,-19.844559585492227,-19.0,12.641148250926422,0.15104166666666666,757.0115718783858,10336.0,0.0,-22.031088082901555,-20.0,11.543354300090112,0.041666666666666664,53.55440414507772,57.0,10.056527408768716,0.09375
2024-01-01 01:39:57.000000,2024-01-01 01:40:03.000000,7,-17.66321243523316,-18.0,2.3619254242766754,0.14583333333333334,65.72134628401506,11088.0,0.0,-20.031088082901555,-20.0,1.593955822498221,0.1875,57.45077720207254,57.0,1.6036780371937334,0.2760416666666667
2024-01-01 01:40:00.000000,2024-01-01 01:40:06.000000,7,-16.974093264248705,-17.0,1.712196545986999,0.16666666666666666,45.87348838022982,11105.000000000002,0.0,-20.93782383419689,-21.0,1.1348042369959557,0.21354166666666666,57.538860103626945,57.0,1.0205149568732808,0.24479166666666666
2024-01-01 01:40:03.000000,2024-01-01 01:40:09.000000,7,-16.78238341968912,-17.0,2.838408539961022,0.13020833333333334,98.56507120954689,11095.0,0.0,-20.94300518134715,-21.0,1.6745227196173484,0.16666666666666666,57.487046632124354,58.0,2.193999411961889,0.22395833333333334
2024-01-01 01:40:06.000000,2024-01-01 01:40:12.000000,7,-16.974093264248705,-17.0,2.885732202652063,0.18229166666666666,110.31421511060968,11119.0,0.0,-20.33678756476684,-20.0,1.5763697884203938,0.18229166666666666,57.61139896373057,58.0,2.272864064025956,0.28125
2024-01-01 01:40:09.000000,2024-01-01 01:40:15.000000,7,-18.150259067357513,-17.0,10.974554491490816,0.11979166666666667,601.9686105007664,10530.0,0.0,-23.699481865284973,-21.0,7.975408149230034,0.036458333333333336,54.55958549222798,58.0,9.078811403149372,0.09895833333333333
2024-01-01 01:40:12.000000,2024-01-01 01:40:18.000000,7,-22.150259067357513,-18.0,15.215576326691268,0.125,774.4029498415974,10033.0,0.0,-22.559585492227978,-20.0,9.118309409860753,0.052083333333333336,51.984455958549226,57.0,12.167013415694322,0.13541666666666666
2024-01-01 01:40:15.000000,2024-01-01 01:40:21.000000,7,-28.958549222797927,-20.0,17.79420381896729,0.0625,1870.120219803637,8507.0,0.0,-18.430051813471504,-18.0,4.483363750370328,0.13541666666666666,44.07772020725388,57.0,26.58044337055865,0.046875
2024-01-01 01:40:18.000000,2024-01-01 01:40:24.000000,7,-46.59585492227979,-58.0,19.87833785964454,0.046875,2806.5071795712824,4094.0,0.0,-18.015544041450777,-17.0,3.5772380581046512,0.09375,21.212435233160623,8.0,29.35028128018965,0.036458333333333336
2024-01-01 01:40:21.000000,2024-01-01 01:40:27.000000,7,-58.56476683937824,-61.0,9.505875489693796,0.08333333333333333,701.4773418777446,2296.0,0.0,-16.46113989637306,-15.0,3.6770392225088884,0.0625,11.896373056994818,9.0,14.264964266578806,0.026041666666666668
2024-01-01 01:40:24.000000,2024-01-01 01:40:30.000000,7,-33.1139896373057,-25.0,26.147168846500243,0.015625,2816.8133402304557,7463.000000000001,0.0,-16.89119170984456,-15.0,3.987424911719041,0.057291666666666664,38.66839378238342,52.0,22.99012210916087,0.026041666666666668
2024-01-01 01:40:27.000000,2024-01-01 01:40:33.000000,7,-4.139896373056994,-7.0,16.28637320192985,0.0625,305.5807966603261,11119.0,0.0,-20.93782383419689,-21.0,4.733113561878409,0.10416666666666667,57.61139896373057,57.0,4.6254813501091165,0.23958333333333334
2024-01-01 01:40:30.000000,2024-01-01 01:40:36.000000,7,-21.492227979274613,-26.0,32.4064549850451,0.036458333333333336,1782.7781017020925,8351.0,0.0,-20.82901554404145,-20.0,4.77371138423402,0.13020833333333334,43.26943005181347,51.0,16.09412250981604,0.015625
2024-01-01 01:40:33.000000,2024-01-01 01:40:39.000000,7,-31.911917098445596,-25.0,22.742615856428902,0.010416666666666666,2057.3784436726287,8655.0,0.0,-14.709844559585493,-14.0,4.911588812513974,0.046875,44.84455958549223,55.0,17.487992426287818,0.020833333333333332
2024-01-01 01:40:36.000000,2024-01-01 01:40:42.000000,7,-20.76683937823834,-21.0,5.304532148324486,0.13541666666666666,148.80794775419352,11309.0,0.0,-11.585492227979275,-12.0,2.5174799095506972,0.20833333333333334,58.59585492227979,59.0,4.106953379596144,0.328125
2024-01-01 01:40:39.000000,2024-01-01 01:40:45.000000,7,-20.10362694300518,-20.0,2.1039737466922674,0.13020833333333334,36.0870915941478,11387.0,0.0,-12.652849740932643,-13.0,1.2494601597675241,0.15104166666666666,59.0,59.0,0.962851667357612,0.2552083333333333
2024-01-01 01:40:42.000000,2024-01-01 01:40:48.000000,7,-18.4559585492228,-19.0,3.211207301250765,0.171875,129.41899604871102,11304.0,0.0,-15.663212435233161,-14.0,4.905942829179514,0.026041666666666668,58.5699481865285,59.0,3.0527529408936322,0.1875
2024-01-01 01:40:45.000000,2024-01-01 01:40:51.000000,7,-15.031088082901555,-17.0,6.842656294457292,0.09895833333333333,211.30699923867044,11172.0,0.0,-20.238341968911918,-21.0,5.1392263266580205,0.0625,57.8860103626943,58.0,4.05912823408246,0.23958333333333334
2024-01-01 01:40:48.000000,2024-01-01 01:40:54.000000,7,-11.424870466321243,-12.0,6.898505507596696,0.21875,182.75672947909354,11185.0,0.0,-22.813471502590673,-23.0,2.9166234884541447,0.19270833333333334,57.95336787564767,58.0,4.373559471700862,0.3229166666666667
2024-01-01 01:40:51.000000,2024-01-01 01:40:57.000000,7,-12.481865284974093,-13.0,5.39105476716669,0.2552083333333333,177.52675013907051,11071.0,0.0,-23.60621761658031,-24.0,2.945753068384446,0.16666666666666666,57.362694300518136,57.0,3.9912739448622294,0.2760416666666667
2024-01-01 01:40:54.000000,2024-01-01 01:41:00.000000,7,-4.4974093264248705,-10.0,13.424993929363776,0.03125,151.27795310505263,11105.000000000002,0.0,-22.751295336787564,-23.0,2.6418725368313196,0.14583333333333334,57.538860103626945,57.0,4.201908389117426,0.3177083333333333
2024-01-01 01:40:57.000000,2024-01-01 01:41:03.000000,7,-18.77720207253886,-22.0,25.99433228380426,0.020833333333333332,889.4786909545182,9933.0,0.0,-18.0,-20.0,4.69041575982343,0.052083333333333336,51.46632124352332,51.0,8.41935737356273,0.09895833333333333
2024-01-01 01:41:00.000000,2024-01-01 01:41:06.000000,7,-48.50777202072539,-46.0,8.7963766042855,0.06770833333333333,1558.5733190703622,6620.0,0.0,-16.77720207253886,-17.0,4.447271921919736,0.03125,34.30051813471503,42.0,14.2482765675995,0.026041666666666668
2024-01-01 01:41:03.000000,2024-01-01 01:41:09.000000,7,-55.47150259067357,-57.0,5.181142321080872,0.109375,777.8210573003108,4072.9999999999995,0.0,-20.906735751295336,-22.0,3.637422138000659,0.06770833333333333,21.10362694300518,18.0,10.26927239519774,0.057291666666666664
2024-01-01 01:41:06.000000,2024-01-01 01:41:12.000000,7,-58.03626943005181,-59.0,3.6889094156714344,0.15625,1038.4025351395217,2103.0,0.0,-23.11917098445596,-22.0,2.921061332658681,0.08854166666666667,10.896373056994818,10.0,8.229750230724111,0.046875
2024-01-01 01:41:09.000000,2024-01-01 01:41:15.000000,7,-53.803108808290155,-52.0,6.566375099827968,0.026041666666666668,214.03518394254746,549.0,0.0,-32.487046632124354,-37.0,9.881120892204262,0.005208333333333333,2.844559585492228,3.0,3.1336021501194407,0.21875
2024-01-01 01:41:12.000000,2024-01-01 01:41:18.000000,7,-48.04145077720207,-48.0,2.071216925131191,0.203125,217.99534805797558,547.0,0.0,-42.04145077720207,-42.0,1.5235450603608336,0.16145833333333334,2.8341968911917097,3.0,2.636575964238208,0.14583333333333334
2024-01-01 01:41:15.000000,2024-01-01 01:41:21.000000,7,-46.362694300518136,-47.0,3.19391625379712,0.19270833333333334,311.85676422219376,898.0,0.0,-43.575129533678755,-43.0,2.120289659065942,0.140625,4.652849740932642,4.0,4.553925122812146,0.16145833333333334
2024-01-01 01:41:18.000000,2024-01-01 01:41:24.000000,7,-40.4559585492228,-44.0,12.443178278275191,0.057291666666666664,2383.552148918956,4270.0,0.0,-33.26943005181347,-42.0,14.85415024028528,0.046875,22.124352331606218,12.0,23.00736018375894,0.06770833333333333
2024-01-01 01:41:21.000000,2024-01-01 01:41:27.000000,7,-27.88082901554404,-20.0,14.227368554157184,0.005208333333333333,1833.0129550344495,9492.0,0.0,-14.953367875647668,-9.0,11.359325351996217,0.078125,49.181347150259064,60.0,18.835451510181546,0.036458333333333336
2024-01-01 01:41:24.000000,2024-01-01 01:41:30.000000,7,-14.212435233160623,-19.0,14.861564337565055,0.03125,225.493162029563,11297.0,0.0,-12.27461139896373,-9.0,6.1119953761771635,0.041666666666666664,58.53367875647668,60.0,5.142769544104141,0.11979166666666667
2024-01-01 01:41:27.000000,2024-01-01 01:41:33.000000,7,-20.528497409326423,-14.0,27.553366141930738,0.041666666666666664,1743.9963210645326,9363.000000000002,0.0,-17.0,-17.0,6.219927652312364,0.11458333333333333,48.512953367875646,55.0,16.381553653007263,0.0625
2024-01-01 01:41:30.000000,2024-01-01 01:41:36.000000,7,-38.20725388601036,-49.0,24.335085893425862,0.020833333333333332,1511.6685784650529,7443.0,0.0,-18.077720207253886,-17.0,5.074360692948584,0.09375,38.56476683937824,38.0,15.957534860546648,0.09375
2024-01-01 01:41:33.000000,2024-01-01 01:41:39.000000,7,-40.84455958549223,-47.0,15.532784010018922,0.020833333333333332,1227.16736041339,8115.0,0.0,-16.487046632124354,-15.0,4.209499188702749,0.052083333333333336,42.04663212435233,41.0,11.866132722409512,0.10416666666666667
2024-01-01 01:41:36.000000,2024-01-01 01:41:42.000000,7,-26.243523316062177,-16.0,15.640418127027662,0.015625,987.162383107321,10194.0,0.0,-16.155440414507773,-17.0,3.0968202673979164,0.046875,52.818652849740936,58.0,8.609785145929445,0.036458333333333336
2024-01-01 01:41:39.000000,2024-01-01 01:41:45.000000,7,-14.512953367875648,-14.0,1.7413740033918956,0.234375,46.95757286392072,11444.000000000002,0.0,-17.637305699481864,-18.0,1.0473463465362192,0.18229166666666666,59.295336787564764,59.0,1.0512041783236248,0.359375
2024-01-01 01:41:42.000000,2024-01-01 01:41:48.000000,7,-12.44041450777202,-13.0,4.93476441456818,0.08854166666666667,114.07959937676003,11400.0,0.0,-19.22279792746114,-18.0,3.4045157581505894,0.06770833333333333,59.067357512953365,59.0,2.419672361097769,0.2916666666666667
2024-01-01 01:41:45.000000,2024-01-01 01:41:51.000000,7,-17.04663212435233,-12.0,22.264108391141654,0.057291666666666664,1322.1938889451394,9924.000000000002,0.0,-20.60103626943005,-20.0,3.783379078797949,0.08333333333333333,51.41968911917098,59.0,16.11853959429482,0.036458333333333336
2024-01-01 01:41:48.000000,2024-01-01 01:41:54.000000,7,-23.409326424870468,-14.0,27.404252180360018,0.052083333333333336,1564.2936309460508,8672.0,0.0,-21.497409326424872,-21.0,4.438379434371766,0.08333333333333333,44.932642487046635,53.0,18.618444645075137,0.03125
2024-01-01 01:41:51.000000,2024-01-01 01:41:57.000000,7,-24.65284974093264,-19.0,24.24868348366249,0.052083333333333336,1291.2526945006005,9003.0,0.0,-21.66321243523316,-22.0,4.301833916270823,0.11458333333333333,46.64766839378238,53.0,16.34396573324432,0.08333333333333333
2024-01-01 01:41:54.000000,2024-01-01 01:42:00.000000,7,-27.310880829015545,-23.0,18.632597324964276,0.08333333333333333,1527.2483249314516,9546.0,0.0,-17.59585492227979,-18.0,5.060301314695547,0.06770833333333333,49.461139896373055,57.0,15.304540201430488,0.041666666666666664
2024-01-01 01:41:57.000000,2024-01-01 01:42:03.000000,7,-25.46113989637306,-22.0,10.523277409812456,0.08854166666666667,736.7036498038318,10504.0,0.0,-14.373056994818652,-14.0,3.3720202095494125,0.18229166666666666,54.424870466321245,58.0,11.8636262684873,0.036458333333333336
2024-01-01 01:42:00.000000,2024-01-01 01:42:06.000000,7,-21.17616580310881,-21.0,1.5207083784756856,0.23958333333333334,61.84921164702073,11238.0,0.0,-14.217616580310882,-14.0,0.8805186197484194,0.22395833333333334,58.2279792746114,58.0,1.7016672460369238,0.265625
2024-01-01 01:42:03.000000,2024-01-01 01:42:09.000000,7,-19.917098445595855,-20.0,3.2264156898638556,0.18229166666666666,82.18434191787162,11247.0,0.0,-15.176165803108809,-15.0,2.6770731478674277,0.16145833333333334,58.27461139896373,58.0,2.345702626452124,0.34375
2024-01-01 01:42:06.000000,2024-01-01 01:42:12.000000,7,-14.839378238341968,-17.0,6.816807019766094,0.13020833333333334,294.4928778698829,10888.0,0.0,-23.150259067357513,-24.0,7.95385208269351,0.026041666666666668,56.41450777202073,58.0,4.114784939093582,0.24479166666666666
2024-01-01 01:42:09.000000,2024-01-01 01:42:15.000000,7,-7.414507772020725,-9.0,9.039508011777597,0.14583333333333334,164.6980872215189,10436.0,0.0,-31.4559585492228,-32.0,4.041371755349852,0.1875,54.07253886010363,54.0,3.8071919715345914,0.390625
2024-01-01 01:42:12.000000,2024-01-01 01:42:18.000000,7,-6.424870466321243,-5.0,14.968571349275187,0.11979166666666667,467.7456696959897,10932.0,0.0,-20.854922279792746,-17.0,12.471203877966355,0.015625,56.64248704663213,56.0,6.060601767348142,0.125
2024-01-01 01:42:15.000000,2024-01-01 01:42:21.000000,7,-33.880829015544045,-48.0,28.545309293165616,0.015625,2988.6817336172635,7186.0,0.0,-13.300518134715025,-12.0,6.407421619768089,0.03125,37.233160621761655,36.0,23.610611554537822,0.015625
2024-01-01 01:42:18.000000,2024-01-01 01:42:24.000000,7,-38.32642487046632,-37.0,21.52619954472638,0.015625,2918.350810822016,7071.0,0.0,-16.53886010362694,-15.0,4.804489301046345,0.052083333333333336,36.637305699481864,35.0,22.82777586704999,0.026041666666666668
2024-01-01 01:42:21.000000,2024-01-01 01:42:27.000000,7,-12.077720207253886,-15.0,11.015101895828064,0.057291666666666664,194.69995623483865,11401.0,0.0,-16.471502590673577,-15.0,4.01435786703536,0.078125,59.07253886010363,60.0,4.820196473324586,0.24479166666666666
2024-01-01 01:42:24.000000,2024-01-01 01:42:30.000000,7,-2.4455958549222796,-3.0,11.320077746640377,0.125,161.36472902776345,11534.0,0.0,-18.295336787564768,-18.0,3.886519036943603,0.07291666666666667,59.76165803108808,60.0,3.8031211616182032,0.3072916666666667
2024-01-01 01:42:27.000000,2024-01-01 01:42:33.000000,7,-0.538860103626943,1.0,12.408825519653426,0.078125,133.91945542547177,11577.0,0.0,-16.383419689119172,-17.0,4.359870830825761,0.08854166666666667,59.984455958549226,60.0,4.299317634736046,0.3333333333333333
2024-01-01 01:42:30.000000,2024-01-01 01:42:36.000000,7,-19.523316062176164,-15.0,23.85046132914678,0.078125,1630.6460725357063,9819.0,0.0,-15.932642487046632,-15.0,4.9802340308189486,0.11979166666666667,50.87564766839378,58.0,16.081986484631887,0.03125
2024-01-01 01:42:33.000000,2024-01-01 01:42:39.000000,7,-24.357512953367877,-13.0,18.03704688825333,0.010416666666666666,1619.7810329172335,9842.0,0.0,-16.83937823834197,-16.0,3.9633876012907985,0.03125,50.994818652849744,60.0,15.818797299852426,0.020833333333333332
2024-01-01 01:42:36.000000,2024-01-01 01:42:42.000000,7,-11.906735751295336,-12.0,1.195306018007079,0.18229166666666666,34.263662326573254,11627.000000000002,0.0,-15.823834196891191,-16.0,0.7906035494267323,0.16145833333333334,60.24352331606217,60.0,0.7484511929682596,0.3541666666666667
2024-01-01 01:42:39.000000,2024-01-01 01:42:45.000000,7,-10.041450777202073,-11.0,4.145572684718389,0.16145833333333334,66.26587906753785,11670.0,0.0,-16.409326424870468,-16.0,3.324986851818642,0.2552083333333333,60.46632124352332,60.0,2.7424432994014265,0.328125
2024-01-01 01:42:42.000000,2024-01-01 01:42:48.000000,7,-17.05181347150259,-11.0,24.40601465585262,0.015625,1687.5516518266393,9850.0,0.0,-16.5440414507772,-16.0,3.71643005202657,0.23958333333333334,51.03626943005181,60.0,18.297988578266263,0.036458333333333336
2024-01-01 01:42:45.000000,2024-01-01 01:42:51.000000,7,-40.38860103626943,-53.0,27.519297672485614,0.005208333333333333,1887.5711143959386,5639.0,0.0,-20.507772020725387,-20.0,4.9086649268840326,0.046875,29.21761658031088,21.0,20.400273193588777,0.057291666666666664
2024-01-01 01:42:48.000000,2024-01-01 01:42:54.000000,7,-57.33678756476684,-59.0,4.509890062574842,0.14583333333333334,752.7158349797468,2280.0,0.0,-24.025906735751295,-22.0,4.132487186359221,0.07291666666666667,11.813471502590673,8.0,7.326921311624393,0.020833333333333332
2024-01-01 01:42:51.000000,2024-01-01 01:42:57.000000,7,-52.818652849740936,-52.0,7.175135324558975,0.036458333333333336,262.3801814828737,952.0000000000001,0.0,-33.487046632124354,-38.0,10.719486154647958,0.005208333333333333,4.932642487046632,6.0,3.7818951600655346,0.16145833333333334
2024-01-01 01:42:54.000000,2024-01-01 01:43:00.000000,7,-44.020725388601036,-46.0,10.636982727935782,0.15104166666666666,2196.2564254616905,3462.0,0.0,-33.6580310880829,-41.0,12.87185035338206,0.036458333333333336,17.93782383419689,8.0,20.89099360943939,0.08854166666666667
2024-01-01 01:42:57.000000,2024-01-01 01:43:03.000000,7,-28.27461139896373,-19.0,16.76188098469495,0.005208333333333333,2202.2745859643533,8947.0,0.0,-18.82901554404145,-14.0,9.695724334982174,0.015625,46.35751295336787,59.0,19.95755021161293,0.046875
2024-01-01 01:43:00.000000,2024-01-01 01:43:06.000000,7,-13.709844559585493,-14.0,4.043868362085877,0.203125,110.93699142427066,11518.0,0.0,-15.979274611398964,-14.0,4.490683120387977,0.057291666666666664,59.67875647668394,60.0,2.3980057920966718,0.18229166666666666
2024-01-01 01:43:03.000000,2024-01-01 01:43:09.000000,7,-2.300518134715026,-5.0,13.479260680027604,0.06770833333333333,226.2030768676997,11188.0,0.0,-21.181347150259068,-22.0,5.619280819262732,0.07291666666666667,57.968911917098445,59.0,4.377864224033906,0.171875
2024-01-01 01:43:06.000000,2024-01-01 01:43:12.000000,7,-14.290155440414507,-2.0,31.086216741988398,0.06770833333333333,1817.4435400772165,8868.0,0.0,-21.39896373056995,-21.0,5.0735629085702065,0.07291666666666667,45.94818652849741,53.0,17.363377687392106,0.03125
2024-01-01 01:43:09.000000,2024-01-01 01:43:15.000000,7,-25.559585492227978,-20.0,23.593515701578294,0.07291666666666667,1490.4123768065347,8555.0,0.0,-24.139896373056995,-23.0,8.743814122330834,0.06770833333333333,44.32642487046632,50.0,16.51773592756317,0.07291666666666667
2024-01-01 01:43:12.000000,2024-01-01 01:43:18.000000,7,-12.404145077720207,-13.0,9.563514838289121,0.19270833333333334,553.9543667556674,10670.0,0.0,-26.362694300518136,-25.0,8.46457427771392,0.03125,55.284974093264246,55.0,6.220482976655996,0.22916666666666666
2024-01-01 01:43:15.000000,2024-01-01 01:43:21.000000,7,1.2124352331606219,1.0,15.810118423325783,0.08333333333333333,371.25313774161503,10747.0,0.0,-25.569948186528496,-24.0,6.418278625779246,0.057291666666666664,55.6839378238342,55.0,5.625333419402567,0.22395833333333334
2024-01-01 01:43:18.000000,2024-01-01 01:43:24.000000,7,10.564766839378239,11.0,13.671640434084514,0.10416666666666667,255.98765075161987,10710.0,0.0,-25.844559585492227,-25.0,5.195820028500456,0.16145833333333334,55.49222797927461,55.0,6.341102009726285,0.28125
2024-01-01 01:43:21.000000,2024-01-01 01:43:27.000000,7,-4.217616580310881,2.0,28.62935375402416,0.09895833333333333,938.7385585555675,9853.000000000002,0.0,-22.5440414507772,-23.0,4.7892433986597736,0.203125,51.05181347150259,55.0,13.385214531278876,0.1875
2024-01-01 01:43:24.000000,2024-01-01 01:43:30.000000,7,-22.60103626943005,-25.0,24.76980266212376,0.08854166666666667,1057.6950370397376,9632.0,0.0,-17.518134715025905,-18.0,5.594913300125747,0.125,49.90673575129534,54.0,12.830286687236725,0.06770833333333333
2024-01-01 01:43:27.000000,2024-01-01 01:43:33.000000,7,-28.694300518134714,-25.0,14.345978626896983,0.057291666666666664,1354.9838469102963,9695.0,0.0,-16.813471502590673,-15.0,7.02350405709779,0.109375,50.233160621761655,56.0,14.21422918460962,0.07291666666666667
2024-01-01 01:43:30.000000,2024-01-01 01:43:36.000000,7,-24.492227979274613,-20.0,13.7276785375783,0.046875,1248.2448252259358,10174.0,0.0,-15.595854922279793,-13.0,7.158356379936396,0.036458333333333336,52.715025906735754,59.0,14.460673398204287,0.005208333333333333
2024-01-01 01:43:33.000000,2024-01-01 01:43:39.000000,7,-17.746113989637305,-17.0,4.144876094783214,0.11979166666666667,121.70728305741032,11424.0,0.0,-14.015544041450777,-13.0,4.367823499679483,0.109375,59.19170984455958,60.0,3.2047383016461732,0.2760416666666667
2024-01-01 01:43:36.000000,2024-01-01 01:43:42.000000,7,-23.067357512953368,-23.0,8.283431112873885,0.057291666666666664,618.8381132428376,10494.0,0.0,-20.792746113989637,-22.0,5.952813517467839,0.005208333333333333,54.373056994818654,53.0,5.7731147249074315,0.06770833333333333
2024-01-01 01:43:39.000000,2024-01-01 01:43:45.000000,7,-33.17616580310881,-31.0,15.05199501635468,0.11979166666666667,1615.3895101396806,8411.0,0.0,-21.497409326424872,-22.0,6.256766630626467,0.08333333333333333,43.58031088082902,50.0,19.301204245318903,0.015625
2024-01-01 01:43:42.000000,2024-01-01 01:43:48.000000,7,-31.813471502590673,-23.0,16.379497628846952,0.015625,2135.4609001531912,8785.0,0.0,-16.93782383419689,-15.0,5.986640459359267,0.078125,45.51813471502591,57.0,20.980420749735313,0.010416666666666666
2024-01-01 01:43:45.000000,2024-01-01 01:43:51.000000,7,-22.4559585492228,-20.0,8.744604183815646,0.005208333333333333,483.9421040147277,10847.0,0.0,-15.637305699481866,-15.0,4.263832513471416,0.125,56.2020725388601,59.0,7.888916001721092,0.03125
2024-01-01 01:43:48.000000,2024-01-01 01:43:54.000000,7,-16.202072538860104,-16.0,5.052391745389242,0.18229166666666666,204.40626176042352,11313.0,0.0,-17.238341968911918,-16.0,2.8440693679916076,0.041666666666666664,58.61658031088083,59.0,4.096255240438351,0.2864583333333333
2024-01-01 01:43:51.000000,2024-01-01 01:43:57.000000,7,-19.621761658031087,-22.0,6.892549042049967,0.015625,191.43800327971235,11274.0,0.0,-12.61658031088083,-13.0,7.196507740667368,0.015625,58.41450777202073,59.0,4.077912672147115,0.296875
2024-01-01 01:43:54.000000,2024-01-01 01:44:00.000000,7,-22.564766839378237,-22.0,3.205984325012834,0.09375,66.78314355516763,11434.0,0.0,-6.098445595854923,-6.0,1.637976288364251,0.20833333333333334,59.24352331606217,60.0,1.925100652326776,0.28125
2024-01-01 01:43:57.000000,2024-01-01 01:44:03.000000,7,-22.803108808290155,-21.0,7.066837950477387,0.015625,249.5545961324826,11311.0,0.0,-5.875647668393782,-6.0,1.7395754152136924,0.06770833333333333,58.60621761658031,60.0,3.846042702990921,0.036458333333333336
2024-01-01 01:44:00.000000,2024-01-01 01:44:06.000000,7,-34.01036269430052,-42.0,11.623427150455,0.015625,803.0109437014962,10058.0,0.0,-3.466321243523316,-2.0,2.549541511154201,0.036458333333333336,52.1139896373057,48.0,6.5405355555993046,0.005208333333333333
2024-01-01 01:44:03.000000,2024-01-01 01:44:09.000000,7,-41.67357512953368,-42.0,2.33456280833155,0.13020833333333334,182.4959190161072,9302.0,0.0,-1.839378238341969,-2.0,0.6124605658589766,0.15104166666666666,48.196891191709845,48.0,1.926403891098843,0.171875
2024-01-01 01:44:06.000000,2024-01-01 01:44:12.000000,7,-39.05181347150259,-39.0,2.587511941684374,0.21354166666666666,116.71012695081977,9684.0,0.0,-3.6580310880829017,-3.0,2.0405141966005744,0.015625,50.17616580310881,50.0,2.215017826647486,0.23958333333333334
2024-01-01 01:44:09.000000,2024-01-01 01:44:15.000000,7,-48.36787564766839,-43.0,11.753297593347543,0.020833333333333332,2513.9086253900364,6525.0,0.0,-5.77720207253886,-6.0,2.486860982744247,0.16666666666666666,33.80829015544042,47.0,20.644297378421594,0.041666666666666664
2024-01-01 01:44:12.000000,2024-01-01 01:44:18.000000,7,-51.04663212435233,-47.0,9.471057972537757,0.0625,2315.242134341676,6128.0,0.0,-3.683937823834197,-2.0,3.448822419239253,0.026041666666666668,31.751295336787564,43.0,18.985200126261418,0.041666666666666664
2024-01-01 01:44:15.000000,2024-01-01 01:44:21.000000,7,-42.95854922279793,-43.0,2.3559193996434997,0.46875,78.38454894576098,9088.000000000002,0.0,-1.067357512953368,-1.0,0.8040404229434719,0.375,47.0880829015544,48.0,2.1378320778516677,0.4322916666666667
2024-01-01 01:44:18.000000,2024-01-01 01:44:24.000000,7,-42.29015544041451,-42.0,1.2156773132205358,0.5208333333333334,23.759810022283386,9216.000000000002,0.0,-1.1968911917098446,-1.0,0.5328682935842837,0.3802083333333333,47.751295336787564,48.0,0.7707618531017779,0.3854166666666667
2024-01-01 01:44:21.000000,2024-01-01 01:44:27.000000,7,-46.07772020725388,-43.0,8.015555903500491,0.015625,908.3255589050699,8199.0,0.0,-2.295336787564767,-1.0,4.925574101008435,0.07291666666666667,42.48186528497409,48.0,9.57758519509262,0.005208333333333333
2024-01-01 01:44:24.000000,2024-01-01 01:44:30.000000,7,-46.067357512953365,-44.0,11.373425795909533,0.08333333333333333,898.9377105918018,7971.0,0.0,-4.751295336787565,-3.0,6.326227720176553,0.11458333333333333,41.30051813471503,44.0,11.262624848592722,0.041666666666666664
2024-01-01 01:44:27.000000,2024-01-01 01:44:33.000000,7,-35.16062176165803,-30.0,12.147106292367148,0.07291666666666667,679.2807951941971,9794.0,0.0,-6.823834196891192,-7.0,4.8584175035738575,0.15625,50.74611398963731,56.0,9.48039632651358,0.0625
2024-01-01 01:44:30.000000,2024-01-01 01:44:36.000000,7,-35.031088082901555,-41.0,9.051879832245307,0.005208333333333333,610.7087585699672,10018.0,0.0,-6.7927461139896375,-7.0,3.0291206821586325,0.13541666666666666,51.90673575129534,49.0,5.683639368985671,0.015625
2024-01-01 01:44:33.000000,2024-01-01 01:44:39.000000,7,-43.67357512953368,-42.0,3.7098090929379235,0.10416666666666667,204.81958883004026,8915.0,0.0,-3.321243523316062,-3.0,3.083966349621187,0.041666666666666664,46.19170984455958,47.0,3.1140698314860136,0.125
2024-01-01 01:44:36.000000,2024-01-01 01:44:42.000000,7,-45.48186528497409,-47.0,7.5070059390716715,0.08333333333333333,413.66867954810874,8272.0,0.0,-4.699481865284974,-1.0,7.2896080242222085,0.026041666666666668,42.86010362694301,43.0,6.935424914106238,0.11458333333333333
2024-01-01 01:44:39.000000,2024-01-01 01:44:45.000000,7,-27.419689119170986,-16.0,20.036295864909338,0.005208333333333333,1345.7617768728735,9775.0,0.0,-12.642487046632125,-16.0,7.267339755076587,0.046875,50.64766839378238,55.0,11.820718360409884,0.036458333333333336
2024-01-01 01:44:42.000000,2024-01-01 01:44:48.000000,7,-13.580310880829016,-10.0,13.06374698620256,0.13020833333333334,250.18332442844348,11423.0,0.0,-14.098445595854923,-16.0,4.233503236632384,0.140625,59.18652849740933,60.0,6.685371535928456,0.2864583333333333
2024-01-01 01:44:45.000000,2024-01-01 01:44:51.000000,7,-27.632124352331605,-29.0,16.478660574142225,0.109375,639.762693752284,10383.0,0.0,-8.658031088082902,-9.0,5.6731412391955995,0.203125,53.7979274611399,53.0,10.720676860575423,0.16145833333333334
2024-01-01 01:44:48.000000,2024-01-01 01:44:54.000000,7,-37.33678756476684,-38.0,6.903014441279359,0.2604166666666667,377.1096528496787,9752.0,0.0,-3.3523316062176165,-1.0,4.503494852829822,0.036458333333333336,50.52849740932643,51.0,8.006538104447014,0.11979166666666667
2024-01-01 01:44:51.000000,2024-01-01 01:44:57.000000,7,-38.248704663212436,-38.0,4.679332983185769,0.057291666666666664,111.39781756705929,9771.0,0.0,-1.2227979274611398,-1.0,2.219022505705838,0.036458333333333336,50.626943005181346,51.0,3.419566779619362,0.052083333333333336
2024-01-01 01:44:54.000000,2024-01-01 01:45:00.000000,7,-34.4300518134715,-36.0,7.362385291792422,0.078125,351.29523961859616,10187.0,0.0,-4.398963730569948,-5.0,3.741852115448448,0.026041666666666668,52.78238341968912,52.0,4.877061585257083,0.09895833333333333
2024-01-01 01:44:57.000000,2024-01-01 01:45:03.000000,7,-22.60621761658031,-24.0,11.061398847940962,0.11458333333333333,399.5227537894481,11191.0,0.0,-8.020725388601036,-8.0,3.280241589843266,0.14583333333333334,57.984455958549226,57.0,7.4466691966511,0.19791666666666666
2024-01-01 01:45:00.000000,2024-01-01 01:45:06.000000,7,-25.124352331606218,-29.0,13.495565541757875,0.046875,675.9515845170366,10853.0,0.0,-5.725388601036269,-6.0,4.783024232820104,0.057291666666666664,56.233160621761655,56.0,10.095509462756588,0.16145833333333334
2024-01-01 01:45:03.000000,2024-01-01 01:45:09.000000,7,-38.601036269430054,-35.0,7.360607351789619,0.036458333333333336,451.07260988522467,9627.0,0.0,-1.0414507772020725,-1.0,2.76856272295751,0.1875,49.880829015544045,54.0,7.2342713967950605,0.03125
2024-01-01 01:45:06.000000,2024-01-01 01:45:12.000000,7,-41.98963730569948,-42.0,3.894426623000415,0.09895833333333333,187.26843789197508,9243.000000000002,0.0,0.7098445595854922,1.0,1.185307834789108,0.15104166666666666,47.89119170984456,48.0,2.9480882098852157,0.09375
2024-01-01 01:45:09.000000,2024-01-01 01:45:15.000000,7,-41.78238341968912,-42.0,0.6569345779631801,0.3072916666666667,31.57767648809057,9293.0,0.0,0.917098445595855,1.0,0.328138492814119,0.17708333333333334,48.15025906735751,48.0,0.580241001683389,0.21354166666666666
2024-01-01 01:45:12.000000,2024-01-01 01:45:18.000000,7,-41.26424870466321,-41.0,0.5078719699135145,0.2760416666666667,32.87191340229586,9397.0,0.0,0.8549222797927462,1.0,0.36754976869775785,0.2604166666666667,48.689119170984455,49.0,0.4751488267893656,0.21354166666666666
2024-01-01 01:45:15.000000,2024-01-01 01:45:21.000000,7,-41.398963730569946,-41.0,0.6050128818623157,0.24479166666666666,52.17697793472164,9378.0,0.0,0.8497409326424871,1.0,0.37250899770056023,0.265625,48.590673575129536,49.0,0.5136836556677401,0.21354166666666666
2024-01-01 01:45:18.000000,2024-01-01 01:45:24.000000,7,-41.3419689119171,-41.0,0.7339606164696422,0.2604166666666667,48.97699936234938,9373.0,0.0,0.7357512953367875,1.0,0.47611336656707565,0.328125,48.56476683937824,49.0,0.5564040727995979,0.25
2024-01-01 01:45:21.000000,2024-01-01 01:45:27.000000,7,-40.70984455958549,-41.0,0.6027337692097305,0.3333333333333333,16.516379669244547,9456.0,0.0,0.533678756476684,1.0,0.5304827208292895,0.4427083333333333,48.994818652849744,49.0,0.3886060736576215,0.078125
2024-01-01 01:45:24.000000,2024-01-01 01:45:30.000000,7,-41.015544041450774,-41.0,1.161342093306561,0.16666666666666666,67.42704922848758,9405.000000000002,0.0,0.8911917098445595,1.0,0.7385057616098305,0.2552083333333333,48.73056994818653,49.0,1.2247228370671666,0.09375
2024-01-01 01:45:27.000000,2024-01-01 01:45:33.000000,7,-40.94818652849741,-41.0,1.2654912280846682,0.328125,80.23655646855235,9424.0,0.0,1.4352331606217616,1.0,0.635086995795049,0.3697916666666667,48.829015544041454,49.0,1.2977494801766511,0.11458333333333333
2024-01-01 01:45:30.000000,2024-01-01 01:45:36.000000,7,-40.870466321243526,-41.0,1.3612219885989396,0.3177083333333333,64.14706880267578,9434.0,0.0,1.5751295336787565,2.0,0.5060087993391372,0.40625,48.880829015544045,49.0,1.0807478780087338,0.036458333333333336
2024-01-01 01:45:33.000000,2024-01-01 01:45:39.000000,7,-41.30051813471503,-41.0,1.4041789345158853,0.041666666666666664,95.17251134359802,9371.0,0.0,1.3367875647668395,1.0,0.473840736089557,0.296875,48.55440414507772,49.0,1.126570099897351,0.03125
2024-01-01 01:45:36.000000,2024-01-01 01:45:42.000000,7,-43.129533678756474,-41.0,8.12460308582796,0.14583333333333334,945.0773318113328,8380.0,0.0,-7.476683937823834,1.0,13.226422630973426,0.005208333333333333,43.41968911917098,49.0,9.995052208610511,0.06770833333333333
2024-01-01 01:45:39.000000,2024-01-01 01:45:45.000000,7,-43.72020725388601,-43.0,9.95481750829661,0.18229166666666666,911.3059686777359,7991.000000000001,0.0,-13.683937823834198,-13.0,13.144572748709406,0.041666666666666664,41.40414507772021,43.0,10.456376813321917,0.11458333333333333
2024-01-01 01:45:42.000000,2024-01-01 01:45:48.000000,7,-43.33160621761658,-44.0,6.14104073108088,0.25,406.9306457045778,8727.0,0.0,-7.067357512953368,-3.0,9.307849608532612,0.026041666666666668,45.21761658031088,46.0,5.340909383215895,0.08854166666666667
2024-01-01 01:45:45.000000,2024-01-01 01:45:51.000000,7,-43.66839378238342,-43.0,1.3477937258576183,0.328125,64.36828152670472,8960.0,0.0,-2.6891191709844557,-3.0,0.57439801032557,0.24479166666666666,46.424870466321245,47.0,1.120734092016762,0.18229166666666666
2024-01-01 01:45:48.000000,2024-01-01 01:45:54.000000,7,-42.90155440414508,-43.0,0.6419758468277373,0.22395833333333334,20.44720460798607,9088.0,0.0,-2.860103626943005,-3.0,0.3477816449136738,0.19270833333333334,47.0880829015544,47.0,0.4649293778896649,0.109375
2024-01-01 01:45:51.000000,2024-01-01 01:45:57.000000,7,-42.96373056994819,-43.0,0.7243751401698066,0.16666666666666666,34.54109966170305,9088.0,0.0,-2.756476683937824,-3.0,0.43032451505301594,0.23958333333333334,47.0880829015544,47.0,0.49740257983334857,0.10416666666666667
2024-01-01 01:45:54.000000,2024-01-01 01:46:00.000000,7,-48.02590673575129,-44.0,8.945689856690194,0.08854166666666667,1370.4834791593814,7410.0,0.0,-5.601036269430052,-3.0,6.114480674640546,0.036458333333333336,38.39378238341969,46.0,14.603451457557206,0.078125
2024-01-01 01:45:57.000000,2024-01-01 01:46:03.000000,7,-57.50259067357513,-62.0,8.899979138746378,0.06770833333333333,1630.8105504591977,3802.0,0.0,-9.839378238341968,-11.0,5.470575040895223,0.057291666666666664,19.699481865284973,10.0,15.731896001864255,0.005208333333333333
2024-01-01 01:46:00.000000,2024-01-01 01:46:06.000000,7,-60.39378238341969,-62.0,3.3804528010159163,0.09895833333333333,958.5069549604932,3113.0,0.0,-8.860103626943005,-11.0,6.483642397542105,0.036458333333333336,16.129533678756477,10.0,8.123320870734576,0.036458333333333336
2024-01-01 01:46:03.000000,2024-01-01 01:46:09.000000,7,-58.18652849740933,-58.0,2.869818677210999,0.21354166666666666,361.18365677273056,4834.0,0.0,-3.5803108808290154,-1.0,6.850716652500665,0.046875,25.04663212435233,27.0,5.031453314153314,0.08854166666666667
2024-01-01 01:46:06.000000,2024-01-01 01:46:12.000000,7,-56.90155440414508,-57.0,3.141729829448026,0.036458333333333336,432.4342421116491,5459.0,0.0,-0.5233160621761658,0.0,1.3073212866236872,0.421875,28.28497409326425,28.0,7.041294279430002,0.109375
2024-01-01 01:46:09.000000,2024-01-01 01:46:15.000000,7,-54.49740932642487,-53.0,3.33873159599884,0.078125,549.7172278680576,6273.0,0.0,-0.5647668393782384,-1.0,1.2979158263261852,0.390625,32.50259067357513,35.0,7.634982776893105,0.026041666666666668
2024-01-01 01:46:12.000000,2024-01-01 01:46:18.000000,7,-53.03626943005181,-53.0,0.5531449572182926,0.2864583333333333,17.531953121954405,6871.0,0.0,-0.5181347150259067,-1.0,0.7911836086463574,0.421875,35.601036269430054,36.0,0.5603188858908927,0.3177083333333333
2024-01-01 01:46:15.000000,2024-01-01 01:46:21.000000,7,-47.943005181347154,-53.0,14.587089943000326,0.005208333333333333,178.67420064511992,6648.0,0.0,-8.290155440414507,-1.0,17.835438635757715,0.005208333333333333,34.44559585492228,35.0,3.555862791219977,0.11979166666666667
2024-01-01 01:46:18.000000,2024-01-01 01:46:24.000000,7,-40.89119170984456,-53.0,21.306140916644924,0.010416666666666666,550.5741208928098,5631.0,0.0,-22.269430051813472,-3.0,24.85709045780769,0.020833333333333332,29.17616580310881,30.0,6.996282630013799,0.15104166666666666
2024-01-01 01:46:21.000000,2024-01-01 01:46:27.000000,7,-49.056994818652846,-59.0,19.350976108158306,0.026041666666666668,160.38230568741068,4632.0,0.0,-15.471502590673575,-2.0,22.600711325486262,0.005208333333333333,24.0,23.0,4.683748498798798,0.25
2024-01-01 01:46:24.000000,2024-01-01 01:46:30.000000,7,-59.07253886010363,-59.0,1.763319041311238,0.22395833333333334,131.58050667338813,4693.0,0.0,-2.4145077720207255,-2.0,1.718222461826376,0.22395833333333334,24.316062176165804,25.0,1.8648617677406136,0.109375
2024-01-01 01:46:27.000000,2024-01-01 01:46:33.000000,7,-58.66321243523316,-59.0,0.9495306085172938,0.296875,38.81789321021412,4919.0,0.0,-2.922279792746114,-3.0,0.8286352889791886,0.328125,25.487046632124354,25.0,0.8962236065973987,0.2552083333333333
2024-01-01 01:46:30.000000,2024-01-01 01:46:36.000000,7,-57.72020725388601,-58.0,1.7982792581118872,0.18229166666666666,249.2178251061227,5262.0,0.0,-3.1658031088082903,-3.0,1.052512619971191,0.2760416666666667,27.264248704663213,27.0,2.410397741277809,0.057291666666666664
2024-01-01 01:46:33.000000,2024-01-01 01:46:39.000000,7,-56.95854922279793,-57.0,1.6324642571737662,0.25,169.3322529648387,5571.000000000001,0.0,-3.430051813471503,-3.0,1.0188476422580137,0.3802083333333333,28.865284974093264,29.0,1.7625995972545203,0.10416666666666667
2024-01-01 01:46:36.000000,2024-01-01 01:46:42.000000,7,-57.20725388601036,-57.0,0.9456860510133227,0.3229166666666667,89.93479233165189,5510.0,0.0,-3.4404145077720205,-3.0,0.6105187635296406,0.3802083333333333,28.54922279792746,28.0,1.0402883800390212,0.16666666666666666
2024-01-01 01:46:39.000000,2024-01-01 01:46:45.000000,7,-56.66321243523316,-57.0,1.0584698278700362,0.234375,144.0970556860077,5691.0,0.0,-3.5492227979274613,-4.0,0.567259417707232,0.3489583333333333,29.487046632124354,29.0,1.2873940421211838,0.057291666666666664
2024-01-01 01:46:42.000000,2024-01-01 01:46:48.000000,7,-56.12435233160622,-56.0,1.9856458122944682,0.3333333333333333,65.53402098147566,5883.0,0.0,-3.383419689119171,-3.0,0.8886639755753124,0.3645833333333333,30.481865284974095,31.0,1.5515223177868482,0.21875
2024-01-01 01:46:45.000000,2024-01-01 01:46:51.000000,7,-57.40414507772021,-58.0,2.2895558657032526,0.15104166666666666,341.45664936759056,5389.0,0.0,-3.0310880829015545,-3.0,0.9348949124951564,0.3229166666666667,27.922279792746114,27.0,2.964928853920159,0.078125
2024-01-01 01:46:48.000000,2024-01-01 01:46:54.000000,7,-58.07253886010363,-58.0,3.4467560654598275,0.28125,346.89627148856493,4998.0,0.0,-2.7202072538860103,-3.0,1.6502701668177775,0.2708333333333333,25.89637305699482,26.0,4.575710020689353,0.14583333333333334
2024-01-01 01:46:51.000000,2024-01-01 01:46:57.000000,7,-54.87564766839378,-53.0,4.411759583796004,0.078125,720.7283225983276,6075.0,0.0,-1.927461139896373,-2.0,1.832837701884919,0.2552083333333333,31.476683937823836,35.0,6.9440266137973685,0.036458333333333336
2024-01-01 01:46:54.000000,2024-01-01 01:47:00.000000,7,-51.74611398963731,-52.0,1.1469152138549839,0.328125,91.74232654752535,7198.0,0.0,-1.4041450777202074,-1.0,0.8614325639167388,0.390625,37.295336787564764,38.0,1.2627800908544486,0.203125
2024-01-01 01:46:57.000000,2024-01-01 01:47:03.000000,7,-53.39378238341969,-51.0,5.242093520076662,0.036458333333333336,610.4427079324341,6633.0,0.0,-2.0,-2.0,2.3518609652783473,0.21614583333333334,34.36787564766839,38.0,6.7271530123167675,0.026041666666666668
2024-01-01 01:47:00.000000,2024-01-01 01:47:06.000000,7,-56.865284974093264,-58.0,5.0241590347946135,0.026041666666666668,467.1884039726481,5508.999999999999,0.0,-2.1243523316062176,-2.0,2.3262715430238545,0.07291666666666667,28.5440414507772,26.0,6.1702730084067605,0.026041666666666668
2024-01-01 01:47:03.000000,2024-01-01 01:47:09.000000,7,-58.24352331606217,-58.0,0.5181819386942633,0.3229166666666667,21.666475129193334,5065.999999999999,0.0,-1.7409326424870466,-2.0,0.573033921899628,0.3333333333333333,26.248704663212436,26.0,0.489803192650094,0.20833333333333334
2024-01-01 01:47:06.000000,2024-01-01 01:47:12.000000,7,-58.362694300518136,-58.0,5.413434002824464,0.3541666666666667,155.2750616271314,5021.0,0.0,-2.0259067357512954,-2.0,4.0420127426926555,0.14583333333333334,26.015544041450777,26.0,5.238555665227359,0.203125
2024-01-01 01:47:09.000000,2024-01-01 01:47:15.000000,7,-55.46632124352332,-58.0,10.137603032789942,0.15104166666666666,809.1660631761425,5965.0,0.0,-2.7253886010362693,-2.0,5.475535359981805,0.17708333333333334,30.906735751295336,27.0,10.789733074085623,0.140625
2024-01-01 01:47:12.000000,2024-01-01 01:47:18.000000,7,-52.64766839378238,-54.0,11.463265934691764,0.21354166666666666,1289.6860539637619,6163.0,0.0,-5.321243523316062,-6.0,6.05791618013949,0.125,31.932642487046632,33.0,15.701002547663228,0.13020833333333334
2024-01-01 01:47:15.000000,2024-01-01 01:47:21.000000,7,-50.30051813471503,-48.0,8.929868521622897,0.140625,1342.421879770462,6799.0,0.0,-4.243523316062176,-1.0,5.4969472608217265,0.08333333333333333,35.2279792746114,42.0,15.00173061404034,0.0625
2024-01-01 01:47:18.000000,2024-01-01 01:47:24.000000,7,-47.09844559585492,-47.0,3.0148327186169936,0.22916666666666666,118.15916531841239,8337.0,0.0,-0.7357512953367875,-1.0,1.17598211628572,0.3229166666666667,43.196891191709845,43.0,2.287327104935824,0.11458333333333333
2024-01-01 01:47:21.000000,2024-01-01 01:47:27.000000,7,-46.30569948186528,-46.0,0.9099099387953056,0.16145833333333334,76.37370596257898,8501.0,0.0,-0.32124352331606215,0.0,0.5500137382488925,0.375,44.04663212435233,44.0,0.8737500324297474,0.16666666666666666
2024-01-01 01:47:24.000000,2024-01-01 01:47:30.000000,7,-32.626943005181346,-45.0,17.339012475540322,0.005208333333333333,235.10640448939589,8636.0,0.0,-17.71502590673575,-1.0,19.875042770508294,0.005208333333333333,44.74611398963731,45.0,3.746220029279114,0.125
2024-01-01 01:47:27.000000,2024-01-01 01:47:33.000000,7,-20.642487046632123,-18.0,12.411841541409158,0.125,280.56304391973555,8839.0,0.0,-35.932642487046635,-39.0,10.103146259213542,0.07291666666666667,45.7979274611399,47.0,6.226254546853244,0.203125
2024-01-01 01:47:30.000000,2024-01-01 01:47:36.000000,7,-20.196891191709845,-21.0,8.913507462552218,0.19791666666666666,279.86789892027514,8710.0,0.0,-38.854922279792746,-39.0,4.51498536348345,0.18229166666666666,45.129533678756474,46.0,7.502000308956177,0.3125
2024-01-01 01:47:33.000000,2024-01-01 01:47:39.000000,7,-19.243523316062177,-21.0,8.09563745821923,0.13541666666666666,282.2775567494324,8400.0,0.0,-41.36787564766839,-42.0,2.950000731828603,0.22395833333333334,43.523316062176164,44.0,5.963493574501957,0.3072916666666667
2024-01-01 01:47:36.000000,2024-01-01 01:47:42.000000,7,-20.989637305699482,-22.0,4.406422440249506,0.140625,126.1818397384081,8300.000000000002,0.0,-41.80829015544042,-42.0,1.1768308779817618,0.3177083333333333,43.005181347150256,43.0,2.5990731707957373,0.265625
2024-01-01 01:47:39.000000,2024-01-01 01:47:45.000000,7,-20.300518134715027,-21.0,3.592940088581796,0.125,194.39703364434638,8494.0,0.0,-41.04663212435233,-41.0,1.1871278164141879,0.2552083333333333,44.01036269430052,43.0,2.5535711050607213,0.15104166666666666
2024-01-01 01:47:42.000000,2024-01-01 01:47:48.000000,7,-15.424870466321243,-15.0,5.001645886273368,0.23958333333333334,249.68607538035295,9084.0,0.0,-39.52849740932643,-40.0,2.1091236137225353,0.16145833333333334,47.067357512953365,47.0,4.315744161601076,0.3125
2024-01-01 01:47:45.000000,2024-01-01 01:47:51.000000,7,-14.626943005181348,-15.0,4.722033844324183,0.22395833333333334,175.81249350091616,9240.0,0.0,-39.015544041450774,-39.0,2.310475879774339,0.20833333333333334,47.87564766839378,48.0,5.0285722916035045,0.328125
2024-01-01 01:47:48.000000,2024-01-01 01:47:54.000000,7,-16.901554404145077,-17.0,4.763757234359263,0.3229166666666667,179.9763912981961,9016.0,0.0,-39.38860103626943,-39.0,2.0359463942371496,0.2604166666666667,46.715025906735754,47.0,4.927244848411774,0.3020833333333333
2024-01-01 01:47:51.000000,2024-01-01 01:47:57.000000,7,-17.16580310880829,-17.0,4.061182030131773,0.19791666666666666,119.33963622036018,9036.0,0.0,-39.21761658031088,-39.0,1.401004296825554,0.24479166666666666,46.818652849740936,47.0,3.536014742484454,0.296875
2024-01-01 01:47:54.000000,2024-01-01 01:48:00.000000,7,-17.139896373056995,-17.0,2.6093010697385717,0.20833333333333334,83.55708581670432,9048.0,0.0,-39.32124352331606,-39.0,1.1367050829462562,0.234375,46.880829015544045,47.0,2.5497743643612294,0.3125
2024-01-01 01:47:57.000000,2024-01-01 01:48:03.000000,7,-15.927461139896373,-16.0,4.106007067876379,0.2604166666666667,184.23235435445037,9120.0,0.0,-39.424870466321245,-39.0,1.7986693892083947,0.2864583333333333,47.25388601036269,47.0,3.9426616865309,0.2916666666666667
2024-01-01 01:48:00.000000,2024-01-01 01:48:06.000000,7,-13.321243523316062,-14.0,5.081667880292441,0.234375,124.96492379871383,9243.0,0.0,-39.626943005181346,-39.0,1.80730562632417,0.25,47.89119170984456,48.0,3.6002857423540124,0.3229166666666667
2024-01-01 01:48:03.000000,2024-01-01 01:48:09.000000,7,-11.927461139896373,-12.0,4.9249494794143915,0.23958333333333334,114.87800100569808,9221.0,0.0,-40.02590673575129,-40.0,1.4449453318689276,0.23958333333333334,47.77720207253886,48.0,2.9203129194481345,0.328125
2024-01-01 01:48:06.000000,2024-01-01 01:48:12.000000,7,-15.119170984455959,-16.0,5.334761723121947,0.140625,128.69455541547268,9084.0,0.0,-39.73056994818653,-40.0,1.334614561449801,0.2708333333333333,47.067357512953365,47.0,2.673290295072182,0.3020833333333333
2024-01-01 01:48:09.000000,2024-01-01 01:48:15.000000,7,-18.367875647668395,-18.0,3.728326834446781,0.24479166666666666,80.98522886369074,8901.0,0.0,-39.740932642487046,-40.0,1.0729792832642826,0.2708333333333333,46.119170984455955,46.0,2.0184811061341086,0.359375
2024-01-01 01:48:12.000000,2024-01-01 01:48:18.000000,7,-19.414507772020727,-20.0,3.3031230315654416,0.2864583333333333,72.33929901471782,8701.0,0.0,-40.38860103626943,-40.0,0.8411763906620614,0.3802083333333333,45.082901554404145,45.0,1.866192613442227,0.3177083333333333
2024-01-01 01:48:15.000000,2024-01-01 01:48:21.000000,7,-20.585492227979273,-21.0,1.8775529539779587,0.34375,38.6487068162153,8590.0,0.0,-40.538860103626945,-41.0,0.6453299754405297,0.4427083333333333,44.50777202072539,44.0,1.2629296751685821,0.4010416666666667
2024-01-01 01:48:18.000000,2024-01-01 01:48:24.000000,6,-18.673575129533678,-20.0,2.9916857298260604,0.08854166666666667,173.3114625207628,8849.0,0.0,-39.83937823834197,-40.0,0.9895830492682078,0.11979166666666667,45.84974093264249,45.0,1.9799022585390118,0.15104166666666666
2024-01-01 01:48:21.000000,2024-01-01 01:48:27.000000,6,-15.031088082901555,-16.0,14.465442561408528,0.19791666666666666,1338.2385333640068,7865.000000000001,0.0,-5.694300518134715,-38.0,44.145059400005934,0.015625,40.751295336787564,47.0,15.758275302229737,0.036458333333333336
2024-01-01 01:48:24.000000,2024-01-01 01:48:30.000000,6,-12.155440414507773,-11.0,17.789764260249015,0.052083333333333336,1788.5056775546548,4285.0,0.0,44.0880829015544,58.0,33.91667966246735,0.026041666666666668,22.202072538860104,15.0,19.68463857128727,0.036458333333333336
2024-01-01 01:48:27.000000,2024-01-01 01:48:33.000000,6,-20.155440414507773,-26.0,14.564035467613351,0.03125,386.8491392046021,2054.0,0.0,57.87564766839378,57.0,7.23022286137958,0.14583333333333334,10.642487046632125,11.0,6.536887163045074,0.15625
2024-01-01 01:48:30.000000,2024-01-01 01:48:36.000000,6,-30.243523316062177,-31.0,6.142218317100285,0.21875,519.2962383402671,2259.0,0.0,54.373056994818654,54.0,2.9057592743164986,0.1875,11.704663212435234,12.0,5.299452508626874,0.17708333333333334
2024-01-01 01:48:33.000000,2024-01-01 01:48:39.000000,6,-32.46632124352332,-34.0,5.65870968069858,0.19270833333333334,338.4471068717194,2219.0000000000005,0.0,53.3160621761658,53.0,1.9280282015867902,0.16145833333333334,11.49740932642487,11.0,4.548493743734025,0.1875
2024-01-01 01:48:36.000000,2024-01-01 01:48:42.000000,6,-31.10362694300518,-31.0,4.437017263143899,0.140625,584.3305915648913,2870.9999999999995,0.0,53.07253886010363,53.0,1.1836218602735604,0.21354166666666666,14.875647668393782,14.0,4.948177033873105,0.057291666666666664
2024-01-01 01:48:39.000000,2024-01-01 01:48:45.000000,6,-27.637305699481864,-28.0,3.082723531165706,0.25,415.1423846606618,3392.0,0.0,54.21761658031088,54.0,1.3633218156609228,0.18229166666666666,17.575129533678755,19.0,3.7243292333441698,0.07291666666666667
2024-01-01 01:48:42.000000,2024-01-01 01:48:48.000000,6,-27.025906735751295,-27.0,1.855271861145012,0.2916666666666667,233.82587044773166,2957.0,0.0,55.362694300518136,56.0,0.9911362349694596,0.16145833333333334,15.321243523316062,15.0,2.8850213943047103,0.078125
2024-01-01 01:48:45.000000,2024-01-01 01:48:51.000000,6,-27.05699481865285,-27.0,2.6929431864005875,0.19791666666666666,59.30079910375344,2864.0,0.0,55.58549222797927,56.0,1.3479138554292074,0.140625,14.839378238341968,15.0,1.7707412604327495,0.24479166666666666
2024-01-01 01:48:48.000000,2024-01-01 01:48:54.000000,6,-35.994818652849744,-30.0,12.506455586901923,0.046875,305.73842328346336,2532.9999999999995,0.0,47.73056994818653,53.0,12.934528571268732,0.057291666666666664,13.124352331606218,15.0,4.766973808600437,0.19270833333333334
2024-01-01 01:48:51.000000,2024-01-01 01:48:57.000000,6,-54.23834196891192,-60.0,12.970526739623242,0.046875,475.1482794740003,1423.0,0.0,22.419689119170986,11.0,20.760665579877642,0.015625,7.373056994818653,7.0,5.91482067580607,0.24479166666666666
2024-01-01 01:48:54.000000,2024-01-01 01:49:00.000000,6,-63.7979274611399,-63.0,4.8963842798073,0.2552083333333333,272.7368965204563,647.0,0.0,2.9326424870466323,3.0,4.2267281674750645,0.16145833333333334,3.3523316062176165,3.0,3.429377867213127,0.18229166666666666
2024-01-01 01:48:57.000000,2024-01-01 01:49:03.000000,6,-63.637305699481864,-63.0,5.863291257442595,0.18229166666666666,313.81097315277134,636.0,0.0,3.9637305699481864,3.0,5.370029733967591,0.19791666666666666,3.295336787564767,3.0,3.369722573821923,0.20833333333333334
2024-01-01 01:49:00.000000,2024-01-01 01:49:06.000000,6,-63.48186528497409,-63.0,5.499141281684261,0.17708333333333334,340.5603968633471,723.0,0.0,5.849740932642487,6.0,4.995123917718949,0.1875,3.7461139896373057,4.0,3.2696199332295506,0.16666666666666666
2024-01-01 01:49:03.000000,2024-01-01 01:49:09.000000,6,-63.77720207253886,-63.0,5.825330681385879,0.22916666666666666,237.7075212470487,562.0,0.0,5.2642487046632125,5.0,4.231284352434513,0.2552083333333333,2.911917098445596,2.0,3.289426392715231,0.15104166666666666
2024-01-01 01:49:06.000000,2024-01-01 01:49:12.000000,6,-63.86010362694301,-63.0,6.083286014910489,0.22916666666666666,242.5696354125554,391.0,0.0,4.678756476683938,5.0,3.9778572681276403,0.265625,2.0259067357512954,2.0,3.0387004369340427,0.19791666666666666
2024-01-01 01:49:09.000000,2024-01-01 01:49:15.000000,6,-63.6839378238342,-62.0,5.490389428760707,0.1875,310.60389933244136,510.0,0.0,3.922279792746114,4.0,3.672699249254553,0.23958333333333334,2.6424870466321244,3.0,3.079106003758789,0.16666666666666666
2024-01-01 01:49:12.000000,2024-01-01 01:49:18.000000,6,-64.02590673575129,-63.0,5.668291954262452,0.1875,296.4752708525778,371.0,0.0,2.9844559585492227,4.0,3.95479229850979,0.15104166666666666,1.922279792746114,2.0,3.4124726776158902,0.19270833333333334
2024-01-01 01:49:15.000000,2024-01-01 01:49:21.000000,6,-63.90155440414508,-63.0,6.1105823225977005,0.19791666666666666,276.69185914396047,505.0,0.0,1.761658031088083,2.0,4.373830956565978,0.24479166666666666,2.616580310880829,2.0,3.871387390607142,0.19270833333333334
2024-01-01 01:49:18.000000,2024-01-01 01:49:24.000000,6,-63.740932642487046,-63.0,6.636015461779832,0.20833333333333334,273.45439212077815,897.0000000000001,0.0,2.243523316062176,2.0,4.93792424556334,0.328125,4.647668393782383,5.0,3.423297516936645,0.25
2024-01-01 01:49:21.000000,2024-01-01 01:49:27.000000,6,-63.05181347150259,-62.0,6.282201157372518,0.19270833333333334,359.9401141829738,828.0,0.0,8.487046632124352,7.0,8.214005321381837,0.125,4.290155440414508,4.0,4.471991129599032,0.21875
2024-01-01 01:49:24.000000,2024-01-01 01:49:30.000000,6,-62.98963730569948,-62.0,6.092165082185558,0.19270833333333334,288.2977842756585,735.0,0.0,5.55440414507772,6.0,11.75125852224558,0.11979166666666667,3.8082901554404147,4.0,5.205119042702547,0.23958333333333334
2024-01-01 01:49:27.000000,2024-01-01 01:49:33.000000,6,-56.72020725388601,-60.0,14.883381950691023,0.18229166666666666,1867.000882397439,3115.0,0.0,-2.626943005181347,-1.0,13.597476002072701,0.057291666666666664,16.139896373056995,8.0,18.91004236041101,0.046875
2024-01-01 01:49:30.000000,2024-01-01 01:49:36.000000,6,-43.09326424870466,-43.0,15.550710267059104,0.08854166666666667,2112.285199166746,6312.0,0.0,4.409326424870466,-9.0,28.700016624236188,0.036458333333333336,32.704663212435236,34.0,17.72917878031933,0.0625
2024-01-01 01:49:33.000000,2024-01-01 01:49:39.000000,6,-31.202072538860104,-31.0,13.152376047019441,0.171875,1718.067248188618,6708.000000000001,0.0,24.699481865284973,16.0,34.730402893528385,0.026041666666666668,34.75647668393783,38.0,16.684816326676255,0.046875
2024-01-01 01:49:36.000000,2024-01-01 01:49:42.000000,6,-22.94300518134715,-21.0,12.08959027449571,0.13541666666666666,1124.7929711997388,5109.0,0.0,48.6580310880829,54.0,23.72294841540279,0.08333333333333333,26.471502590673577,23.0,16.296103391648405,0.09375
2024-01-01 01:49:39.000000,2024-01-01 01:49:45.000000,6,-18.1139896373057,-18.0,11.636753070368275,0.25,737.8978760966056,3418.000000000001,0.0,60.170984455958546,59.0,13.377795173843065,0.22395833333333334,17.70984455958549,16.0,14.663189330083648,0.15104166666666666
2024-01-01 01:49:42.000000,2024-01-01 01:49:48.000000,6,-16.590673575129532,-16.0,11.790856099739614,0.19270833333333334,702.3648855043963,3247.0,0.0,63.134715025906736,63.0,12.14806599176354,0.1875,16.82383419689119,17.0,13.246463828975871,0.14583333333333334
2024-01-01 01:49:45.000000,2024-01-01 01:49:51.000000,6,-16.259067357512954,-14.0,8.741378678960258,0.08854166666666667,907.6970803034558,3738.0,0.0,63.818652849740936,63.0,10.123367370876846,0.15104166666666666,19.367875647668395,19.0,8.544272213074827,0.16145833333333334
2024-01-01 01:49:48.000000,2024-01-01 01:49:54.000000,6,-19.088082901554404,-18.0,7.861265334522057,0.13541666666666666,872.4684868938498,3493.0,0.0,60.968911917098445,62.0,10.788162270010403,0.171875,18.098445595854923,17.0,8.253512362700105,0.11458333333333333
2024-01-01 01:49:51.000000,2024-01-01 01:49:57.000000,6,-20.357512953367877,-18.0,10.573732096523443,0.125,521.1172308962573,3569.0,0.0,60.50259067357513,61.0,14.350204830249664,0.15104166666666666,18.492227979274613,18.0,6.979224505470128,0.140625
2024-01-01 01:49:54.000000,2024-01-01 01:50:00.000000,6,-24.99481865284974,-22.0,13.890380892803128,0.11979166666666667,579.2670287765969,3456.9999999999995,0.0,25.243523316062177,52.0,54.45982628679838,0.010416666666666666,17.911917098445596,18.0,9.248733750794838,0.125
2024-01-01 01:49:57.000000,2024-01-01 01:50:03.000000,6,-32.78238341968912,-31.0,11.934905936218792,0.22395833333333334,1139.0335654992643,2660.9999999999995,0.0,-15.05181347150259,-39.0,52.152694574505865,0.020833333333333332,13.787564766839377,12.0,12.497143455989669,0.11979166666666667
2024-01-01 01:50:00.000000,2024-01-01 01:50:06.000000,6,-25.492227979274613,-25.0,13.10340253640588,0.08854166666666667,808.7460578905831,2971.0000000000005,0.0,21.29015544041451,50.0,53.744948953334635,0.010416666666666666,15.393782383419689,15.0,11.338097774313658,0.11458333333333333
2024-01-01 01:50:03.000000,2024-01-01 01:50:09.000000,6,-19.041450777202073,-18.0,8.400046004890877,0.171875,556.1874723025568,3541.0,0.0,60.95336787564767,60.0,13.245789486443265,0.140625,18.34715025906736,19.0,8.31719508152716,0.140625
2024-01-01 01:50:06.000000,2024-01-01 01:50:12.000000,6,-16.94818652849741,-18.0,12.309693391051322,0.20833333333333334,597.0762953589876,3391.0,0.0,60.72020725388601,60.0,12.873764340322357,0.13020833333333334,17.569948186528496,19.0,8.493657468064116,0.10416666666666667
2024-01-01 01:50:09.000000,2024-01-01 01:50:15.000000,6,-13.663212435233161,-14.0,11.086569579593949,0.19270833333333334,473.6165788850008,3607.0,0.0,60.72538860103627,59.0,11.717251703296768,0.14583333333333334,18.689119170984455,19.0,7.749780625342413,0.15104166666666666
2024-01-01 01:50:12.000000,2024-01-01 01:50:18.000000,6,-2.227979274611399,-11.0,19.05228126540848,0.046875,1639.3760776451263,6193.0,0.0,49.67357512953368,50.0,16.163622227274566,0.0625,32.0880829015544,30.0,14.332637323945585,0.057291666666666664
2024-01-01 01:50:15.000000,2024-01-01 01:50:21.000000,6,-2.538860103626943,-13.0,20.60415089516032,0.03125,1781.797655363504,6122.000000000001,0.0,47.7720207253886,52.0,13.067128149784919,0.020833333333333332,31.72020725388601,29.0,14.633169226913532,0.046875
2024-01-01 01:50:18.000000,2024-01-01 01:50:24.000000,6,-16.093264248704664,-16.0,9.935290960846794,0.13541666666666666,429.85423533017257,3595.0,0.0,57.58549222797927,59.0,6.383915081018707,0.10416666666666667,18.626943005181346,18.0,6.892455074955246,0.14583333333333334
2024-01-01 01:50:21.000000,2024-01-01 01:50:27.000000,6,-16.430051813471504,-16.0,6.7172452576534685,0.10416666666666667,419.9980661406022,3556.0,0.0,58.8860103626943,58.0,15.721782299961799,0.15625,18.424870466321245,18.0,5.681274349856903,0.125
2024-01-01 01:50:24.000000,2024-01-01 01:50:30.000000,6,-13.533678756476684,-13.0,8.847678334857031,0.140625,386.2556328578268,3723.0000000000005,0.0,64.03626943005182,61.0,23.214438093789013,0.125,19.29015544041451,20.0,7.3064438223994514,0.15625
2024-01-01 01:50:27.000000,2024-01-01 01:50:33.000000,6,-12.73056994818653,-12.0,10.696083209644263,0.140625,557.0196050649533,3676.0,0.0,66.86528497409327,66.0,21.89493108781669,0.11979166666666667,19.04663212435233,19.0,8.279801071634369,0.15104166666666666
2024-01-01 01:50:30.000000,2024-01-01 01:50:36.000000,6,-13.119170984455959,-13.0,9.742053136231279,0.10416666666666667,627.2284011145389,3888.0,0.0,64.30569948186529,63.0,17.473635457360274,0.109375,20.145077720207254,20.0,7.665513213899626,0.13020833333333334
2024-01-01 01:50:33.000000,2024-01-01 01:50:39.000000,6,-13.22279792746114,-12.0,7.366668913479755,0.08854166666666667,494.48399124494654,3892.0,0.0,64.1761658031088,64.0,13.61754581311795,0.125,20.16580310880829,20.0,7.316752431819181,0.16145833333333334
2024-01-01 01:50:36.000000,2024-01-01 01:50:42.000000,6,-13.455958549222798,-11.0,7.481183217353135,0.057291666666666664,674.4095614447675,3676.000000000001,0.0,66.25388601036269,66.0,15.806538663090413,0.125,19.04663212435233,19.0,7.642595923670459,0.10416666666666667
2024-01-01 01:50:39.000000,2024-01-01 01:50:45.000000,6,-13.83419689119171,-11.0,8.355603876951795,0.06770833333333333,865.1810473427935,3689.0,0.0,68.0880829015544,69.0,18.41103363003894,0.11458333333333333,19.1139896373057,20.0,8.624544742809638,0.125
2024-01-01 01:50:42.000000,2024-01-01 01:50:48.000000,6,-14.72538860103627,-12.0,9.08938414553361,0.07291666666666667,900.659690496948,3728.0000000000005,0.0,70.02590673575129,72.0,17.189942321371817,0.11979166666666667,19.316062176165804,19.0,8.77369417137278,0.15625
2024-01-01 01:50:45.000000,2024-01-01 01:50:51.000000,6,-15.336787564766839,-12.0,9.780164026053509,0.0625,763.6249226121591,3815.0,0.0,70.75647668393782,73.0,18.204789091195813,0.11979166666666667,19.76683937823834,19.0,8.309917447199735,0.18229166666666666
2024-01-01 01:50:48.000000,2024-01-01 01:50:54.000000,6,-15.041450777202073,-13.0,9.27633312347161,0.10416666666666667,954.0667703221162,3808.0000000000005,0.0,69.8238341968912,73.0,18.736107403594616,0.11979166666666667,19.730569948186528,19.0,8.84059930251529,0.16666666666666666
2024-01-01 01:50:51.000000,2024-01-01 01:50:57.000000,6,-15.658031088082902,-12.0,11.130249241887109,0.09895833333333333,903.7052852685158,3667.0,0.0,67.6321243523316,69.0,15.105338603215403,0.10416666666666667,19.0,18.0,8.092563458715249,0.13541666666666666
2024-01-01 01:50:54.000000,2024-01-01 01:51:00.000000,6,-15.264248704663212,-12.0,10.563676787518505,0.08854166666666667,616.7000013759654,3675.0,0.0,65.05699481865285,64.0,12.099925330562222,0.125,19.041450777202073,18.0,7.487374231617063,0.140625
2024-01-01 01:50:57.000000,2024-01-01 01:51:03.000000,6,-15.362694300518134,-12.0,10.28870016261867,0.10416666666666667,731.2127367370265,3785.0,0.0,63.6580310880829,62.0,11.310814803534795,0.15625,19.61139896373057,19.0,7.403495416819947,0.13020833333333334
2024-01-01 01:51:00.000000,2024-01-01 01:51:06.000000,6,-15.61139896373057,-11.0,10.701405408646423,0.078125,566.1033064832376,3786.0000000000005,0.0,64.01036269430051,63.0,12.140235118066466,0.14583333333333334,19.616580310880828,19.0,6.90622716549965,0.140625
2024-01-01 01:51:03.000000,2024-01-01 01:51:09.000000,6,-14.238341968911918,-11.0,7.459277036233571,0.078125,614.9483082461927,3718.0,0.0,65.73575129533678,67.0,12.592475290340015,0.11458333333333333,19.264248704663213,18.0,7.233286523968469,0.13541666666666666
2024-01-01 01:51:06.000000,2024-01-01 01:51:12.000000,6,-13.507772020725389,-12.0,6.055403209620981,0.078125,878.5537342214359,3727.0,0.0,66.139896373057,67.0,12.401953558715617,0.140625,19.310880829015545,17.0,7.919960000378748,0.11458333333333333
2024-01-01 01:51:09.000000,2024-01-01 01:51:15.000000,6,-13.217616580310882,-12.0,5.356489494658821,0.09375,800.6340249480837,3779.0,0.0,65.93264248704664,64.0,12.053726159783968,0.171875,19.580310880829014,18.0,7.797236817372105,0.13020833333333334
2024-01-01 01:51:12.000000,2024-01-01 01:51:18.000000,6,-12.968911917098445,-12.0,5.87979125174321,0.125,744.278918631559,3744.0000000000005,0.0,65.88601036269431,65.0,10.669634733863138,0.18229166666666666,19.39896373056995,18.0,7.352111301335103,0.15625
2024-01-01 01:51:15.000000,2024-01-01 01:51:21.000000,6,-12.072538860103627,-11.0,6.281994962439675,0.13020833333333334,712.4625598903065,3692.0,0.0,65.0880829015544,64.0,9.736503102231223,0.16145833333333334,19.129533678756477,18.0,7.165368701998425,0.18229166666666666
2024-01-01 01:51:18.000000,2024-01-01 01:51:24.000000,6,-11.414507772020725,-10.0,7.110306258874604,0.109375,660.5111474473717,3641.0000000000005,0.0,64.51295336787565,63.0,9.917424065066282,0.15104166666666666,18.865284974093264,18.0,6.449522515161504,0.18229166666666666
2024-01-01 01:51:21.000000,2024-01-01 01:51:27.000000,6,-12.186528497409327,-10.0,7.448883086749923,0.10416666666666667,575.1446027337807,3525.0,0.0,64.97409326424871,63.0,9.998664094705676,0.125,18.264248704663213,17.0,6.484566338969054,0.16145833333333334
2024-01-01 01:51:24.000000,2024-01-01 01:51:30.000000,6,-13.2279792746114,-12.0,6.689531977866731,0.078125,766.0409692491673,3544.0,0.0,66.2279792746114,66.0,10.600699886465119,0.11979166666666667,18.362694300518136,17.0,7.7669878998405455,0.15625
2024-01-01 01:51:27.000000,2024-01-01 01:51:33.000000,6,-13.61658031088083,-12.0,7.084176521997361,0.09375,902.2993011489897,3569.9999999999995,0.0,67.49222797927462,68.0,12.778203761265562,0.140625,18.497409326424872,18.0,8.494559749438903,0.14583333333333334
2024-01-01 01:51:30.000000,2024-01-01 01:51:36.000000,6,-14.207253886010363,-12.0,8.350932409442743,0.14583333333333334,984.7781268467439,3440.0,0.0,70.2279792746114,71.0,15.602144769749927,0.15104166666666666,17.82383419689119,18.0,8.911021488716438,0.140625
2024-01-01 01:51:33.000000,2024-01-01 01:51:39.000000,6,-14.689119170984457,-13.0,9.171782800575505,0.15104166666666666,1040.605495670557,3421.0000000000005,0.0,72.27461139896373,74.0,19.096035473672128,0.140625,17.72538860103627,18.0,9.515460444897611,0.14583333333333334
2024-01-01 01:51:36.000000,2024-01-01 01:51:42.000000,6,-14.264248704663212,-12.0,11.897461939610928,0.13541666666666666,1069.5681947254734,3398.0,0.0,72.57512953367876,75.0,25.43897524609974,0.140625,17.60621761658031,18.0,9.840412142786315,0.15625
2024-01-01 01:51:39.000000,2024-01-01 01:51:45.000000,6,-13.720207253886011,-11.0,12.174702937792315,0.140625,1007.4146709597909,3463.0,0.0,71.02590673575129,70.0,25.644085419684778,0.125,17.94300518134715,19.0,9.991760422393778,0.13020833333333334
2024-01-01 01:51:42.000000,2024-01-01 01:51:48.000000,6,-13.875647668393782,-11.0,9.558214056953805,0.109375,1004.0244848442148,3484.0,0.0,69.22279792746114,69.0,19.159611884051714,0.11979166666666667,18.05181347150259,18.0,9.63756805674332,0.19270833333333334
2024-01-01 01:51:45.000000,2024-01-01 01:51:51.000000,6,-14.046632124352332,-11.0,8.876050498532795,0.06770833333333333,975.7168234474987,3431.0,0.0,69.87564766839378,69.0,20.3389271093278,0.11458333333333333,17.77720207253886,18.0,9.540871424953577,0.13541666666666666
2024-01-01 01:51:48.000000,2024-01-01 01:51:54.000000,6,-14.678756476683938,-12.0,8.704669155818763,0.08854166666666667,937.0649378474533,3606.0,0.0,68.1761658031088,66.0,19.731268855272152,0.125,18.683937823834196,19.0,9.591587081714582,0.09895833333333333
2024-01-01 01:51:51.000000,2024-01-01 01:51:57.000000,6,-14.689119170984457,-13.0,9.590942762537267,0.13541666666666666,865.0637212872658,3722.0000000000005,0.0,67.19689119170984,67.0,13.91501701825432,0.15104166666666666,19.28497409326425,18.0,9.426615253076454,0.140625
2024-01-01 01:51:54.000000,2024-01-01 01:52:00.000000,6,-14.067357512953368,-12.0,10.283513391268263,0.16666666666666666,917.9170439774323,3614.0,0.0,70.0,70.0,17.879807045938723,0.16145833333333334,18.72538860103627,17.0,10.091881430721648,0.20833333333333334
2024-01-01 01:51:57.000000,2024-01-01 01:52:03.000000,6,-14.94300518134715,-12.0,9.751167947405824,0.140625,740.8982305254339,3468.0000000000005,0.0,69.95336787564767,70.0,19.533968852211547,0.11979166666666667,17.968911917098445,18.0,9.855680857458609,0.19270833333333334
2024-01-01 01:52:00.000000,2024-01-01 01:52:06.000000,6,-14.461139896373057,-13.0,10.885282148105707,0.13020833333333334,774.272783631342,3299.0,0.0,68.68911917098445,71.0,19.82046332474596,0.11979166666666667,17.093264248704664,18.0,10.941682829590272,0.16145833333333334
2024-01-01 01:52:03.000000,2024-01-01 01:52:09.000000,6,-14.295336787564766,-13.0,10.673215552237531,0.14583333333333334,849.0104164715867,3203.0,0.0,69.64248704663213,72.0,19.979981075626256,0.11458333333333333,16.59585492227979,16.0,10.649842693463107,0.1875
2024-01-01 01:52:06.000000,2024-01-01 01:52:12.000000,6,-15.414507772020725,-14.0,8.04312574573207,0.109375,843.3420070681583,3337.0,0.0,68.49222797927462,68.0,16.667433056645365,0.11458333333333333,17.29015544041451,17.0,8.852892446156364,0.16666666666666666
2024-01-01 01:52:09.000000,2024-01-01 01:52:15.000000,6,-15.564766839378239,-15.0,7.578560911692141,0.109375,702.7755538282693,3361.0,0.0,67.70984455958549,65.0,15.35818038255875,0.11979166666666667,17.414507772020727,18.0,8.12110142950602,0.109375
2024-01-01 01:52:12.000000,2024-01-01 01:52:18.000000,6,-15.176165803108809,-13.0,8.338543276398232,0.10416666666666667,583.3423976978627,3477.0,0.0,67.65803108808291,65.0,13.117146470168805,0.11979166666666667,18.015544041450777,18.0,7.742924649275129,0.18229166666666666
2024-01-01 01:52:15.000000,2024-01-01 01:52:21.000000,6,-13.984455958549223,-12.0,7.732828209934081,0.15104166666666666,609.1285533190434,3536.0000000000005,0.0,66.83419689119171,64.0,17.93952431964679,0.11979166666666667,18.321243523316063,17.0,8.790407562352414,0.203125
2024-01-01 01:52:18.000000,2024-01-01 01:52:24.000000,6,-13.55440414507772,-12.0,8.193518384876915,0.15104166666666666,564.6666307350422,3307.0,0.0,68.67357512953367,68.0,21.77231078318005,0.11979166666666667,17.134715025906736,16.0,8.449142402649025,0.17708333333333334
2024-01-01 01:52:21.000000,2024-01-01 01:52:27.000000,6,-14.678756476683938,-11.0,8.615660070220729,0.08854166666666667,700.2137503175409,3402.0,0.0,68.20207253886011,67.0,17.52782299703942,0.13541666666666666,17.626943005181346,17.0,7.688309542867209,0.14583333333333334
2024-01-01 01:52:24.000000,2024-01-01 01:52:30.000000,6,-15.1139896373057,-13.0,9.488340495263579,0.06770833333333333,636.8097549846167,3382.0,0.0,69.10362694300518,67.0,13.530815035568633,0.140625,17.523316062176164,16.0,8.416917821454957,0.14583333333333334
2024-01-01 01:52:27.000000,2024-01-01 01:52:33.000000,6,-15.05181347150259,-13.0,10.971905853057583,0.07291666666666667,742.9126899460551,3271.0,0.0,71.34715025906736,71.0,12.715996514528978,0.15625,16.94818652849741,16.0,8.375771688727705,0.15104166666666666
2024-01-01 01:52:30.000000,2024-01-01 01:52:36.000000,6,-14.849740932642487,-12.0,10.540260731438346,0.08854166666666667,493.1114669295192,3363.0,0.0,69.73056994818653,71.0,12.277178531499027,0.13020833333333334,17.424870466321245,16.0,7.396916806233661,0.13020833333333334
2024-01-01 01:52:33.000000,2024-01-01 01:52:39.000000,6,-14.103626943005182,-11.0,10.183710302574907,0.078125,599.2835060451371,3456.0,0.0,68.69430051813471,71.0,11.957163937575316,0.11979166666666667,17.906735751295336,16.0,7.677863622780575,0.13020833333333334
2024-01-01 01:52:36.000000,2024-01-01 01:52:42.000000,6,-12.792746113989637,-10.0,8.724280606851268,0.09375,695.8833171415673,3557.0,0.0,67.72538860103627,69.0,11.461085789680272,0.10416666666666667,18.430051813471504,18.0,7.778611734630719,0.13541666666666666
2024-01-01 01:52:39.000000,2024-01-01 01:52:45.000000,6,-13.072538860103627,-11.0,7.746969990999757,0.09895833333333333,751.0890550907916,3519.000000000001,0.0,66.97927461139896,68.0,11.458238734104711,0.11458333333333333,18.23316062176166,17.0,7.620048861125584,0.15625
2024-01-01 01:52:42.000000,2024-01-01 01:52:48.000000,6,-13.632124352331607,-12.0,7.219360843208765,0.109375,708.7707051172372,3453.0,0.0,66.21243523316062,65.0,11.090135010881767,0.13020833333333334,17.89119170984456,17.0,7.707786588461324,0.171875
2024-01-01 01:52:45.000000,2024-01-01 01:52:51.000000,6,-13.678756476683938,-12.0,6.190585468725544,0.08333333333333333,595.7202819670239,3569.0,0.0,65.27979274611398,63.0,10.295855555683014,0.140625,18.492227979274613,18.0,7.2558303933977655,0.19270833333333334
2024-01-01 01:52:48.000000,2024-01-01 01:52:54.000000,6,-14.176165803108809,-12.0,6.5136116944211135,0.078125,524.4072501724568,3561.0,0.0,65.06217616580311,64.0,10.129693841522094,0.140625,18.45077720207254,19.0,7.086438920946888,0.18229166666666666
2024-01-01 01:52:51.000000,2024-01-01 01:52:57.000000,6,-14.150259067357513,-12.0,6.6859003098586385,0.06770833333333333,669.4778511874026,3454.0,0.0,65.25388601036269,65.0,9.800765166103377,0.140625,17.89637305699482,17.0,7.57254066964562,0.16145833333333334
2024-01-01 01:52:54.000000,2024-01-01 01:53:00.000000,6,-14.0,-12.0,7.386643351347079,0.10416666666666667,741.5572814305273,3464.0,0.0,66.00518134715026,65.0,10.181425801288851,0.09895833333333333,17.94818652849741,17.0,7.737719391506293,0.171875
2024-01-01 01:52:57.000000,2024-01-01 01:53:03.000000,6,-14.357512953367875,-12.0,8.1100283876846,0.109375,703.3082683889112,3440.0,0.0,66.65284974093264,65.0,14.009249350251173,0.11979166666666667,17.82383419689119,18.0,8.47607243789045,0.171875
2024-01-01 01:53:00.000000,2024-01-01 01:53:06.000000,6,-14.715025906735752,-12.0,8.962109598909569,0.078125,679.9930849999726,3471.0,0.0,68.860103626943,67.0,16.429968616500936,0.11458333333333333,17.984455958549223,18.0,8.217408277006747,0.15625
2024-01-01 01:53:03.000000,2024-01-01 01:53:09.000000,6,-15.124352331606218,-13.0,8.264827440740426,0.07291666666666667,726.8233380431801,3560.0,0.0,68.97409326424871,68.0,16.871275895599098,0.11979166666666667,18.44559585492228,18.0,7.769357128487707,0.15625
2024-01-01 01:53:06.000000,2024-01-01 01:53:12.000000,6,-15.398963730569948,-14.0,8.18862263065159,0.078125,769.8394576987197,3463.0,0.0,67.51813471502591,68.0,16.78326710851984,0.13020833333333334,17.94300518134715,17.0,8.456498073780187,0.171875
2024-01-01 01:53:09.000000,2024-01-01 01:53:15.000000,6,-15.860103626943005,-13.0,12.063897327945293,0.09895833333333333,745.8239325081934,3155.0,0.0,68.11917098445596,69.0,17.259396454564122,0.11458333333333333,16.34715025906736,16.0,8.229691206692564,0.140625
2024-01-01 01:53:12.000000,2024-01-01 01:53:18.000000,6,-15.150259067357513,-12.0,14.546377428304995,0.09895833333333333,617.6205087082511,3092.0,0.0,69.58549222797927,70.0,24.463071592947156,0.11458333333333333,16.020725388601036,14.0,8.73985039275488,0.125
2024-01-01 01:53:15.000000,2024-01-01 01:53:21.000000,6,-14.626943005181348,-12.0,13.17374675735582,0.09895833333333333,704.9277747732804,3356.0,0.0,71.8238341968912,71.0,28.423875890508555,0.11979166666666667,17.38860103626943,16.0,9.049014369175273,0.15104166666666666
2024-01-01 01:53:18.000000,2024-01-01 01:53:24.000000,6,-15.44559585492228,-13.0,11.59689226430869,0.09375,793.3646879936496,3526.0,0.0,72.27979274611398,71.0,25.053784975996923,0.11979166666666667,18.269430051813472,17.0,8.55374845867591,0.18229166666666666
2024-01-01 01:53:21.000000,2024-01-01 01:53:27.000000,6,-15.05181347150259,-11.0,11.730365213767179,0.07291666666666667,675.4617990012362,3623.0,0.0,70.38341968911917,69.0,24.540106091759647,0.11979166666666667,18.7720207253886,18.0,8.431701375339474,0.15625
2024-01-01 01:53:24.000000,2024-01-01 01:53:30.000000,6,-14.471502590673575,-11.0,12.341514726778694,0.109375,647.9131205561608,3422.0,0.0,70.05699481865285,69.0,26.94384332282946,0.11458333333333333,17.730569948186528,19.0,8.65664172919463,0.13020833333333334
2024-01-01 01:53:27.000000,2024-01-01 01:53:33.000000,6,-14.839378238341968,-12.0,12.440696977182014,0.140625,695.9181408312087,3431.0,0.0,70.72538860103627,70.0,26.127735661777972,0.11458333333333333,17.77720207253886,18.0,9.74289797138557,0.11458333333333333
2024-01-01 01:53:30.000000,2024-01-01 01:53:36.000000,6,-15.89119170984456,-13.0,13.330087175006181,0.13020833333333334,713.3107770380145,3498.0,0.0,70.32642487046633,70.0,25.353175675630425,0.125,18.124352331606218,19.0,10.947082836318357,0.13020833333333334
2024-01-01 01:53:33.000000,2024-01-01 01:53:39.000000,6,-16.352331606217618,-13.0,14.171942911593478,0.109375,911.8056622202649,3428.0,0.0,72.66839378238342,71.0,25.396929891769616,0.11979166666666667,17.761658031088082,19.0,10.103896801232098,0.14583333333333334
2024-01-01 01:53:36.000000,2024-01-01 01:53:42.000000,6,-15.569948186528498,-13.0,12.524414844007735,0.125,739.7992200490362,3566.0,0.0,72.34715025906736,71.0,25.948841991326827,0.11979166666666667,18.476683937823836,20.0,8.566572960046086,0.14583333333333334
2024-01-01 01:53:39.000000,2024-01-01 01:53:45.000000,6,-14.176165803108809,-12.0,11.328892442439642,0.13020833333333334,787.7143406112222,3375.0000000000005,0.0,71.09844559585493,69.0,27.998430902247186,0.11458333333333333,17.487046632124354,20.0,10.009427227353676,0.109375
2024-01-01 01:53:42.000000,2024-01-01 01:53:48.000000,6,-13.569948186528498,-11.0,10.329797538422584,0.09895833333333333,809.9652722903833,3297.0,0.0,71.18652849740933,68.0,24.436065065937598,0.11458333333333333,17.082901554404145,18.0,9.600529926543969,0.125
2024-01-01 01:53:45.000000,2024-01-01 01:53:51.000000,6,-15.05699481865285,-12.0,10.302804294875969,0.08854166666666667,696.0284615695087,3395.0,0.0,69.72020725388602,68.0,17.25737933822771,0.11458333333333333,17.590673575129532,17.0,7.866285923574959,0.13541666666666666
2024-01-01 01:53:48.000000,2024-01-01 01:53:54.000000,6,-15.569948186528498,-13.0,10.067818392521845,0.09375,656.743240267653,3433.9999999999995,0.0,69.46113989637306,69.0,16.55797242349443,0.11979166666666667,17.792746113989637,17.0,7.962055143433836,0.13541666666666666
2024-01-01 01:53:51.000000,2024-01-01 01:53:57.000000,6,-14.33160621761658,-12.0,7.709834494167892,0.109375,698.369928948091,3526.0000000000005,0.0,68.41450777202073,68.0,14.577886967195372,0.140625,18.269430051813472,18.0,8.03702034510513,0.140625
2024-01-01 01:53:54.000000,2024-01-01 01:54:00.000000,6,-13.253886010362693,-11.0,6.481769139242671,0.09375,637.2723270356996,3390.0,0.0,67.01554404145078,67.0,12.21059848892288,0.140625,17.564766839378237,17.0,7.6789215057993685,0.11979166666666667
2024-01-01 01:53:57.000000,2024-01-01 01:54:03.000000,6,-13.248704663212436,-12.0,6.504830807499676,0.109375,565.1525899691683,3239.0,0.0,66.15025906735751,65.0,11.145496681920516,0.13020833333333334,16.78238341968912,16.0,6.997343284398992,0.15104166666666666
2024-01-01 01:54:00.000000,2024-01-01 01:54:06.000000,6,-13.595854922279793,-12.0,6.292553752558878,0.11979166666666667,617.2302062827291,3316.0,0.0,66.42487046632124,66.0,10.070367168331481,0.13020833333333334,17.181347150259068,16.0,7.1102379420382755,0.14583333333333334
2024-01-01 01:54:03.000000,2024-01-01 01:54:09.000000,6,-14.0,-13.0,6.512008138815553,0.11197916666666667,667.7525849742264,3407.0,0.0,66.57512953367876,66.0,10.32068125521156,0.125,17.65284974093264,17.0,7.187134386585955,0.15104166666666666
2024-01-01 01:54:06.000000,2024-01-01 01:54:12.000000,6,-14.036269430051814,-13.0,7.2667715901696015,0.10416666666666667,465.43133524348485,3359.0,0.0,66.12435233160622,64.0,10.32316759971873,0.140625,17.40414507772021,17.0,6.941900512744534,0.171875
2024-01-01 01:54:09.000000,2024-01-01 01:54:15.000000,6,-13.989637305699482,-13.0,7.992176928426178,0.10416666666666667,608.6728016469885,3243.0,0.0,66.32124352331606,64.0,9.925787883702863,0.16145833333333334,16.803108808290155,16.0,6.98380497663278,0.13020833333333334
2024-01-01 01:54:12.000000,2024-01-01 01:54:18.000000,6,-13.94300518134715,-13.0,7.937376330071629,0.13020833333333334,740.1634425402036,3191.0,0.0,67.65284974093264,67.0,11.023115138540145,0.13541666666666666,16.533678756476682,15.0,7.580138207871395,0.13020833333333334
2024-01-01 01:54:15.000000,2024-01-01 01:54:21.000000,6,-13.55958549222798,-13.0,7.507484032214461,0.171875,746.954285322793,3345.0,0.0,67.43005181347151,66.0,11.602645553987598,0.140625,17.33160621761658,17.0,7.864999338469632,0.16145833333333334
2024-01-01 01:54:18.000000,2024-01-01 01:54:24.000000,6,-22.357512953367877,-17.0,20.047382882786724,0.10416666666666667,770.1912039292273,3285.0,0.0,56.97409326424871,65.0,25.068122859096498,0.046875,17.020725388601036,17.0,8.703422787677896,0.16145833333333334
2024-01-01 01:54:21.000000,2024-01-01 01:54:27.000000,6,-46.30569948186528,-50.0,26.121806396764622,0.09895833333333333,1233.7744340719373,1227.0,0.16580310880829016,30.38860103626943,17.0,29.136340328191675,0.046875,6.357512953367876,6.0,13.366689709213107,0.11979166666666667
2024-01-01 01:54:24.000000,2024-01-01 01:54:30.000000,6,-46.15544041450777,-50.0,26.673697327177948,0.09895833333333333,1229.5434461462153,1171.0,0.16580310880829016,28.865284974093264,19.0,26.66951456889011,0.046875,6.067357512953368,7.0,13.061976535032022,0.08854166666666667
2024-01-01 01:54:27.000000,2024-01-01 01:54:33.000000,6,-22.357512953367877,-16.0,20.36494276403406,0.09375,547.8861721244383,3140.0,0.0,53.63212435233161,59.0,23.17111177704808,0.08854166666666667,16.269430051813472,16.0,8.314767747465979,0.16145833333333334
2024-01-01 01:54:30.000000,2024-01-01 01:54:36.000000,6,-15.27461139896373,-14.0,8.554496136247751,0.13541666666666666,671.213047428168,3323.9999999999995,0.0,65.95854922279793,64.0,16.37415207629441,0.14583333333333334,17.22279792746114,16.0,8.25928129727373,0.13020833333333334
2024-01-01 01:54:33.000000,2024-01-01 01:54:39.000000,6,-16.60103626943005,-14.0,9.845758338182286,0.09895833333333333,645.3755037086406,3395.0,0.0,67.92746113989638,67.0,17.08968141037502,0.11979166666666667,17.590673575129532,17.0,8.654437449353182,0.140625
2024-01-01 01:54:36.000000,2024-01-01 01:54:42.000000,6,-16.471502590673577,-15.0,13.427291328408792,0.09375,590.4057513078957,3533.0000000000005,0.0,68.02072538860104,67.0,19.32047665615605,0.14583333333333334,18.305699481865286,18.0,9.804060524261622,0.18229166666666666
2024-01-01 01:54:39.000000,2024-01-01 01:54:45.000000,6,-20.031088082901555,-18.0,18.577233696940528,0.08854166666666667,921.280267361805,3318.9999999999995,0.0,63.6839378238342,65.0,25.57135851063543,0.14583333333333334,17.196891191709845,14.0,12.83844286839234,0.14583333333333334
2024-01-01 01:54:42.000000,2024-01-01 01:54:48.000000,6,-24.968911917098445,-24.0,19.467629846253566,0.09895833333333333,791.9196612819146,3003.0000000000005,0.0,57.751295336787564,58.0,22.902654296701005,0.13541666666666666,15.55958549222798,12.0,12.159008313206376,0.13541666666666666
2024-01-01 01:54:45.000000,2024-01-01 01:54:51.000000,6,-20.678756476683937,-19.0,21.411893465523534,0.08854166666666667,600.9917451816511,2722.0,0.0,60.870466321243526,61.0,17.659652940216922,0.15104166666666666,14.103626943005182,14.0,12.003455982623096,0.21354166666666666
2024-01-01 01:54:48.000000,2024-01-01 01:54:54.000000,6,-14.569948186528498,-15.0,16.695075636789877,0.13020833333333334,587.5305231943748,3046.0000000000005,0.0,67.0,65.0,14.891272611835431,0.11458333333333333,15.782383419689118,16.0,11.743096399149751,0.19270833333333334
2024-01-01 01:54:51.000000,2024-01-01 01:54:57.000000,6,-15.181347150259068,-15.0,10.611180436646405,0.109375,645.5949119237443,3552.0,0.0,71.1761658031088,70.0,17.19677936821406,0.11979166666666667,18.40414507772021,18.0,8.10365037470827,0.13020833333333334
2024-01-01 01:54:54.000000,2024-01-01 01:55:00.000000,6,-15.823834196891191,-14.0,12.283968711523952,0.125,596.4688901068891,3498.0,0.0,72.55440414507773,73.0,19.500491280734,0.11979166666666667,18.124352331606218,17.0,8.542484374693498,0.16666666666666666
2024-01-01 01:54:57.000000,2024-01-01 01:55:03.000000,6,-15.17098445595855,-13.0,11.257718998386489,0.125,816.0648831738463,3459.0,0.0,69.38341968911917,69.0,17.444200764957728,0.13541666666666666,17.922279792746114,17.0,9.507626926603448,0.18229166666666666
2024-01-01 01:55:00.000000,2024-01-01 01:55:06.000000,6,-14.989637305699482,-13.0,9.178206545322517,0.109375,708.6735547204587,3379.9999999999995,0.0,66.53886010362694,66.0,12.101988160788656,0.10416666666666667,17.512953367875646,17.0,8.283460433479625,0.15104166666666666
2024-01-01 01:55:03.000000,2024-01-01 01:55:09.000000,6,-14.937823834196891,-13.0,7.857869557942356,0.08854166666666667,678.0831526372283,3447.999999999999,0.0,66.07772020725389,66.0,10.186754624289078,0.13020833333333334,17.865284974093264,17.0,7.538960406243583,0.125
2024-01-01 01:55:06.000000,2024-01-01 01:55:12.000000,6,-14.253886010362693,-13.0,6.3723685686280485,0.11979166666666667,841.2400192227076,3637.0,0.0,66.24352331606218,66.0,10.027969843804659,0.13020833333333334,18.844559585492227,18.0,7.9638953472468375,0.11458333333333333
2024-01-01 01:55:09.000000,2024-01-01 01:55:15.000000,6,-14.435233160621761,-14.0,6.546882374501722,0.11979166666666667,732.4567185861521,3730.0,0.0,66.31088082901555,66.0,10.425166652909324,0.11458333333333333,19.326424870466322,19.0,7.830374629567757,0.15104166666666666
2024-01-01 01:55:12.000000,2024-01-01 01:55:18.000000,6,-14.637305699481866,-13.0,6.889232011112424,0.078125,628.8129380566513,3752.0,0.0,65.94818652849742,66.0,10.652533409868244,0.171875,19.440414507772022,19.0,7.23905954945957,0.15104166666666666
2024-01-01 01:55:15.000000,2024-01-01 01:55:21.000000,6,-14.321243523316062,-12.0,6.385238062301399,0.08333333333333333,663.7499223579347,3638.9999999999995,0.0,65.06217616580311,65.0,10.393120191885144,0.16145833333333334,18.854922279792746,18.0,7.282233597310862,0.16145833333333334
2024-01-01 01:55:18.000000,2024-01-01 01:55:24.000000,6,-13.720207253886011,-12.0,6.379039239845513,0.11458333333333333,593.3063788294836,3546.0000000000005,0.0,64.84455958549223,63.0,10.630963225498427,0.13020833333333334,18.373056994818654,18.0,7.146218367799599,0.15625
2024-01-01 01:55:21.000000,2024-01-01 01:55:27.000000,6,-13.740932642487047,-12.0,6.896197107269655,0.078125,650.5319086991101,3607.0,0.0,65.18134715025907,62.0,10.541745598290033,0.13020833333333334,18.689119170984455,18.0,7.3432746832912335,0.171875
2024-01-01 01:55:24.000000,2024-01-01 01:55:30.000000,6,-13.823834196891191,-12.0,6.430724736686591,0.09895833333333333,642.6716419311095,3627.0,0.0,64.71502590673575,62.0,9.867699417604914,0.15625,18.792746113989637,19.0,7.594443502132409,0.1875
2024-01-01 01:55:27.000000,2024-01-01 01:55:33.000000,6,-13.61139896373057,-13.0,5.997332272508665,0.125,665.2648028875028,3604.0,0.0,64.5440414507772,62.0,9.459859177859867,0.16666666666666666,18.673575129533678,19.0,7.958366677447812,0.21875
2024-01-01 01:55:30.000000,2024-01-01 01:55:36.000000,6,-13.455958549222798,-12.0,6.005152148913982,0.125,698.402105355042,3515.0,0.0,63.740932642487046,61.0,10.121410534554018,0.171875,18.212435233160623,18.0,8.246302882277133,0.203125
2024-01-01 01:55:33.000000,2024-01-01 01:55:39.000000,6,-13.295336787564766,-11.0,6.2575645068875145,0.11979166666666667,513.7407062511878,3409.0,0.0,63.310880829015545,60.0,10.83622088526558,0.16666666666666666,17.66321243523316,17.0,7.43762563209374,0.21354166666666666
2024-01-01 01:55:36.000000,2024-01-01 01:55:42.000000,6,-13.139896373056995,-11.0,7.106050384886028,0.125,623.1591736416688,3422.0,0.0,64.81347150259067,63.0,9.917704333164458,0.18229166666666666,17.730569948186528,17.0,7.883920092671785,0.19791666666666666
2024-01-01 01:55:39.000000,2024-01-01 01:55:45.000000,6,-12.720207253886011,-12.0,6.76498767849251,0.140625,723.4000274323364,3540.0,0.0,65.25906735751295,63.0,9.273350772094968,0.17708333333333334,18.3419689119171,18.0,8.502276059181359,0.16145833333333334
2024-01-01 01:55:42.000000,2024-01-01 01:55:48.000000,6,-12.217616580310882,-12.0,5.518368995732068,0.15625,791.63094075484,3643.0000000000005,0.0,64.5440414507772,62.0,10.002050739636996,0.1875,18.875647668393782,19.0,8.150605660024038,0.19270833333333334
2024-01-01 01:55:45.000000,2024-01-01 01:55:51.000000,6,-11.33160621761658,-11.0,4.7821157724164856,0.234375,642.338867615566,3570.0,0.0,62.5440414507772,60.0,11.501783296440292,0.19270833333333334,18.497409326424872,18.0,7.775578992597329,0.20833333333333334
2024-01-01 01:55:48.000000,2024-01-01 01:55:54.000000,6,-10.507772020725389,-10.0,4.55763915835323,0.22395833333333334,463.6635108131391,3391.0000000000005,0.0,61.01036269430052,59.0,12.383620582121141,0.1875,17.569948186528496,17.0,6.877388107763104,0.21354166666666666
2024-01-01 01:55:51.000000,2024-01-01 01:55:57.000000,6,-10.766839378238341,-10.0,5.151106157510372,0.203125,575.0453218770882,3411.0000000000005,0.0,62.181347150259064,61.0,12.342476801371781,0.19270833333333334,17.673575129533678,17.0,6.726980514270746,0.22395833333333334
2024-01-01 01:55:54.000000,2024-01-01 01:56:00.000000,6,-12.393782383419689,-11.0,6.598639592615261,0.16145833333333334,607.2877657337862,3628.0000000000005,0.0,62.47150259067357,61.0,12.07918605499954,0.19791666666666666,18.797927461139896,18.0,7.438329495404915,0.1875
2024-01-01 01:55:57.000000,2024-01-01 01:56:03.000000,6,-29.932642487046632,-28.0,19.7402566093181,0.057291666666666664,1270.6879344438619,5495.0,0.0,38.76165803108808,42.0,25.59225919237979,0.005208333333333333,28.471502590673577,28.0,13.013233101397027,0.09895833333333333
2024-01-01 01:56:00.000000,2024-01-01 01:56:06.000000,6,-31.518134715025905,-28.0,18.686585335544603,0.0625,1326.1194811362843,5607.000000000001,0.0,39.04663212435233,31.0,26.16838306912569,0.010416666666666666,29.05181347150259,28.0,13.347807612052222,0.078125
2024-01-01 01:56:03.000000,2024-01-01 01:56:09.000000,6,-14.875647668393782,-14.0,8.065169307494376,0.11458333333333333,568.753000088716,3769.0,0.0,61.75647668393783,61.0,12.31732232217114,0.19270833333333334,19.528497409326423,17.0,8.757762409312207,0.17708333333333334
2024-01-01 01:56:06.000000,2024-01-01 01:56:12.000000,6,-12.82901554404145,-12.0,5.908749476832258,0.15104166666666666,484.90522353646185,3518.0,0.0,62.295336787564764,59.0,11.06283328196376,0.19270833333333334,18.2279792746114,17.0,7.040052420465461,0.15625
2024-01-01 01:56:09.000000,2024-01-01 01:56:15.000000,6,-13.145077720207254,-12.0,5.568670652181702,0.140625,451.2674924172064,3601.0,0.0,62.49740932642487,60.0,11.595223671989004,0.171875,18.6580310880829,18.0,7.206561698886777,0.18229166666666666
2024-01-01 01:56:12.000000,2024-01-01 01:56:18.000000,6,-13.398963730569948,-13.0,8.30984600261758,0.14583333333333334,437.9779421378602,3615.0000000000005,0.0,62.652849740932645,60.0,10.783315848608273,0.19791666666666666,18.730569948186528,19.0,8.064192211724237,0.19791666666666666
2024-01-01 01:56:15.000000,2024-01-01 01:56:21.000000,6,-14.663212435233161,-12.0,11.67955585812996,0.13020833333333334,746.399538614274,3420.0,0.0,64.09844559585493,60.0,14.407233703522348,0.16666666666666666,17.72020725388601,18.0,9.271060257066365,0.14583333333333334
2024-01-01 01:56:18.000000,2024-01-01 01:56:24.000000,6,-15.756476683937823,-12.0,11.686342278699625,0.10416666666666667,503.2977711731519,3358.0,0.0,65.60103626943005,63.0,18.866068498423818,0.109375,17.39896373056995,17.0,8.789280815509652,0.16145833333333334
2024-01-01 01:56:21.000000,2024-01-01 01:56:27.000000,6,-18.60103626943005,-19.0,11.638719456504628,0.09375,482.63688769853076,3194.0,0.0,64.24352331606218,64.0,16.610669638967675,0.13020833333333334,16.54922279792746,16.0,7.367504094353178,0.18229166666666666
2024-01-01 01:56:24.000000,2024-01-01 01:56:30.000000,6,-18.590673575129532,-19.0,10.677727796591375,0.09895833333333333,409.32662964515356,3288.0,0.0,62.93782383419689,64.0,14.367072793589655,0.125,17.036269430051814,16.0,7.457779116043602,0.15625
2024-01-01 01:56:27.000000,2024-01-01 01:56:33.000000,6,-15.699481865284975,-15.0,8.147906795417143,0.09375,515.9372058533081,3457.0,0.0,63.590673575129536,63.0,14.962220342073794,0.13020833333333334,17.911917098445596,18.0,7.257001859796614,0.16666666666666666
2024-01-01 01:56:30.000000,2024-01-01 01:56:36.000000,6,-14.77720207253886,-14.0,6.789782339233148,0.140625,523.5200395388688,3423.0000000000005,0.0,63.62176165803109,62.0,12.204718307430552,0.140625,17.735751295336787,18.0,6.967006813390081,0.13541666666666666
2024-01-01 01:56:33.000000,2024-01-01 01:56:39.000000,6,-14.512953367875648,-14.0,5.695492377283033,0.11979166666666667,488.2864456241692,3522.0000000000005,0.0,63.86010362694301,61.0,10.987972306384476,0.14583333333333334,18.248704663212436,18.0,6.940994681422125,0.11979166666666667
2024-01-01 01:56:36.000000,2024-01-01 01:56:42.000000,6,-14.44041450777202,-13.0,5.49789958323071,0.09895833333333333,497.8152747265937,3651.0,0.0,62.84455958549223,61.0,10.877953810432361,0.18229166666666666,18.917098445595855,19.0,7.124149647768471,0.13541666666666666
2024-01-01 01:56:39.000000,2024-01-01 01:56:45.000000,6,-13.191709844559586,-12.0,6.35491391880105,0.13541666666666666,563.6868667544563,3640.0,0.0,63.30051813471503,61.0,11.036060671580456,0.1875,18.860103626943005,18.0,8.531566019155308,0.14583333333333334
2024-01-01 01:56:42.000000,2024-01-01 01:56:48.000000,6,-13.129533678756477,-12.0,7.621844175498382,0.15104166666666666,587.7241783239209,3537.0,0.0,65.38341968911917,62.0,12.940896684342183,0.140625,18.326424870466322,17.0,8.85250530486776,0.140625
2024-01-01 01:56:45.000000,2024-01-01 01:56:51.000000,6,-15.16580310880829,-13.0,10.326113312787724,0.07291666666666667,781.9437053305543,3587.0,0.0,67.32642487046633,65.0,17.19320893568285,0.13541666666666666,18.585492227979273,17.0,7.932934834913963,0.11458333333333333
2024-01-01 01:56:48.000000,2024-01-01 01:56:54.000000,6,-15.953367875647668,-13.0,11.442469391955465,0.10416666666666667,558.2058727007791,3744.0,0.0,68.64248704663213,69.0,19.03373261122781,0.11979166666666667,19.39896373056995,19.0,9.096210232136205,0.13020833333333334
2024-01-01 01:56:51.000000,2024-01-01 01:56:57.000000,6,-15.295336787564766,-13.0,11.177117110024023,0.140625,923.9701000788524,3491.0000000000005,0.0,69.12953367875647,70.0,22.528426679099862,0.11458333333333333,18.088082901554404,20.0,10.421707761195297,0.14583333333333334
2024-01-01 01:56:54.000000,2024-01-01 01:57:00.000000,6,-14.860103626943005,-11.0,12.954090167685989,0.11458333333333333,735.5317281658129,3198.0,0.0,70.41450777202073,72.0,26.47491337905235,0.11458333333333333,16.569948186528496,16.0,9.662886931526627,0.17708333333333334
2024-01-01 01:56:57.000000,2024-01-01 01:57:03.000000,6,-31.33160621761658,-26.0,25.9393098969009,0.08333333333333333,884.1898144241585,2772.0,0.0,50.82383419689119,49.0,33.87968989388332,0.046875,14.362694300518134,16.0,12.145088899205422,0.16666666666666666
2024-01-01 01:57:00.000000,2024-01-01 01:57:06.000000,6,-47.96373056994819,-45.0,22.846264523484567,0.09375,782.753998663747,2545.0000000000005,0.0,33.64248704663213,24.0,28.426104090824392,0.052083333333333336,13.186528497409327,15.0,11.678703234523475,0.08333333333333333
2024-01-01 01:57:03.000000,2024-01-01 01:57:09.000000,6,-36.62176165803109,-32.0,24.993477128317505,0.0625,841.0061759262308,2609.0,0.0,48.145077720207254,42.0,30.087713597067104,0.06770833333333333,13.518134715025907,15.0,13.209093010848903,0.06770833333333333
2024-01-01 01:57:06.000000,2024-01-01 01:57:12.000000,6,-41.24352331606217,-37.0,27.407567614102284,0.08854166666666667,1323.55426976708,963.0000000000002,0.3316062176165803,36.89637305699482,28.0,31.628534672456297,0.057291666666666664,4.989637305699482,8.0,20.21833677766962,0.08854166666666667
2024-01-01 01:57:09.000000,2024-01-01 01:57:15.000000,6,-61.32642487046632,-61.0,21.928676434584716,0.16145833333333334,1352.2741479843487,22.99999999999995,0.3316062176165803,8.186528497409327,7.0,16.47398279834203,0.08333333333333333,-0.11917098445595854,3.0,19.53365939370178,0.10416666666666667
2024-01-01 01:57:12.000000,2024-01-01 01:57:18.000000,6,-57.689119170984455,-58.0,23.856924565855774,0.19270833333333334,1388.4544383522896,2870.0000000000005,0.0,-3.3575129533678756,-4.0,16.934052786689406,0.18229166666666666,14.870466321243523,12.0,22.87713579032375,0.09895833333333333
2024-01-01 01:57:15.000000,2024-01-01 01:57:21.000000,6,-41.56476683937824,-42.0,28.323047190563635,0.140625,1359.1919428335134,3304.9999999999995,0.0,19.932642487046632,5.0,37.74614524692194,0.052083333333333336,17.124352331606218,18.0,25.36514746573631,0.16666666666666666
2024-01-01 01:57:18.000000,2024-01-01 01:57:24.000000,6,-23.05699481865285,-17.0,23.147441032185753,0.07291666666666667,966.0380920447867,2617.0,0.0,57.2279792746114,59.0,25.480177028745988,0.08854166666666667,13.55958549222798,18.0,20.366634883896634,0.125
2024-01-01 01:57:21.000000,2024-01-01 01:57:27.000000,6,-14.310880829015543,-12.0,6.590455199827448,0.08854166666666667,802.251544681121,3556.0,0.0,66.09326424870466,65.0,15.974967599654692,0.125,18.424870466321245,19.0,8.582067247367732,0.15104166666666666
2024-01-01 01:57:24.000000,2024-01-01 01:57:30.000000,6,-14.476683937823834,-13.0,7.8601530273351585,0.109375,725.0347286727914,3392.9999999999995,0.0,67.46632124352331,65.0,17.882433053617127,0.11458333333333333,17.580310880829014,18.0,8.811393305611945,0.11458333333333333
2024-01-01 01:57:27.000000,2024-01-01 01:57:33.000000,6,-15.259067357512953,-13.0,9.22040497351649,0.109375,695.565862824585,3279.0,0.0,67.41450777202073,66.0,15.07530392490727,0.125,16.989637305699482,17.0,8.354134229346231,0.11979166666666667
2024-01-01 01:57:30.000000,2024-01-01 01:57:36.000000,6,-15.243523316062177,-13.0,9.23691484506176,0.08333333333333333,600.8687663401736,3446.0,0.0,67.1761658031088,67.0,11.773029373913623,0.15104166666666666,17.854922279792746,17.0,7.837522535797675,0.16145833333333334
2024-01-01 01:57:33.000000,2024-01-01 01:57:39.000000,6,-15.823834196891191,-13.0,9.646893488183961,0.06770833333333333,660.5445247366887,3443.0,0.0,67.5440414507772,67.0,13.233062217980374,0.140625,17.83937823834197,17.0,8.354147150451624,0.16666666666666666
2024-01-01 01:57:36.000000,2024-01-01 01:57:42.000000,6,-15.435233160621761,-13.0,9.410610261413872,0.06770833333333333,733.7405558051025,3275.0,0.0,69.16580310880829,69.0,17.108826654153265,0.109375,16.968911917098445,16.0,9.190635369625397,0.13020833333333334
2024-01-01 01:57:39.000000,2024-01-01 01:57:45.000000,6,-14.839378238341968,-12.0,9.336314830349227,0.09895833333333333,789.3157625168483,3552.000000000001,0.0,70.25388601036269,70.0,18.781717560110735,0.109375,18.40414507772021,19.0,9.326395305556666,0.109375
2024-01-01 01:57:42.000000,2024-01-01 01:57:48.000000,6,-15.409326424870466,-12.0,9.555393114088337,0.06770833333333333,824.5331819756265,3668.0,0.0,70.34715025906736,71.0,17.02231087007616,0.11979166666666667,19.00518134715026,19.0,9.11014624912705,0.15104166666666666
2024-01-01 01:57:45.000000,2024-01-01 01:57:51.000000,6,-15.264248704663212,-12.0,8.22898944410292,0.0625,710.7133763051141,3553.0,0.0,69.80310880829016,70.0,14.343356137423847,0.125,18.409326424870468,18.0,8.197644228563481,0.140625
2024-01-01 01:57:48.000000,2024-01-01 01:57:54.000000,6,-15.05699481865285,-12.0,7.889329904276704,0.057291666666666664,721.2453189318356,3532.0,0.0,67.40932642487047,66.0,14.38109711501294,0.13020833333333334,18.300518134715027,19.0,7.656890261727548,0.13020833333333334
2024-01-01 01:57:51.000000,2024-01-01 01:57:57.000000,6,-19.502590673575128,-15.0,17.821781018465042,0.09895833333333333,534.2613716728496,3532.0,0.0,62.50259067357513,62.0,20.44813672041507,0.11979166666666667,18.300518134715027,18.0,9.139135725738592,0.125
2024-01-01 01:57:54.000000,2024-01-01 01:58:00.000000,6,-39.66839378238342,-36.0,30.865364319802346,0.078125,2338.1358250252174,51.00000000000012,-0.16580310880829016,31.202072538860104,29.0,36.4369546250627,0.041666666666666664,0.26424870466321243,9.0,23.75433330162079,0.026041666666666668
2024-01-01 01:57:57.000000,2024-01-01 01:58:03.000000,6,-54.715025906735754,-54.0,23.336234167695814,0.125,895.878525554904,4185.0,0.0,11.875647668393782,16.0,19.427350718987626,0.078125,-21.683937823834196,-21.0,16.144806990054544,0.125
2024-01-01 01:58:00.000000,2024-01-01 01:58:06.000000,6,-55.78756476683938,-56.0,16.94665191789376,0.13020833333333334,1215.2853161546877,4277.0,0.0,22.45077720207254,22.0,14.693001165418098,0.15625,-22.16062176165803,-21.0,19.592199330636646,0.14583333333333334
2024-01-01 01:58:03.000000,2024-01-01 01:58:09.000000,6,-58.03626943005181,-60.0,18.51895792632591,0.13020833333333334,1508.9156602983985,2406.0,0.0,19.305699481865286,19.0,16.679104275411547,0.11458333333333333,-12.466321243523316,-13.0,22.307980528287,0.10416666666666667
2024-01-01 01:58:06.000000,2024-01-01 01:58:12.000000,6,-42.58031088082902,-41.0,23.97752910510553,0.11979166666666667,1442.5437283193585,569.0,0.16580310880829016,35.69948186528497,31.0,27.33764288449424,0.041666666666666664,2.948186528497409,6.0,18.505275411307966,0.078125
2024-01-01 01:58:09.000000,2024-01-01 01:58:15.000000,6,-22.911917098445596,-18.0,18.381022622796536,0.10416666666666667,856.9460765752797,2575.0,0.0,57.97409326424871,59.0,21.86307656785955,0.13541666666666666,13.341968911917098,15.0,14.417045404191827,0.14583333333333334
2024-01-01 01:58:12.000000,2024-01-01 01:58:18.000000,6,-20.844559585492227,-17.0,18.202755169714457,0.078125,691.3842926423845,2763.0000000000005,0.0,61.10880829015544,63.0,21.53494193382617,0.13541666666666666,14.316062176165802,16.0,12.330880993645478,0.13541666666666666
2024-01-01 01:58:15.000000,2024-01-01 01:58:21.000000,6,-19.911917098445596,-17.0,15.449093586995902,0.08854166666666667,584.4319116956422,2894.0,0.0,66.66839378238342,67.0,22.089870557809846,0.11458333333333333,14.994818652849741,17.0,10.44803480790289,0.10416666666666667
2024-01-01 01:58:18.000000,2024-01-01 01:58:24.000000,6,-17.00518134715026,-15.0,11.277511457785518,0.08333333333333333,829.3317767618801,3302.0000000000005,0.0,71.79792746113989,74.0,19.801241434538323,0.13020833333333334,17.10880829015544,18.0,9.365471553883317,0.14583333333333334
2024-01-01 01:58:21.000000,2024-01-01 01:58:27.000000,6,-16.015544041450777,-13.0,10.529460992425916,0.06770833333333333,635.0781332117095,3338.0,0.0,70.37305699481865,70.0,16.889829887448336,0.140625,17.295336787564768,18.0,8.007862608577797,0.16145833333333334
2024-01-01 01:58:24.000000,2024-01-01 01:58:30.000000,6,-14.637305699481866,-12.0,8.67125621635082,0.09375,811.0834283659542,3335.0,0.0,68.52331606217616,69.0,14.939835082081487,0.15104166666666666,17.27979274611399,17.0,8.508846864106916,0.203125
2024-01-01 01:58:27.000000,2024-01-01 01:58:33.000000,6,-14.637305699481866,-13.0,8.124875447431146,0.10416666666666667,932.2822552799641,3413.9999999999995,0.0,67.38341968911917,67.0,13.607907272176424,0.15104166666666666,17.689119170984455,17.0,8.560856639822866,0.17708333333333334
2024-01-01 01:58:30.000000,2024-01-01 01:58:36.000000,6,-15.290155440414507,-13.0,7.446248809291768,0.078125,732.3311777236106,3256.0,0.0,65.48186528497409,64.0,12.86714698379523,0.16145833333333334,16.870466321243523,16.0,7.442754326787361,0.11979166666666667
2024-01-01 01:58:33.000000,2024-01-01 01:58:39.000000,6,-15.243523316062177,-14.0,10.656461851302033,0.08854166666666667,576.6908929951423,3019.0,0.0,65.48186528497409,64.0,12.720592419482305,0.15625,15.642487046632125,15.0,9.314060721066658,0.17708333333333334
2024-01-01 01:58:36.000000,2024-01-01 01:58:42.000000,6,-15.207253886010363,-14.0,11.498575510633822,0.10416666666666667,699.4496346269108,3081.0,0.0,68.63730569948187,68.0,14.142616484804687,0.14583333333333334,15.963730569948186,16.0,9.576105820062212,0.14583333333333334
2024-01-01 01:58:39.000000,2024-01-01 01:58:45.000000,6,-14.512953367875648,-12.0,9.335253973675407,0.07291666666666667,579.2931574092245,3321.0000000000005,0.0,69.90673575129534,72.0,14.334239538369333,0.13020833333333334,17.207253886010363,17.0,7.433633394270562,0.171875
2024-01-01 01:58:42.000000,2024-01-01 01:58:48.000000,6,-14.010362694300518,-11.0,8.678271259603939,0.078125,721.9545426513085,3341.0,0.0,68.23834196891191,69.0,12.678935177553942,0.11979166666666667,17.310880829015545,17.0,8.015397665801284,0.18229166666666666
2024-01-01 01:58:45.000000,2024-01-01 01:58:51.000000,6,-14.1139896373057,-11.0,7.925924048382334,0.08854166666666667,775.5801939514345,3277.0000000000005,0.0,67.55440414507773,67.0,11.180730902911316,0.140625,16.979274611398964,16.0,8.54458804669585,0.18229166666666666
2024-01-01 01:58:48.000000,2024-01-01 01:58:54.000000,6,-14.279792746113989,-12.0,8.059315001298522,0.11979166666666667,789.6737493822648,3221.0,0.0,66.88601036269431,65.0,13.332583096336787,0.11979166666666667,16.689119170984455,15.0,8.10714292507535,0.14583333333333334
2024-01-01 01:58:51.000000,2024-01-01 01:58:57.000000,6,-13.761658031088082,-13.0,7.677427774757299,0.203125,773.6393463624993,3391.0,0.0,65.49740932642487,63.0,12.816868910546017,0.15104166666666666,17.569948186528496,16.0,8.256091721761257,0.11458333333333333
2024-01-01 01:58:54.000000,2024-01-01 01:59:00.000000,6,-13.424870466321243,-13.0,9.695134255818326,0.20833333333333334,778.3201539833074,3293.0,0.0,67.29015544041451,64.0,14.193189258580297,0.125,17.06217616580311,16.0,9.660716708555873,0.13020833333333334
2024-01-01 01:58:57.000000,2024-01-01 01:59:03.000000,6,-14.66839378238342,-12.0,12.242509870425307,0.15625,863.9018231561288,3105.0,0.0,72.01036269430051,71.0,18.229437513408573,0.140625,16.088082901554404,15.0,10.112776209318499,0.18229166666666666
2024-01-01 01:59:00.000000,2024-01-01 01:59:06.000000,6,-15.005181347150259,-12.0,10.510657988306457,0.09375,960.8629751912937,3177.0000000000005,0.0,71.04663212435233,69.0,16.427013497666103,0.14583333333333334,16.46113989637306,15.0,9.127556305525347,0.21875
2024-01-01 01:59:03.000000,2024-01-01 01:59:09.000000,6,-14.430051813471502,-11.0,7.890297872585972,0.08333333333333333,750.3415294598306,3108.0,0.0,67.90673575129534,67.0,11.337236133350608,0.15625,16.10362694300518,14.0,7.906329038188559,0.20833333333333334
2024-01-01 01:59:06.000000,2024-01-01 01:59:12.000000,6,-14.119170984455959,-12.0,7.3613075814799185,0.11979166666666667,805.8901118128153,3000.0,0.0,66.99481865284974,67.0,10.819781945452984,0.13020833333333334,15.544041450777202,14.0,8.267618701795149,0.203125
2024-01-01 01:59:09.000000,2024-01-01 01:59:15.000000,6,-13.352331606217616,-12.0,5.546226875645394,0.21354166666666666,995.2833130665549,3172.0000000000005,0.0,65.28497409326425,64.0,10.228464781979758,0.1875,16.435233160621763,15.0,9.47679194095914,0.171875
2024-01-01 01:59:12.000000,2024-01-01 01:59:18.000000,6,-12.746113989637307,-11.0,6.265214641795763,0.171875,882.1628553068135,3129.0,0.0,65.75129533678756,64.0,11.55693834171477,0.18229166666666666,16.212435233160623,15.0,8.905841410347042,0.15104166666666666
2024-01-01 01:59:15.000000,2024-01-01 01:59:21.000000,6,-15.678756476683938,-13.0,10.706326717363392,0.10416666666666667,438.5088519791093,3216.0,0.0,62.538860103626945,62.0,14.44601274091005,0.20833333333333334,16.66321243523316,16.0,7.610679451260871,0.17708333333333334
2024-01-01 01:59:18.000000,2024-01-01 01:59:24.000000,6,-16.186528497409327,-14.0,10.029977197052965,0.1875,485.9736568319465,3290.9999999999995,0.0,60.248704663212436,60.0,14.230260849127014,0.16145833333333334,17.05181347150259,16.0,7.170353411677784,0.20833333333333334
2024-01-01 01:59:21.000000,2024-01-01 01:59:27.000000,6,-13.233160621761659,-12.0,5.83117866695416,0.18229166666666666,463.0400890749998,3199.0,0.0,62.95854922279793,63.0,12.656040305625488,0.15104166666666666,16.575129533678755,16.0,7.139663500824716,0.22395833333333334
2024-01-01 01:59:24.000000,2024-01-01 01:59:30.000000,6,-12.398963730569948,-11.0,5.984476355863227,0.140625,546.0699262047316,3365.0000000000005,0.0,63.689119170984455,61.0,10.816015119916665,0.171875,17.435233160621763,16.0,6.987876560555526,0.171875
2024-01-01 01:59:27.000000,2024-01-01 01:59:33.000000,6,-12.414507772020725,-10.0,8.905417176920539,0.11979166666666667,591.0219760872644,3686.0,0.0,63.398963730569946,62.0,10.231253128880125,0.18229166666666666,19.098445595854923,17.0,8.353245855429106,0.171875
2024-01-01 01:59:30.000000,2024-01-01 01:59:36.000000,6,-12.683937823834198,-12.0,8.644519038834995,0.13541666666666666,780.428593867717,3673.0,0.0,63.97409326424871,63.0,10.729843133930546,0.171875,19.031088082901555,17.0,8.487679021032548,0.16666666666666666
2024-01-01 01:59:33.000000,2024-01-01 01:59:39.000000,6,-30.575129533678755,-19.0,26.637532322614685,0.057291666666666664,717.5770457777099,2576.0,0.0,46.89637305699482,54.0,26.74142458546484,0.010416666666666666,13.347150259067357,13.0,11.608577318410433,0.13020833333333334
2024-01-01 01:59:36.000000,2024-01-01 01:59:42.000000,6,-35.54922279792746,-30.0,24.81008934379274,0.0625,480.59772850269877,2132.0,0.0,45.33678756476684,49.0,26.734137509493582,0.052083333333333336,11.046632124352332,12.0,10.838920108533463,0.1875
2024-01-01 01:59:39.000000,2024-01-01 01:59:45.000000,6,-18.55440414507772,-15.0,10.377178174082276,0.11979166666666667,355.2124192248612,2875.0,0.0,62.35751295336787,61.0,13.640917996322077,0.15104166666666666,14.896373056994818,15.0,6.864737591010816,0.14583333333333334
2024-01-01 01:59:42.000000,2024-01-01 01:59:48.000000,6,-13.658031088082902,-13.0,5.267545113225118,0.21875,446.0916789184027,3249.0,0.0,61.64766839378238,60.0,12.317848130096879,0.18229166666666666,16.83419689119171,16.0,6.27938687149193,0.18229166666666666
2024-01-01 01:59:45.000000,2024-01-01 01:59:51.000000,6,-13.046632124352332,-13.0,5.906643642473365,0.16145833333333334,519.7122495805154,3157.0,0.0,62.74611398963731,62.0,11.913874873766805,0.16145833333333334,16.357512953367877,16.0,6.45833263691567,0.16145833333333334
2024-01-01 01:59:48.000000,2024-01-01 01:59:54.000000,6,-15.455958549222798,-14.0,9.114398992707795,0.11458333333333333,673.7138684813409,3011.0,0.0,64.70984455958549,63.0,11.851457209834821,0.16145833333333334,15.601036269430052,16.0,7.288075231995024,0.14583333333333334
2024-01-01 01:59:51.000000,2024-01-01 01:59:57.000000,6,-15.808290155440414,-15.0,9.209909386925117,0.08854166666666667,670.610940931132,3189.0000000000005,0.0,64.4559585492228,62.0,12.30427509709286,0.13541666666666666,16.523316062176164,16.0,7.9373015322038825,0.125
2024-01-01 01:59:54.000000,2024-01-01 02:00:00.000000,6,-16.922279792746114,-15.0,12.885277895417763,0.09375,958.1138417353125,3442.0,0.0,65.69430051813471,63.0,15.532050822843226,0.11979166666666667,17.83419689119171,18.0,9.942201272783201,0.11458333333333333
2024-01-01 01:59:57.000000,2024-01-01 02:00:03.000000,6,-17.0,-15.0,15.895492023421818,0.13020833333333334,834.7885364534967,3189.0,0.0,69.48186528497409,68.0,25.244655635782745,0.11979166666666667,16.523316062176164,18.0,11.360142558368679,0.15104166666666666
2024-01-01 02:00:00.000000,2024-01-01 02:00:06.000000,6,-14.015544041450777,-13.0,11.58279825679813,0.14583333333333334,748.2998619620221,3137.0000000000005,0.0,68.43523316062176,64.0,24.610871625338568,0.125,16.253886010362695,17.0,9.423087666706632,0.16145833333333334
2024-01-01 02:00:03.000000,2024-01-01 02:00:09.000000,6,-13.937823834196891,-12.0,6.303625728338466,0.125,621.4856705708614,3370.0,0.0,64.47668393782384,60.0,14.462621556266791,0.140625,17.46113989637306,17.0,7.269355825005092,0.13541666666666666
2024-01-01 02:00:06.000000,2024-01-01 02:00:12.000000,6,-14.849740932642487,-14.0,5.9479699298753355,0.13020833333333334,646.6462590224438,3399.9999999999995,0.0,64.21243523316062,61.0,12.0718962012154,0.13020833333333334,17.616580310880828,17.0,7.552464740830328,0.14583333333333334
2024-01-01 02:00:09.000000,2024-01-01 02:00:15.000000,6,-15.466321243523316,-15.0,9.02370463005255,0.14583333333333334,865.9660436060998,3365.0,0.0,65.86528497409327,64.0,13.145915360809802,0.13541666666666666,17.435233160621763,17.0,9.895137803936569,0.18229166666666666
2024-01-01 02:00:12.000000,2024-01-01 02:00:18.000000,6,-14.564766839378239,-13.0,9.114274637012798,0.11458333333333333,625.072357086385,3341.0,0.0,66.26424870466322,64.0,12.43263584031254,0.16666666666666666,17.310880829015545,17.0,9.265006731834179,0.21354166666666666
2024-01-01 02:00:15.000000,2024-01-01 02:00:21.000000,6,-13.704663212435234,-12.0,6.827550577710257,0.109375,532.1235709856203,3326.0,0.0,64.90155440414507,62.0,10.257905877317757,0.203125,17.23316062176166,17.0,7.225716433633039,0.17708333333333334
2024-01-01 02:00:18.000000,2024-01-01 02:00:24.000000,6,-13.119170984455959,-11.0,8.236813662403302,0.11979166666666667,685.7871216862845,3312.0,0.0,66.78238341968913,64.0,13.335584465621432,0.13541666666666666,17.16062176165803,17.0,7.673690416702967,0.140625
2024-01-01 02:00:21.000000,2024-01-01 02:00:27.000000,6,-13.917098445595855,-11.0,9.99861281397573,0.109375,669.2302177795026,3314.0000000000005,0.0,69.27461139896373,68.0,15.697406499538202,0.11979166666666667,17.17098445595855,17.0,7.1141575078593915,0.15104166666666666
2024-01-01 02:00:24.000000,2024-01-01 02:00:30.000000,6,-15.093264248704664,-11.0,9.031865245342027,0.057291666666666664,561.0138466321774,3281.0,0.0,67.83937823834196,67.0,13.580780829714186,0.13541666666666666,17.0,16.0,6.6473679001541655,0.14322916666666666
2024-01-01 02:00:27.000000,2024-01-01 02:00:33.000000,6,-14.549222797927461,-12.0,7.307880443761438,0.07291666666666667,480.28978136434307,3472.0,0.0,66.58031088082902,66.0,12.091018787493317,0.15104166666666666,17.989637305699482,17.0,6.478320928702719,0.13541666666666666
2024-01-01 02:00:30.000000,2024-01-01 02:00:36.000000,6,-13.917098445595855,-11.0,6.915665179175918,0.06770833333333333,387.23149819377,3673.0000000000005,0.0,65.11398963730569,63.0,12.22733707806918,0.11979166666666667,19.031088082901555,19.0,6.458930135665606,0.15104166666666666
2024-01-01 02:00:33.000000,2024-01-01 02:00:39.000000,6,-13.430051813471502,-11.0,6.347286862757562,0.09895833333333333,430.5588317599076,3454.0,0.0,64.01554404145078,62.0,11.478910319553526,0.125,17.89637305699482,17.0,6.673926045447585,0.14583333333333334
2024-01-01 02:00:36.000000,2024-01-01 02:00:42.000000,0,-13.844559585492227,-12.0,7.466360945505281,0.11979166666666667,500.6568590816583,3326.0,0.0,66.31088082901555,64.0,15.002317034631664,0.140625,17.23316062176166,17.0,7.196826475093581,0.13541666666666666
2024-01-01 02:00:39.000000,2024-01-01 02:00:45.000000,0,-14.362694300518134,-12.0,8.133844992966287,0.08333333333333333,568.2908058255939,3467.0,0.0,69.09844559585493,70.0,15.049420243138169,0.140625,17.963730569948186,19.0,7.744200153041161,0.125
2024-01-01 02:00:42.000000,2024-01-01 02:00:48.000000,0,-15.025906735751295,-13.0,10.592565805574354,0.10416666666666667,692.3448296196992,3491.0,0.0,69.06217616580311,70.0,16.98731970195134,0.140625,18.088082901554404,19.0,8.116181942663976,0.171875
2024-01-01 02:00:45.000000,2024-01-01 02:00:51.000000,0,-15.005181347150259,-13.0,10.328206427730667,0.10416666666666667,565.9932553438798,3358.0000000000005,0.0,66.31088082901555,66.0,16.616593606219833,0.11979166666666667,17.39896373056995,17.0,7.767547269712577,0.16145833333333334
2024-01-01 02:00:48.000000,2024-01-01 02:00:54.000000,0,-13.932642487046632,-12.0,7.444980255294646,0.10416666666666667,468.8891138136715,3310.0000000000005,0.0,64.66321243523316,64.0,11.505684466522533,0.15625,17.150259067357513,16.0,6.913393736318501,0.15104166666666666
2024-01-01 02:00:51.000000,2024-01-01 02:00:57.000000,0,-14.082901554404145,-13.0,6.748716535050668,0.06770833333333333,448.25311238113414,3333.0,0.0,64.52849740932642,63.0,10.57268819890643,0.171875,17.269430051813472,17.0,6.858688846587265,0.15104166666666666
2024-01-01 02:00:54.000000,2024-01-01 02:01:00.000000,0,-13.808290155440414,-12.0,5.339469160447633,0.07291666666666667,548.5163073599692,3582.9999999999995,0.0,64.36269430051813,61.0,10.19564127636263,0.15625,18.564766839378237,17.0,6.706433639341752,0.16145833333333334
2024-01-01 02:00:57.000000,2024-01-01 02:01:03.000000,0,-18.590673575129532,-17.0,12.914515253443836,0.13541666666666666,559.1461742367425,4183.0,0.0,38.89637305699482,57.0,45.730866186782826,0.005208333333333333,21.673575129533678,21.0,8.60729923801373,0.13020833333333334
2024-01-01 02:01:00.000000,2024-01-01 02:01:06.000000,0,-19.352331606217618,-18.0,15.380934059937033,0.17708333333333334,775.4142288506469,4522.0,0.0,27.906735751295336,54.0,52.86432719528376,0.010416666666666666,23.430051813471504,22.0,10.555238060704022,0.15625
2024-01-01 02:01:03.000000,2024-01-01 02:01:09.000000,0,-14.735751295336788,-13.0,10.3399315248131,0.11979166666666667,519.7530529776375,3961.999999999999,0.0,53.24352331606217,63.0,38.09428779386209,0.09375,20.528497409326423,18.0,9.920016922933918,0.15104166666666666
2024-01-01 02:01:06.000000,2024-01-01 02:01:12.000000,0,-14.870466321243523,-13.0,8.46123564472581,0.11458333333333333,652.6652703762937,3578.0,0.0,68.65284974093264,68.0,13.394989138636124,0.13541666666666666,18.53886010362694,18.0,8.254404931744146,0.16666666666666666
2024-01-01 02:01:09.000000,2024-01-01 02:01:15.000000,8,-14.984455958549223,-12.0,9.167695027887449,0.109375,842.5690972786667,3592.0,0.0,69.20725388601036,71.0,15.017300759693176,0.15104166666666666,18.61139896373057,18.0,8.615591161002277,0.171875
2024-01-01 02:01:12.000000,2024-01-01 02:01:18.000000,8,-14.124352331606218,-11.0,7.904052080539613,0.08854166666666667,695.9333810179485,3402.0,0.0,66.80310880829016,67.0,13.187059260943695,0.140625,17.626943005181346,17.0,7.7187339393804075,0.16145833333333334
2024-01-01 02:01:15.000000,2024-01-01 02:01:21.000000,8,-14.077720207253886,-11.0,8.13999711970516,0.08854166666666667,619.033202272695,3328.999999999999,0.0,66.95336787564767,67.0,12.25777395992047,0.14583333333333334,17.248704663212436,17.0,7.352034219692548,0.17708333333333334
2024-01-01 02:01:18.000000,2024-01-01 02:01:24.000000,8,-14.538860103626943,-12.0,7.325738923630988,0.078125,741.0714941708042,3454.0,0.0,66.34715025906736,66.0,12.875149864144486,0.13541666666666666,17.89637305699482,17.0,7.479808744888043,0.16666666666666666
2024-01-01 02:01:21.000000,2024-01-01 02:01:27.000000,8,-14.549222797927461,-12.0,7.1062554541974405,0.07291666666666667,662.0028126245148,3541.0,0.0,66.24352331606218,65.0,12.946515458670298,0.11979166666666667,18.34715025906736,18.0,7.010312690899,0.18229166666666666
2024-01-01 02:01:24.000000,2024-01-01 02:01:30.000000,8,-14.32642487046632,-12.0,7.733327238175795,0.10416666666666667,450.8918213931144,3472.0,0.0,66.98445595854922,64.0,15.043505202944523,0.11979166666666667,17.989637305699482,18.0,6.879157559028163,0.1875
2024-01-01 02:01:27.000000,2024-01-01 02:01:33.000000,8,-14.461139896373057,-12.0,8.491404523234191,0.140625,592.2383084646647,3424.0,0.0,66.55958549222798,63.0,18.711288477653135,0.11979166666666667,17.740932642487046,17.0,7.1977451012323534,0.19270833333333334
2024-01-01 02:01:30.000000,2024-01-01 02:01:36.000000,8,-23.22279792746114,-20.0,17.142998402092974,0.16666666666666666,715.2507106451671,3156.0,0.0,59.347150259067355,57.0,20.475816646901116,0.13020833333333334,16.352331606217618,16.0,14.989934374643914,0.18229166666666666
2024-01-01 02:01:33.000000,2024-01-01 02:01:39.000000,8,-29.295336787564768,-25.0,19.61081836362755,0.16666666666666666,750.011821339734,2968.0,0.0,53.424870466321245,53.0,19.66902712994067,0.15104166666666666,15.378238341968911,14.0,16.572974455331295,0.203125
2024-01-01 02:01:36.000000,2024-01-01 02:01:42.000000,8,-25.191709844559586,-21.0,19.52907911078686,0.10416666666666667,724.5391536980854,2829.0,0.0,60.39378238341969,64.0,20.63422426794612,0.09375,14.658031088082902,13.0,11.197430427849445,0.17708333333333334
2024-01-01 02:01:39.000000,2024-01-01 02:01:45.000000,8,-22.025906735751295,-17.0,16.47233641630992,0.06770833333333333,693.7705946985607,3340.0000000000005,0.0,62.83937823834197,62.0,18.449257652944524,0.10416666666666667,17.305699481865286,17.0,10.375492892551419,0.15104166666666666
2024-01-01 02:01:42.000000,2024-01-01 02:01:48.000000,8,-14.77720207253886,-15.0,19.736997261002724,0.10416666666666667,1247.4367887900353,5280.0,0.0,53.89637305699482,55.0,24.005850790868397,0.13020833333333334,27.357512953367877,24.0,17.205608885352376,0.09895833333333333
2024-01-01 02:01:45.000000,2024-01-01 02:01:51.000000,8,-9.082901554404145,-9.0,18.293708158921724,0.13020833333333334,1099.053354128605,4887.0,0.0,57.77720207253886,57.0,27.60051891204513,0.11979166666666667,25.321243523316063,21.0,17.679154818946024,0.11979166666666667
2024-01-01 02:01:48.000000,2024-01-01 02:01:54.000000,8,-12.098445595854923,-12.0,12.502735020302966,0.11458333333333333,908.5520145286683,3459.0,0.0,69.71502590673575,71.0,22.485102293063594,0.13020833333333334,17.922279792746114,17.0,11.579398506635611,0.140625
2024-01-01 02:01:51.000000,2024-01-01 02:01:57.000000,8,-21.746113989637305,-18.0,19.215412594436756,0.11458333333333333,2179.4301058160263,6831.0,0.0,34.637305699481864,35.0,42.16476927131153,0.026041666666666668,35.39378238341969,34.0,22.23057116839848,0.109375
2024-01-01 02:01:54.000000,2024-01-01 02:02:00.000000,8,-18.917098445595855,-14.0,21.298801019551927,0.11458333333333333,1070.0234549664503,10749.000000000002,0.0,-4.196891191709844,-5.0,16.680595971116887,0.11979166666666667,55.69430051813472,54.0,16.320195140685414,0.140625
2024-01-01 02:01:57.000000,2024-01-01 02:02:03.000000,8,-13.010362694300518,-12.0,20.492373997545222,0.22916666666666666,792.5354679984523,11300.0,0.0,5.010362694300518,3.0,21.765557088864078,0.08854166666666667,58.54922279792746,56.0,15.547605386263744,0.21875
2024-01-01 02:02:00.000000,2024-01-01 02:02:06.000000,8,-17.787564766839377,-18.0,20.567760238447256,0.14583333333333334,1001.2448408495637,11101.0,0.0,-0.5129533678756477,-7.0,23.432329164774803,0.041666666666666664,57.51813471502591,58.0,16.350361000171343,0.203125
2024-01-01 02:02:03.000000,2024-01-01 02:02:09.000000,8,-18.89119170984456,-18.0,13.395956134592666,0.13020833333333334,904.8443879363347,11107.0,0.0,-6.580310880829016,-9.0,16.733979462544156,0.09375,57.54922279792746,58.0,15.01696651281402,0.18229166666666666
2024-01-01 02:02:06.000000,2024-01-01 02:02:12.000000,8,-20.575129533678755,-20.0,12.497741592184113,0.22395833333333334,687.2763472685006,10223.0,0.0,16.424870466321245,19.0,19.176423325836215,0.06770833333333333,52.968911917098445,53.0,11.820668135265283,0.16666666666666666
2024-01-01 02:02:09.000000,2024-01-01 02:02:15.000000,8,-18.093264248704664,-19.0,13.437804501108708,0.18229166666666666,1337.9246041677732,8686.000000000002,0.0,37.766839378238345,30.0,20.8269791691596,0.046875,45.005181347150256,47.0,15.198169232306135,0.13541666666666666
2024-01-01 02:02:12.000000,2024-01-01 02:02:18.000000,8,-13.409326424870466,-14.0,9.342070839207272,0.13020833333333334,1789.9705635413902,5731.0,0.0,52.69948186528497,50.0,21.737373004730934,0.06770833333333333,29.694300518134714,24.0,18.165180137561297,0.057291666666666664
2024-01-01 02:02:15.000000,2024-01-01 02:02:21.000000,8,-10.031088082901555,-10.0,9.876796638118186,0.171875,1594.0137357295348,5207.000000000001,0.0,53.715025906735754,55.0,21.746806090309757,0.078125,26.979274611398964,22.0,17.173125367496088,0.109375
2024-01-01 02:02:18.000000,2024-01-01 02:02:24.000000,8,-13.233160621761659,-11.0,13.998606287029958,0.09895833333333333,2050.2542891370895,7059.0,0.0,44.95336787564767,46.0,23.68352322718274,0.041666666666666664,36.575129533678755,37.0,17.765421795490116,0.0625
2024-01-01 02:02:21.000000,2024-01-01 02:02:27.000000,8,-16.269430051813472,-15.0,11.610427613183218,0.06770833333333333,1466.1993138638745,5471.0,0.0,51.6839378238342,52.0,21.204819642700272,0.109375,28.34715025906736,24.0,15.413018870125551,0.078125
2024-01-01 02:02:24.000000,2024-01-01 02:02:30.000000,8,-15.316062176165802,-13.0,12.031148853958793,0.09375,1055.777344602511,4871.0,0.0,54.06217616580311,56.0,20.259418319791514,0.08333333333333333,25.238341968911918,21.0,15.19954705147322,0.057291666666666664
2024-01-01 02:02:27.000000,2024-01-01 02:02:33.000000,8,-23.76683937823834,-21.0,17.338617149182955,0.109375,1572.1097381787763,7160.999999999999,0.0,36.487046632124354,34.0,25.926600884413848,0.03125,37.10362694300518,38.0,18.533180753991026,0.09375
2024-01-01 02:02:30.000000,2024-01-01 02:02:36.000000,8,-21.036269430051814,-19.0,17.424950100656318,0.109375,2024.4048391822425,5577.000000000001,0.0,48.031088082901555,51.0,32.40352776829619,0.046875,28.89637305699482,22.0,19.147716283152505,0.078125
2024-01-01 02:02:33.000000,2024-01-01 02:02:39.000000,8,-14.393782383419689,-10.0,12.183080937919454,0.08854166666666667,674.5842920310988,3028.0,0.0,72.33160621761658,75.0,21.120534192915855,0.109375,15.689119170984457,16.0,7.820028755761239,0.13541666666666666
2024-01-01 02:02:36.000000,2024-01-01 02:02:42.000000,8,-15.015544041450777,-14.0,11.724918569341353,0.11979166666666667,1339.1473632913835,3957.0,0.0,68.53886010362694,67.0,22.19656018644635,0.09895833333333333,20.502590673575128,20.0,13.925442973329584,0.10416666666666667
2024-01-01 02:02:39.000000,2024-01-01 02:02:45.000000,8,-31.33678756476684,-28.0,21.807766774932386,0.0625,1090.8605579886355,3922.0,0.0,48.48186528497409,48.0,25.510229415587855,0.09375,20.321243523316063,19.0,15.054083558255185,0.109375
2024-01-01 02:02:42.000000,2024-01-01 02:02:48.000000,8,-35.96373056994819,-36.0,20.964099535722887,0.052083333333333336,777.7526263709877,4130.000000000001,0.0,42.48186528497409,46.0,17.529170112584453,0.09375,21.39896373056995,22.0,10.790205771310355,0.125
2024-01-01 02:02:45.000000,2024-01-01 02:02:51.000000,8,-23.632124352331605,-23.0,19.34377602704436,0.078125,527.5505559149431,4912.0,0.0,48.32124352331606,53.0,19.758711541467708,0.10416666666666667,25.45077720207254,24.0,9.540424514330807,0.125
2024-01-01 02:02:48.000000,2024-01-01 02:02:54.000000,8,-23.751295336787564,-19.0,20.34034145487395,0.16666666666666666,1552.0694985303357,6346.0,0.0,34.575129533678755,46.0,31.548009101024768,0.036458333333333336,32.880829015544045,28.0,20.822946460795453,0.08333333333333333
2024-01-01 02:02:51.000000,2024-01-01 02:02:57.000000,8,-28.849740932642487,-26.0,18.168001072032325,0.171875,1365.5006234235434,8849.0,0.0,9.601036269430052,-1.0,28.280982254049906,0.06770833333333333,45.84974093264249,45.0,20.865472187804297,0.11458333333333333
2024-01-01 02:02:54.000000,2024-01-01 02:03:00.000000,8,-23.202072538860104,-19.0,15.506235165750066,0.11979166666666667,897.7198048161615,10954.0,0.0,-1.1917098445595855,-1.0,9.275838555913497,0.140625,56.75647668393783,61.0,12.654782199689912,0.09375
2024-01-01 02:02:57.000000,2024-01-01 02:03:03.000000,8,-15.124352331606218,-12.0,8.819077198052861,0.11458333333333333,233.15201652083857,11850.0,0.0,1.3316062176165804,1.0,4.437515963628894,0.19791666666666666,61.398963730569946,62.0,4.667194794936889,0.20833333333333334
2024-01-01 02:03:00.000000,2024-01-01 02:03:06.000000,8,-22.23316062176166,-24.0,8.135732582007675,0.036458333333333336,298.51600093694043,11409.0,0.0,0.24870466321243523,0.0,1.5001079408485618,0.19791666666666666,59.1139896373057,59.0,3.207650545294077,0.057291666666666664
2024-01-01 02:03:03.000000,2024-01-01 02:03:09.000000,8,-25.88082901554404,-25.0,2.612329607040501,0.10416666666666667,98.04913293347803,11232.0,0.0,-0.42487046632124353,0.0,0.8138150312009698,0.17708333333333334,58.196891191709845,58.0,1.2676219014256973,0.21875
2024-01-01 02:03:06.000000,2024-01-01 02:03:12.000000,8,-26.53886010362694,-27.0,1.8651945681890865,0.09375,76.7664938677979,11192.0,0.0,-1.3523316062176165,-2.0,1.0459282429806505,0.10416666666666667,57.98963730569948,58.0,1.1086292084977605,0.171875
2024-01-01 02:03:09.000000,2024-01-01 02:03:15.000000,8,-21.23316062176166,-26.0,8.057252094393467,0.09895833333333333,245.0132821401952,11469.0,0.0,-1.4922279792746114,-2.0,4.740252246919083,0.15104166666666666,59.424870466321245,58.0,4.12888744962554,0.15625
2024-01-01 02:03:12.000000,2024-01-01 02:03:18.000000,8,-17.590673575129532,-18.0,8.840208570207311,0.15625,207.58953231018143,11638.0,0.0,-4.3782383419689115,-4.0,7.825368934672065,0.109375,60.30051813471503,60.0,5.975893390403771,0.28125
2024-01-01 02:03:15.000000,2024-01-01 02:03:21.000000,8,-21.248704663212436,-22.0,7.054867622254189,0.109375,180.44700367321053,11427.000000000002,0.0,-7.393782383419689,-7.0,5.360966437117138,0.17708333333333334,59.20725388601036,59.0,4.696912685344269,0.22916666666666666
2024-01-01 02:03:18.000000,2024-01-01 02:03:24.000000,8,-22.05699481865285,-22.0,0.551385834524862,0.08333333333333333,13.938435382738648,11408.0,0.0,-7.55440414507772,-8.0,0.6910090616743483,0.09895833333333333,59.10880829015544,59.0,0.34395846638450633,0.16666666666666666
2024-01-01 02:03:21.000000,2024-01-01 02:03:27.000000,8,-21.922279792746114,-22.0,0.4439066442488668,0.16666666666666666,13.534370555414416,11403.000000000002,0.0,-7.870466321243524,-8.0,0.5291584220047753,0.13020833333333334,59.082901554404145,59.0,0.37272626747563914,0.14583333333333334
2024-01-01 02:03:24.000000,2024-01-01 02:03:30.000000,8,-22.025906735751295,-22.0,0.40097840185785266,0.08333333333333333,14.084786335479707,11399.0,0.0,-7.839378238341969,-8.0,0.5591135347425403,0.14583333333333334,59.06217616580311,59.0,0.39033830152485255,0.14583333333333334
2024-01-01 02:03:27.000000,2024-01-01 02:03:33.000000,8,-22.025906735751295,-22.0,0.21494265612749744,0.03125,10.866464550132475,11400.0,0.0,-8.041450777202073,-8.0,0.4310137866510151,0.10416666666666667,59.067357512953365,59.0,0.3544681486308497,0.140625
2024-01-01 02:03:30.000000,2024-01-01 02:03:36.000000,8,-22.673575129533678,-22.0,1.7654603288410555,0.09375,27.422740951054514,11375.000000000002,0.0,-7.362694300518135,-8.0,1.2512730995281403,0.015625,58.93782383419689,59.0,0.8454962978259019,0.19791666666666666
2024-01-01 02:03:33.000000,2024-01-01 02:03:39.000000,8,-20.6580310880829,-23.0,5.907018270937983,0.09895833333333333,108.24915757017571,11468.0,0.0,-6.746113989637306,-6.0,2.865527497879816,0.19791666666666666,59.41968911917098,59.0,3.093175604377548,0.265625
2024-01-01 02:03:36.000000,2024-01-01 02:03:42.000000,8,-22.191709844559586,-25.0,6.719803884690735,0.08854166666666667,168.01291215479435,11349.999999999998,0.0,-6.430051813471502,-7.0,3.231764304236111,0.08854166666666667,58.80829015544042,58.0,3.3039644240474715,0.234375
2024-01-01 02:03:39.000000,2024-01-01 02:03:45.000000,8,-25.10880829015544,-24.0,2.0267932208123596,0.0625,72.70320952993025,11194.0,0.0,-6.637305699481865,-7.0,1.8688947811303083,0.052083333333333336,58.0,58.0,1.0606601717798212,0.19791666666666666
2024-01-01 02:03:42.000000,2024-01-01 02:03:48.000000,8,-23.6580310880829,-24.0,0.5175566183473695,0.21354166666666666,21.26257375761206,11304.0,0.0,-7.66321243523316,-8.0,0.564158703892702,0.078125,58.5699481865285,59.0,0.5169305415637396,0.3177083333333333
2024-01-01 02:03:45.000000,2024-01-01 02:03:51.000000,8,-23.46113989637306,-24.0,0.8718949347266979,0.203125,30.849920688706288,11314.0,0.0,-8.321243523316062,-8.0,0.829416529211462,0.08854166666666667,58.62176165803109,59.0,0.6430258914413183,0.23958333333333334
2024-01-01 02:03:48.000000,2024-01-01 02:03:54.000000,8,-20.808290155440414,-23.0,7.093096238505769,0.0625,2025.0787107528336,9069.0,0.0,-22.564766839378237,-10.0,21.895994736303425,0.015625,46.98963730569948,58.0,21.197972986159183,0.005208333333333333
2024-01-01 02:03:51.000000,2024-01-01 02:03:57.000000,8,-10.67357512953368,-10.0,10.638578390589212,0.08854166666666667,1684.528953843053,5971.0,0.0,-46.803108808290155,-57.0,19.964358624433036,0.005208333333333333,30.93782383419689,27.0,18.75878320475426,0.057291666666666664
2024-01-01 02:03:54.000000,2024-01-01 02:04:00.000000,8,-1.9067357512953367,-1.0,4.046810243061883,0.057291666666666664,265.25345556188097,5199.0,0.0,-57.2020725388601,-57.0,1.3368167471811712,0.078125,26.93782383419689,28.0,3.916613842292504,0.08854166666666667
2024-01-01 02:03:57.000000,2024-01-01 02:04:03.000000,8,4.435233160621761,0.0,6.520576571558788,0.057291666666666664,453.9407858620271,5916.000000000001,0.0,-54.73056994818653,-57.0,3.157324187921451,0.005208333333333333,30.65284974093264,28.0,5.098887201227955,0.046875
2024-01-01 02:04:00.000000,2024-01-01 02:04:06.000000,8,10.901554404145077,12.0,4.500653617854868,0.036458333333333336,232.79206627964544,6567.999999999999,0.0,-52.01036269430052,-52.0,2.2337133631245085,0.015625,34.031088082901555,34.0,4.181938764585472,0.23958333333333334
2024-01-01 02:04:03.000000,2024-01-01 02:04:09.000000,8,13.512953367875648,13.0,1.915150147209296,0.005208333333333333,185.26359635624965,6478.0,0.0,-51.766839378238345,-52.0,0.75176102981019,0.265625,33.56476683937824,34.0,2.03797337868481,0.026041666666666668
2024-01-01 02:04:06.000000,2024-01-01 02:04:12.000000,8,5.528497409326425,13.0,13.971714965766681,0.005208333333333333,1731.7327309852517,8191.0,0.0,-34.984455958549226,-51.0,23.58483726445911,0.005208333333333333,42.44041450777202,35.0,15.934364849614237,0.015625
2024-01-01 02:04:09.000000,2024-01-01 02:04:15.000000,8,-5.72020725388601,-7.0,11.263623970855113,0.046875,991.8736394179422,11062.0,0.0,-9.238341968911918,0.0,18.742920367522284,0.005208333333333333,57.3160621761658,63.0,13.65530273359448,0.036458333333333336
2024-01-01 02:04:12.000000,2024-01-01 02:04:18.000000,8,-7.461139896373057,-7.0,3.257969834708227,0.09895833333333333,59.97512476143133,12117.999999999998,0.0,-0.16062176165803108,0.0,1.1946511114403444,0.16145833333333334,62.78756476683938,63.0,1.9476082493455413,0.036458333333333336
2024-01-01 02:04:15.000000,2024-01-01 02:04:21.000000,8,-7.751295336787565,-7.0,4.205689460028747,0.036458333333333336,106.9720682719084,12138.000000000002,0.0,-0.8238341968911918,0.0,3.3788638088909146,0.140625,62.89119170984456,63.0,2.735487298440793,0.046875
2024-01-01 02:04:18.000000,2024-01-01 02:04:24.000000,8,-12.259067357512953,-12.0,7.554333273623889,0.09895833333333333,173.8030360153407,11960.0,0.0,-1.7305699481865284,-1.0,3.6357524706219846,0.16145833333333334,61.968911917098445,63.0,4.436950360034392,0.203125
2024-01-01 02:04:21.000000,2024-01-01 02:04:27.000000,8,-21.860103626943005,-21.0,9.910858627747931,0.0625,428.2014729057881,11361.0,0.0,-2.1761658031088085,-2.0,1.822901708549534,0.19270833333333334,58.865284974093264,60.0,4.9204597353203114,0.07291666666666667
2024-01-01 02:04:24.000000,2024-01-01 02:04:30.000000,8,-24.575129533678755,-21.0,6.6493893131882436,0.015625,304.5179690325338,11236.0,0.0,-2.673575129533679,-3.0,0.9801021236134422,0.21354166666666666,58.21761658031088,60.0,3.1777711853420705,0.005208333333333333
2024-01-01 02:04:27.000000,2024-01-01 02:04:33.000000,8,-21.020725388601036,-21.0,0.3220790085328111,0.10416666666666667,1.0000000000006892,11579.0,0.0,-2.8808290155440415,-3.0,0.3554564799714779,0.18229166666666666,59.994818652849744,60.0,0.07198157507486942,0.010416666666666666
2024-01-01 02:04:30.000000,2024-01-01 02:04:36.000000,8,-21.150259067357513,-21.0,0.3994950396453113,0.19791666666666666,3.7904883641513925,11576.0,0.0,-2.9274611398963732,-3.0,0.29742344917212615,0.11458333333333333,59.979274611398964,60.0,0.14283400997012277,0.041666666666666664
2024-01-01 02:04:33.000000,2024-01-01 02:04:39.000000,8,-21.269430051813472,-21.0,0.4563763369930405,0.2916666666666667,4.447671788863196,11575.0,0.0,-3.0155440414507773,-3.0,0.16062002060452565,0.041666666666666664,59.97409326424871,60.0,0.15927024860221087,0.052083333333333336
2024-01-01 02:04:36.000000,2024-01-01 02:04:42.000000,8,-20.38860103626943,-21.0,7.509665619733496,0.057291666666666664,452.6106073079273,11186.0,0.0,-7.5025906735751295,-3.0,12.194655742173333,0.010416666666666666,57.95854922279793,60.0,7.9881645504010015,0.026041666666666668
2024-01-01 02:04:39.000000,2024-01-01 02:04:45.000000,8,-20.27461139896373,-21.0,7.957061066231955,0.125,495.8577516804399,11211.0,0.0,-6.150259067357513,-2.0,12.873714031054444,0.020833333333333332,58.0880829015544,60.0,8.238471297906234,0.09375
2024-01-01 02:04:42.000000,2024-01-01 02:04:48.000000,8,-18.378238341968913,-19.0,5.663014417875341,0.10416666666666667,116.42052754408215,11738.0,0.0,-1.1968911917098446,-1.0,2.4521654277340454,0.19270833333333334,60.818652849740936,61.0,3.035083786718362,0.19270833333333334
2024-01-01 02:04:45.000000,2024-01-01 02:04:51.000000,8,-14.989637305699482,-14.0,4.314449604364513,0.11979166666666667,78.65417015980569,11914.0,0.0,-1.7720207253886011,-2.0,1.4999460266628117,0.328125,61.73056994818653,62.0,2.320638423861095,0.13020833333333334
2024-01-01 02:04:48.000000,2024-01-01 02:04:54.000000,8,-13.984455958549223,-14.0,0.892542505627787,0.078125,13.16734744888936,11978.0,0.0,-1.4922279792746114,-2.0,0.531499166905665,0.4270833333333333,62.06217616580311,62.0,0.4746373945486932,0.08333333333333333
2024-01-01 02:04:51.000000,2024-01-01 02:04:57.000000,8,-14.658031088082902,-14.0,1.560298535493073,0.13020833333333334,30.082406134036628,11942.0,0.0,-1.621761658031088,-2.0,0.5371054803890036,0.4114583333333333,61.87564766839378,62.0,0.9709733734158487,0.19791666666666666
2024-01-01 02:04:54.000000,2024-01-01 02:05:00.000000,8,-15.253886010362693,-15.0,1.4940151185442143,0.14583333333333334,32.67873415252822,11926.0,0.0,-1.7357512953367875,-2.0,0.48692977367429624,0.3177083333333333,61.79274611398964,62.0,1.2198656102543317,0.2708333333333333
2024-01-01 02:04:57.000000,2024-01-01 02:05:03.000000,8,-14.279792746113989,-15.0,1.4158536730498577,0.15104166666666666,30.41684435207828,11975.0,0.0,-1.7046632124352332,-2.0,0.4796146625417573,0.34375,62.04663212435233,62.0,0.953557786662307,0.15625
2024-01-01 02:05:00.000000,2024-01-01 02:05:06.000000,8,-13.05181347150259,-13.0,1.4460468117224181,0.13020833333333334,23.094726016884554,12015.0,0.0,-1.6528497409326426,-2.0,0.47730216583727436,0.3854166666666667,62.25388601036269,62.0,0.6396596812149582,0.3645833333333333
2024-01-01 02:05:03.000000,2024-01-01 02:05:09.000000,8,-12.523316062176166,-12.0,1.1640112885160292,0.109375,26.907170008831187,12024.000000000002,0.0,-1.7720207253886011,-2.0,0.4206202755870048,0.3333333333333333,62.30051813471503,62.0,0.5888280565140958,0.40625
2024-01-01 02:05:06.000000,2024-01-01 02:05:12.000000,8,-12.523316062176166,-13.0,0.5211419638250343,0.25,13.05896271855159,12011.0,0.0,-1.8445595854922279,-2.0,0.3632663420042664,0.265625,62.233160621761655,62.0,0.42394336800404353,0.3645833333333333
2024-01-01 02:05:09.000000,2024-01-01 02:05:15.000000,8,-12.606217616580311,-13.0,0.5106804022377468,0.2864583333333333,14.856400322111515,12009.0,0.0,-1.8134715025906736,-2.0,0.3905456525628612,0.28125,62.22279792746114,62.0,0.4172060412182646,0.3541666666666667
2024-01-01 02:05:12.000000,2024-01-01 02:05:18.000000,8,-12.652849740932643,-13.0,0.4773021658372749,0.2916666666666667,10.926654747729557,12005.0,0.0,-1.766839378238342,-2.0,0.4239433680040427,0.3489583333333333,62.2020725388601,62.0,0.40259038183250456,0.3072916666666667
2024-01-01 02:05:15.000000,2024-01-01 02:05:21.000000,8,-12.487046632124352,-12.0,0.5215043173574427,0.2916666666666667,20.293547367145656,12026.0,0.0,-1.766839378238342,-2.0,0.4239433680040427,0.34375,62.310880829015545,62.0,0.464057906874393,0.390625
2024-01-01 02:05:18.000000,2024-01-01 02:05:24.000000,8,-12.378238341968911,-12.0,0.5467165295933255,0.328125,15.636139301581657,12039.0,0.0,-1.7512953367875648,-2.0,0.43338647209723996,0.328125,62.37823834196891,62.0,0.4968054250883694,0.4427083333333333
2024-01-01 02:05:21.000000,2024-01-01 02:05:27.000000,8,-12.290155440414507,-12.0,0.8283747118378467,0.328125,20.358997799649543,12020.0,0.0,-1.7772020725388602,-2.0,0.42950849525438073,0.3177083333333333,62.27979274611399,62.0,0.7248965145606006,0.3697916666666667
2024-01-01 02:05:24.000000,2024-01-01 02:05:30.000000,8,-11.626943005181348,-12.0,5.784831051431811,0.06770833333333333,567.1264018037451,11559.0,0.0,-5.160621761658031,-2.0,13.089042157904412,0.005208333333333333,59.89119170984456,62.0,11.7288628644581,0.015625
2024-01-01 02:05:27.000000,2024-01-01 02:05:33.000000,8,-6.564766839378239,-10.0,9.192229625734337,0.11458333333333333,2555.8085927681755,7600.000000000001,0.0,-33.47150259067357,-55.0,28.285937066876468,0.005208333333333333,39.37823834196891,31.0,23.047662187238522,0.015625
2024-01-01 02:05:30.000000,2024-01-01 02:05:36.000000,8,-4.2072538860103625,-4.0,6.919819754907964,0.1875,454.23837379561235,4655.0,0.0,-57.82383419689119,-57.0,2.2753323506027567,0.13020833333333334,24.11917098445596,27.0,8.754837670824463,0.13020833333333334
2024-01-01 02:05:33.000000,2024-01-01 02:05:39.000000,8,-1.994818652849741,-2.0,7.51976382699729,0.18229166666666666,297.0912812759908,5140.0,0.0,-57.015544041450774,-57.0,1.0128172545030023,0.0625,26.632124352331605,28.0,4.448127431978834,0.109375
2024-01-01 02:05:36.000000,2024-01-01 02:05:42.000000,8,5.932642487046632,9.0,5.993105566820976,0.005208333333333333,345.1270545203472,5391.000000000001,0.0,-56.0880829015544,-56.0,1.4781438787969396,0.11979166666666667,27.932642487046632,29.0,4.658171780329754,0.041666666666666664
2024-01-01 02:05:39.000000,2024-01-01 02:05:45.000000,8,9.295336787564766,9.0,1.1414669908463035,0.25,74.10686466134915,5825.0,0.0,-54.829015544041454,-55.0,0.5834412680799937,0.28125,30.181347150259068,30.0,1.09604604179479,0.21875
2024-01-01 02:05:42.000000,2024-01-01 02:05:48.000000,8,9.647668393782384,10.0,0.9629637702416046,0.20833333333333334,102.50373917978786,5751.000000000001,0.0,-54.87564766839378,-55.0,0.5254737150570792,0.203125,29.797927461139896,30.0,1.106606983325174,0.09375
2024-01-01 02:05:45.000000,2024-01-01 02:05:51.000000,8,9.487046632124352,10.0,0.8962236065974005,0.11979166666666667,145.230227215115,5813.0,0.0,-54.69430051813472,-55.0,0.6164571599485354,0.015625,30.11917098445596,30.0,1.396161156822654,0.005208333333333333
2024-01-01 02:05:48.000000,2024-01-01 02:05:54.000000,8,8.735751295336788,9.0,1.1262107282789051,0.20833333333333334,85.33297985436167,6158.0,0.0,-53.90673575129534,-54.0,0.7783571224169983,0.08854166666666667,31.906735751295336,32.0,1.8290497924743887,0.15104166666666666
2024-01-01 02:05:51.000000,2024-01-01 02:05:57.000000,8,8.746113989637307,9.0,1.3892436219415787,0.2552083333333333,123.10424217233813,6341.0,0.0,-53.32642487046632,-53.0,0.9854018669447691,0.109375,32.854922279792746,32.0,2.5453571129548345,0.11979166666666667
2024-01-01 02:05:54.000000,2024-01-01 02:06:00.000000,8,8.61139896373057,9.0,2.44081497049802,0.22395833333333334,292.1254704829322,6391.0,0.0,-52.87564766839378,-53.0,1.434354428032308,0.08333333333333333,33.1139896373057,33.0,5.453158597307807,0.109375
2024-01-01 02:05:57.000000,2024-01-01 02:06:03.000000,8,-4.704663212435233,4.0,18.36382395430007,0.08854166666666667,1668.7295232701247,8721.0,0.0,-29.76683937823834,-51.0,24.38925947992835,0.005208333333333333,45.18652849740933,38.0,18.286391367354824,0.026041666666666668
2024-01-01 02:06:00.000000,2024-01-01 02:06:06.000000,8,-12.50259067357513,-11.0,15.277681281424467,0.24479166666666666,533.3187953152552,11433.000000000002,0.0,-8.072538860103627,-6.0,8.888482850002255,0.13020833333333334,59.23834196891192,61.0,14.139748249878709,0.3802083333333333
2024-01-01 02:06:03.000000,2024-01-01 02:06:09.000000,8,-8.7720207253886,-7.0,9.489020220737661,0.3385416666666667,200.6806791925841,11902.000000000002,0.0,-8.507772020725389,-9.0,6.322182484270872,0.234375,61.66839378238342,62.0,6.267798491293506,0.390625
2024-01-01 02:06:06.000000,2024-01-01 02:06:12.000000,8,-11.461139896373057,-13.0,7.07694266218604,0.19791666666666666,173.86155297379514,11998.0,0.0,-4.528497409326425,-3.0,7.25075185190903,0.06770833333333333,62.16580310880829,62.0,4.92056393941438,0.421875
2024-01-01 02:06:09.000000,2024-01-01 02:06:15.000000,8,-12.953367875647668,-13.0,2.2782718126914365,0.09895833333333333,57.85389373309382,12022.0,0.0,-1.0207253886010363,-1.0,2.4280448007407527,0.1875,62.29015544041451,62.0,2.195819056725556,0.2604166666666667
2024-01-01 02:06:12.000000,2024-01-01 02:06:18.000000,8,-12.82901554404145,-13.0,1.9490349013376138,0.057291666666666664,27.21094475615982,11995.0,0.0,-1.2797927461139897,-1.0,0.5723270831923303,0.1875,62.15025906735751,62.0,1.0374309390835972,0.203125
2024-01-01 02:06:15.000000,2024-01-01 02:06:21.000000,8,-12.150259067357513,-12.0,1.8855846891705872,0.046875,29.237158700987557,12051.000000000002,0.0,-1.5699481865284974,-2.0,0.6008054467141432,0.328125,62.44041450777202,62.0,1.0790735967895964,0.4166666666666667
2024-01-01 02:06:18.000000,2024-01-01 02:06:24.000000,8,-12.922279792746114,-12.0,5.958989269063026,0.046875,90.65309765470818,12007.0,0.0,-1.5181347150259068,-2.0,4.319400595289892,0.375,62.21243523316062,63.0,3.1936543164404667,0.4895833333333333
2024-01-01 02:06:21.000000,2024-01-01 02:06:27.000000,8,-19.818652849740932,-26.0,8.406549049742942,0.036458333333333336,270.0303130290276,11565.0,0.0,-2.051813471502591,-2.0,4.380045819588261,0.13020833333333334,59.92227979274612,58.0,3.7023600278032123,0.046875
2024-01-01 02:06:24.000000,2024-01-01 02:06:30.000000,8,-25.875647668393782,-26.0,0.9100582171208688,0.015625,7.953368545460438,11197.0,0.0,-2.8341968911917097,-3.0,0.5238792626791834,0.13020833333333334,58.015544041450774,58.0,0.38832820013359726,0.026041666666666668
2024-01-01 02:06:27.000000,2024-01-01 02:06:33.000000,8,-26.020725388601036,-26.0,0.20306375288927953,0.052083333333333336,1.0000000000009979,11193.0,0.0,-2.9740932642487046,-3.0,0.1592702486022107,0.052083333333333336,57.994818652849744,58.0,0.07198157507486944,0.010416666666666666
2024-01-01 02:06:30.000000,2024-01-01 02:06:36.000000,8,-26.031088082901555,-26.0,0.22607925765682219,0.07291666666666667,1.0000000000005262,11193.0,0.0,-2.9740932642487046,-3.0,0.15927024860221123,0.052083333333333336,57.994818652849744,58.0,0.07198157507486931,0.010416666666666666
2024-01-01 02:06:33.000000,2024-01-01 02:06:39.000000,8,-25.186528497409327,-26.0,5.675828213286212,0.041666666666666664,81.54270222569944,11233.0,0.0,-3.0207253886010363,-3.0,3.2112409160744715,0.036458333333333336,58.2020725388601,58.0,3.390488511833859,0.0625
2024-01-01 02:06:36.000000,2024-01-01 02:06:42.000000,8,-25.041450777202073,-26.0,6.209732110508738,0.11979166666666667,115.9332501295179,11252.0,0.0,-2.9533678756476682,-3.0,3.8733735234940005,0.140625,58.30051813471503,58.0,3.730902725454635,0.140625
2024-01-01 02:06:39.000000,2024-01-01 02:06:45.000000,8,-26.212435233160623,-28.0,5.825719803273419,0.1875,201.02210324428162,11158.0,0.0,-1.1398963730569949,-1.0,3.8643824956309443,0.11979166666666667,57.81347150259067,57.0,2.87525811712081,0.16666666666666666
2024-01-01 02:06:42.000000,2024-01-01 02:06:48.000000,8,-29.11917098445596,-31.0,5.850685086023702,0.015625,158.84938303634868,10882.0,0.0,-0.18652849740932642,-1.0,2.816695920175937,0.06770833333333333,56.38341968911917,56.0,2.6532477572750994,0.046875
2024-01-01 02:06:45.000000,2024-01-01 02:06:51.000000,8,-31.83419689119171,-32.0,0.39983265065768625,0.07291666666666667,26.028765017012297,10643.0,0.0,-1.0,-1.0,0.0,0.0,55.145077720207254,55.0,0.3530951228820749,0.057291666666666664
2024-01-01 02:06:48.000000,2024-01-01 02:06:54.000000,8,-31.927461139896373,-32.0,0.2600526384871155,0.13541666666666666,3.806021199982635,10619.0,0.0,-1.0,-1.0,0.0,0.0,55.020725388601036,55.0,0.14283400997012266,0.03125
2024-01-01 02:06:51.000000,2024-01-01 02:06:57.000000,8,-31.751295336787564,-32.0,0.43338647209723963,0.3072916666666667,8.694075829532963,10632.0,0.0,-1.0,-1.0,0.0,0.0,55.0880829015544,55.0,0.2841525290371422,0.125
2024-01-01 02:06:54.000000,2024-01-01 02:07:00.000000,8,-31.414507772020727,-31.0,0.4939181055512791,0.3489583333333333,20.251282964038534,10674.0,0.0,-1.0,-1.0,0.0,0.0,55.30569948186528,55.0,0.4619012485208797,0.34375
2024-01-01 02:06:57.000000,2024-01-01 02:07:03.000000,8,-31.145077720207254,-31.0,0.39487487360315565,0.23958333333333334,18.691889514550745,10721.0,0.0,-0.9948186528497409,-1.0,0.12489200861914959,0.020833333333333332,55.54922279792746,56.0,0.498865292750338,0.484375
2024-01-01 02:07:00.000000,2024-01-01 02:07:06.000000,8,-31.041450777202073,-31.0,0.2668137008287129,0.09375,13.443566716650983,10752.000000000002,0.0,-0.9948186528497409,-1.0,0.12489200861914966,0.020833333333333332,55.70984455958549,56.0,0.45501428169428854,0.390625
2024-01-01 02:07:03.000000,2024-01-01 02:07:09.000000,8,-30.0,-31.0,6.094738167742182,0.010416666666666666,78.10679844214417,10851.0,0.0,-0.38341968911917096,-1.0,3.6838802452692896,0.015625,56.22279792746114,56.0,2.223711810051462,0.005208333333333333
2024-01-01 02:07:06.000000,2024-01-01 02:07:12.000000,8,-24.60103626943005,-31.0,12.6273264755669,0.057291666666666664,262.61721290040424,11164.0,0.0,-2.678756476683938,-1.0,6.484791061573418,0.078125,57.84455958549223,56.0,5.928979319289828,0.11979166666666667
2024-01-01 02:07:09.000000,2024-01-01 02:07:15.000000,8,-20.316062176165804,-20.0,10.677985581533964,0.171875,241.82727201132832,11491.0,0.0,-4.818652849740933,-5.0,5.142071592176393,0.1875,59.538860103626945,60.0,5.536789151713774,0.203125
2024-01-01 02:07:12.000000,2024-01-01 02:07:18.000000,8,-23.367875647668395,-25.0,3.233033299826845,0.026041666666666668,139.19522338000257,11384.0,0.0,-4.528497409326425,-5.0,0.7775939930079236,0.125,58.984455958549226,58.0,1.4947013495519212,0.078125
2024-01-01 02:07:15.000000,2024-01-01 02:07:21.000000,8,-25.94300518134715,-26.0,0.3562906189915016,0.11458333333333333,11.798516869634355,11188.0,0.0,-4.844559585492228,-5.0,0.4039955881357634,0.036458333333333336,57.968911917098445,58.0,0.41965680113952636,0.08333333333333333
2024-01-01 02:07:18.000000,2024-01-01 02:07:24.000000,8,-26.00518134715026,-26.0,0.36080652315369705,0.09375,14.235094016307087,11184.0,0.0,-5.010362694300518,-5.0,0.17647111737534563,0.03125,57.94818652849741,58.0,0.4298853122549929,0.09375
2024-01-01 02:07:21.000000,2024-01-01 02:07:27.000000,8,-8.49740932642487,-26.0,31.89878595396363,0.005208333333333333,1297.9274851123423,9747.000000000002,0.0,-10.984455958549223,-5.0,10.29384761840873,0.015625,50.50259067357513,58.0,15.903067167587125,0.015625
2024-01-01 02:07:24.000000,2024-01-01 02:07:30.000000,8,7.129533678756476,-1.0,31.13292750934684,0.03125,2052.8840380710176,9183.000000000002,0.0,-14.544041450777202,-7.0,12.971498332816946,0.03125,47.58031088082902,58.0,21.803455046991605,0.020833333333333332
2024-01-01 02:07:27.000000,2024-01-01 02:07:33.000000,8,-6.507772020725389,-17.0,20.265199843518864,0.015625,1066.6191892297488,10830.000000000002,0.0,-7.310880829015544,-3.0,10.892310731624704,0.015625,56.1139896373057,61.0,16.945299899600204,0.005208333333333333
2024-01-01 02:07:30.000000,2024-01-01 02:07:36.000000,8,-19.269430051813472,-19.0,4.6244310670936075,0.1875,405.64760554532234,11416.0,0.0,-4.0932642487046635,-2.0,8.119011011817712,0.005208333333333333,59.15025906735751,60.0,9.80663107052406,0.005208333333333333
2024-01-01 02:07:33.000000,2024-01-01 02:07:39.000000,8,-11.176165803108809,-19.0,14.614492372494482,0.046875,1980.7534520421625,8401.0,0.0,-29.984455958549223,-49.0,25.5930647921988,0.005208333333333333,43.52849740932643,39.0,18.102441891025716,0.015625
2024-01-01 02:07:36.000000,2024-01-01 02:07:42.000000,8,-14.196891191709845,-17.0,19.39186337835985,0.06770833333333333,1020.8223409952722,4446.0,0.0,-53.83419689119171,-54.0,3.0539372644503753,0.21354166666666666,23.036269430051814,26.0,12.983712977304657,0.140625
2024-01-01 02:07:39.000000,2024-01-01 02:07:45.000000,8,-25.487046632124354,-27.0,11.235225858270754,0.19791666666666666,914.7228550991717,2393.0,0.0,-55.652849740932645,-57.0,3.1670018457282643,0.036458333333333336,12.398963730569948,8.0,11.206926753302431,0.07291666666666667
2024-01-01 02:07:42.000000,2024-01-01 02:07:48.000000,8,-16.05181347150259,-17.0,10.465588917098389,0.057291666666666664,1125.7360544531325,3166.0,0.0,-57.854922279792746,-58.0,0.924036164048668,0.20833333333333334,16.40414507772021,18.0,9.375410181009476,0.005208333333333333
2024-01-01 02:07:45.000000,2024-01-01 02:07:51.000000,8,-3.922279792746114,-6.0,10.400278991873645,0.19270833333333334,330.56207327808727,4557.0,0.0,-58.09844559585492,-58.0,2.1202514759441917,0.16145833333333334,23.61139896373057,24.0,6.319552546412913,0.203125
2024-01-01 02:07:48.000000,2024-01-01 02:07:54.000000,8,-2.8911917098445596,-6.0,15.84769880539751,0.078125,2149.2076088398253,6965.0,0.0,-39.13989637305699,-55.0,25.418704439956645,0.005208333333333333,36.0880829015544,28.0,20.10875412997429,0.026041666666666668
2024-01-01 02:07:51.000000,2024-01-01 02:07:57.000000,8,-12.8860103626943,-21.0,15.607071752490665,0.015625,990.5871002040864,10606.0,0.0,-11.49740932642487,-3.0,18.567198999044592,0.015625,54.95336787564767,60.0,14.267273943744035,0.005208333333333333
2024-01-01 02:07:54.000000,2024-01-01 02:08:00.000000,8,-21.124352331606218,-21.0,0.5728926239263527,0.09895833333333333,4.278476562175586,11575.0,0.0,-2.9844559585492227,-3.0,0.34575828409309145,0.0625,59.97409326424871,60.0,0.15927024860221023,0.046875
2024-01-01 02:07:57.000000,2024-01-01 02:08:03.000000,8,-20.66839378238342,-21.0,0.4935901749371362,0.23958333333333334,1.1136624083378472e-12,11580.000000000002,0.0,-3.2487046632124352,-3.0,0.4452420699614516,0.25,60.0,60.0,0.0,0.0
2024-01-01 02:08:00.000000,2024-01-01 02:08:06.000000,8,-20.21761658031088,-20.0,0.413698408332681,0.16145833333333334,1.9997350429145033,11582.0,0.0,-3.66839378238342,-4.0,0.47201475343588556,0.24479166666666666,60.01036269430052,60.0,0.10153187644463976,0.020833333333333332
2024-01-01 02:08:03.000000,2024-01-01 02:08:09.000000,8,-19.94818652849741,-20.0,0.24454321027698417,0.08333333333333333,6.773634216963378,11591.0,0.0,-3.948186528497409,-4.0,0.2222267198738861,0.06770833333333333,60.056994818652846,60.0,0.2324356653241503,0.11458333333333333
2024-01-01 02:08:06.000000,2024-01-01 02:08:12.000000,8,-19.82383419689119,-20.0,0.38195196779108453,0.24479166666666666,8.859070846841652,11594.0,0.0,-3.994818652849741,-4.0,0.07198157507486967,0.010416666666666666,60.07253886010363,60.0,0.2600526384871153,0.13541666666666666
2024-01-01 02:08:09.000000,2024-01-01 02:08:15.000000,8,-19.6580310880829,-20.0,0.4756029715303488,0.4427083333333333,7.056629422244427,11595.0,0.0,-3.994818652849741,-4.0,0.07198157507486956,0.010416666666666666,60.07772020725388,60.0,0.2684271014787629,0.140625
2024-01-01 02:08:12.000000,2024-01-01 02:08:18.000000,8,-19.497409326424872,-19.0,0.5012936632230296,0.5260416666666666,12.571899190176106,11599.000000000002,0.0,-3.994818652849741,-4.0,0.07198157507486967,0.010416666666666666,60.09844559585492,60.0,0.2986910129942363,0.1875
2024-01-01 02:08:15.000000,2024-01-01 02:08:21.000000,8,-19.3419689119171,-19.0,0.4756029715303489,0.4114583333333333,10.608839031549445,11605.0,0.0,-4.0,-4.0,0.0,0.0,60.129533678756474,60.0,0.33666299011313566,0.234375
2024-01-01 02:08:18.000000,2024-01-01 02:08:24.000000,8,-19.383419689119172,-19.0,0.49805320480712906,0.40625,10.228714484822437,11606.0,0.0,-3.994818652849741,-4.0,0.07198157507486956,0.010416666666666666,60.134715025906736,60.0,0.3423068899517844,0.2604166666666667
2024-01-01 02:08:21.000000,2024-01-01 02:08:27.000000,8,-19.44559585492228,-19.0,0.5086683824615627,0.453125,9.97955900676132,11604.999999999998,0.0,-4.0,-4.0,0.10206207261596575,0.010416666666666666,60.129533678756474,60.0,0.3366629901131356,0.2604166666666667
2024-01-01 02:08:24.000000,2024-01-01 02:08:30.000000,8,-19.383419689119172,-19.0,0.49805320480712884,0.4166666666666667,11.673209578405197,11611.0,0.0,-4.020725388601036,-4.0,0.14283400997012277,0.03125,60.16062176165803,60.0,0.36813667488986096,0.2916666666666667
2024-01-01 02:08:27.000000,2024-01-01 02:08:33.000000,8,-19.689119170984455,-20.0,0.496588099870148,0.22395833333333334,8.868287267793427,11600.0,0.0,-4.015544041450777,-4.0,0.16062002060452546,0.03125,60.10362694300518,60.0,0.3055686394854025,0.17708333333333334
2024-01-01 02:08:30.000000,2024-01-01 02:08:36.000000,8,-19.072538860103627,-20.0,7.839863564381553,0.125,296.7736925625413,11608.000000000002,0.0,-1.3367875647668395,-4.0,6.423065860099662,0.046875,60.145077720207254,60.0,6.254972115509638,0.16666666666666666
2024-01-01 02:08:33.000000,2024-01-01 02:08:39.000000,8,-23.71502590673575,-25.0,11.093195743166174,0.125,344.93648437235424,11196.0,0.0,-0.8082901554404145,-3.0,7.211791103142918,0.08854166666666667,58.01036269430052,57.0,7.320767859676171,0.14583333333333334
2024-01-01 02:08:36.000000,2024-01-01 02:08:42.000000,8,-38.3160621761658,-36.0,17.471065396232916,0.078125,2316.6492132749513,7838.0,0.0,-10.082901554404145,-6.0,14.75153127205668,0.036458333333333336,40.61139896373057,52.0,21.88343348411169,0.041666666666666664
2024-01-01 02:08:39.000000,2024-01-01 02:08:45.000000,8,-52.10880829015544,-57.0,16.226700447922173,0.140625,1519.8903417623064,3141.0,0.0,-21.559585492227978,-24.0,13.378224838418888,0.057291666666666664,16.27461139896373,12.0,20.512248068209022,0.11979166666666667
2024-01-01 02:08:42.000000,2024-01-01 02:08:48.000000,8,-45.72020725388601,-53.0,19.849287769510067,0.109375,1376.5082190727594,3484.0000000000005,0.0,-31.1139896373057,-30.0,6.741310853292955,0.109375,18.05181347150259,15.0,20.59144769190256,0.08333333333333333
2024-01-01 02:08:45.000000,2024-01-01 02:08:51.000000,8,-33.52849740932643,-32.0,20.38025152980114,0.06770833333333333,1271.6102506319787,5822.0,0.0,-37.015544041450774,-38.0,12.360672128071585,0.09895833333333333,30.16580310880829,32.0,18.28516792781875,0.20833333333333334
2024-01-01 02:08:48.000000,2024-01-01 02:08:54.000000,8,-24.28497409326425,-21.0,18.313435190123865,0.15625,580.0709876732407,5850.0,0.0,-45.2020725388601,-52.0,14.049970190319893,0.026041666666666668,30.310880829015545,29.0,12.661734336480109,0.17708333333333334
2024-01-01 02:08:51.000000,2024-01-01 02:08:57.000000,8,-11.476683937823834,-16.0,18.68044670093463,0.078125,1627.787814863059,7676.0,0.0,-34.590673575129536,-46.0,25.150449715623378,0.005208333333333333,39.7720207253886,36.0,15.533560594711316,0.08854166666666667
2024-01-01 02:08:54.000000,2024-01-01 02:09:00.000000,8,-10.82901554404145,-13.0,28.95266948624886,0.03125,1143.2973197324309,9751.0,0.0,-10.989637305699482,-13.0,21.66337866974128,0.015625,50.523316062176164,54.0,13.087873099926997,0.057291666666666664
2024-01-01 02:08:57.000000,2024-01-01 02:09:03.000000,8,-30.78238341968912,-45.0,29.478881927684984,0.026041666666666668,814.0302447474002,8779.0,0.0,-9.088082901554404,-14.0,12.338435583969224,0.057291666666666664,45.487046632124354,42.0,10.846998820857742,0.109375
2024-01-01 02:09:00.000000,2024-01-01 02:09:06.000000,8,-47.09844559585492,-47.0,4.578669710870563,0.28125,328.87415718219535,7925.0,0.0,-12.595854922279793,-12.0,3.6774061595336685,0.08854166666666667,41.06217616580311,41.0,4.682221409007763,0.2708333333333333
2024-01-01 02:09:03.000000,2024-01-01 02:09:09.000000,8,-33.26424870466321,-38.0,15.156049967075534,0.026041666666666668,1165.7181816065824,9710.0,0.0,-10.865284974093264,-10.0,5.400857093114187,0.15104166666666666,50.310880829015545,49.0,10.386626806023184,0.057291666666666664
2024-01-01 02:09:06.000000,2024-01-01 02:09:12.000000,8,-31.93782383419689,-30.0,16.308109863591515,0.020833333333333332,3738.7662937899418,6500.0,0.0,-22.300518134715027,-16.0,15.621594620272864,0.010416666666666666,33.67875647668394,50.0,30.950067556936425,0.015625
2024-01-01 02:09:09.000000,2024-01-01 02:09:15.000000,8,-46.51813471502591,-49.0,9.518125944879632,0.046875,1603.4292308953375,389.9999999999999,0.16580310880829016,-36.637305699481864,-39.0,9.019830987123292,0.005208333333333333,-2.0207253886010363,-11.0,20.850649107907188,0.015625
2024-01-01 02:09:12.000000,2024-01-01 02:09:18.000000,8,-42.715025906735754,-48.0,8.975466104676707,0.005208333333333333,3396.9572509879536,2066.0000000000005,0.16580310880829016,-35.7979274611399,-38.0,5.2027232307267735,0.026041666666666668,10.704663212435234,-10.0,27.6558242248872,0.005208333333333333
2024-01-01 02:09:15.000000,2024-01-01 02:09:21.000000,8,-37.63212435233161,-38.0,9.018753848756266,0.08854166666666667,1630.1755267638891,6870.0,0.0,-32.41968911917098,-32.0,4.757124690347776,0.09375,35.59585492227979,37.0,15.814431154133972,0.046875
2024-01-01 02:09:18.000000,2024-01-01 02:09:24.000000,8,-38.119170984455955,-39.0,14.195483999350648,0.15104166666666666,2362.2406783681527,3996.0,0.0,-38.84455958549223,-35.0,9.235161743858805,0.036458333333333336,20.704663212435232,27.0,25.132582376094817,0.026041666666666668
2024-01-01 02:09:21.000000,2024-01-01 02:09:27.000000,8,-40.30051813471503,-40.0,14.993847687639695,0.19270833333333334,2307.9213868942884,2971.0,0.0,-40.29015544041451,-40.0,9.27523340208819,0.11458333333333333,15.393782383419689,13.0,23.339888127550292,0.057291666666666664
2024-01-01 02:09:24.000000,2024-01-01 02:09:30.000000,8,-42.373056994818654,-43.0,10.759961444801268,0.15104166666666666,1984.6016459154032,3807.0000000000005,0.0,-37.056994818652846,-39.0,8.638085802914595,0.041666666666666664,19.72538860103627,17.0,20.07206360787079,0.041666666666666664
2024-01-01 02:09:27.000000,2024-01-01 02:09:33.000000,8,-32.21761658031088,-35.0,14.374249999207743,0.06770833333333333,1752.622265980226,3135.0,0.0,-46.72538860103627,-51.0,10.486709246076403,0.026041666666666668,16.243523316062177,12.0,17.63424024981671,0.036458333333333336
2024-01-01 02:09:30.000000,2024-01-01 02:09:36.000000,8,-16.683937823834196,-17.0,15.935697644370034,0.17708333333333334,2270.424602296065,6888.000000000001,0.0,-37.09844559585492,-52.0,23.146401080684456,0.005208333333333333,35.689119170984455,29.0,21.86337156999349,0.06770833333333333
2024-01-01 02:09:33.000000,2024-01-01 02:09:39.000000,8,-16.3419689119171,-20.0,14.81859580121753,0.09375,955.110078679694,10716.0,0.0,-13.264248704663212,-5.0,17.22515168596461,0.0625,55.523316062176164,60.0,14.17967755674035,0.041666666666666664
2024-01-01 02:09:36.000000,2024-01-01 02:09:42.000000,8,-14.05699481865285,-20.0,12.814455756625586,0.046875,2415.638863067966,7819.0,0.0,-31.699481865284973,-36.0,25.984828300634803,0.005208333333333333,40.512953367875646,33.0,19.991693277117772,0.005208333333333333
2024-01-01 02:09:39.000000,2024-01-01 02:09:45.000000,8,-5.424870466321243,-5.0,8.418469471248443,0.16145833333333334,381.7514296832533,3752.0000000000005,0.0,-58.932642487046635,-61.0,4.300026860582057,0.015625,19.440414507772022,18.0,4.908307565813475,0.03125
2024-01-01 02:09:42.000000,2024-01-01 02:09:48.000000,8,-4.544041450777202,-4.0,1.2826479115250435,0.171875,41.343377921665194,3310.0,0.0,-60.95854922279793,-61.0,0.36563581737832135,0.11979166666666667,17.150259067357513,17.0,0.9260199530074249,0.25
2024-01-01 02:09:45.000000,2024-01-01 02:09:51.000000,8,-3.227979274611399,-3.0,1.1272406203800889,0.1875,80.81020213260533,3435.0,0.0,-60.818652849740936,-61.0,0.5236731732681092,0.21354166666666666,17.797927461139896,18.0,0.8072560615302783,0.140625
2024-01-01 02:09:48.000000,2024-01-01 02:09:54.000000,8,-1.549222797927461,-1.0,1.3764809892055219,0.15104166666666666,43.04828184423012,3523.0,0.0,-60.704663212435236,-61.0,0.5780976484917648,0.328125,18.253886010362695,18.0,0.8796293771272957,0.3177083333333333
2024-01-01 02:09:51.000000,2024-01-01 02:09:57.000000,8,-6.274611398963731,-1.0,11.346448966310021,0.046875,1595.1699164296717,5240.0,0.0,-51.26943005181347,-60.0,15.579431826213492,0.005208333333333333,27.150259067357513,19.0,17.337736192672367,0.005208333333333333
2024-01-01 02:09:54.000000,2024-01-01 02:10:00.000000,8,-16.17098445595855,-17.0,11.730781604250936,0.21354166666666666,1359.789028647155,9037.0,0.0,-28.82901554404145,-23.0,19.447493078714086,0.046875,46.82383419689119,56.0,19.245130656152128,0.036458333333333336
2024-01-01 02:09:57.000000,2024-01-01 02:10:03.000000,8,-21.471502590673577,-23.0,4.989621136381872,0.109375,246.23029479842737,11257.0,0.0,-11.590673575129534,-8.0,8.538107961648597,0.057291666666666664,58.32642487046632,59.0,6.001924705684987,0.2552083333333333
2024-01-01 02:10:00.000000,2024-01-01 02:10:06.000000,8,-21.44559585492228,-23.0,4.483580435691553,0.0625,81.69010952136938,11457.0,0.0,-7.072538860103627,-7.0,2.3127640119095836,0.21354166666666666,59.362694300518136,59.0,2.8564723645788637,0.2552083333333333
2024-01-01 02:10:03.000000,2024-01-01 02:10:09.000000,8,-22.502590673575128,-24.0,5.114444773070438,0.08333333333333333,126.73562340776,11381.000000000002,0.0,-6.823834196891192,-7.0,2.284470173227517,0.15625,58.968911917098445,58.0,3.0274899114738587,0.234375
2024-01-01 02:10:06.000000,2024-01-01 02:10:12.000000,8,-23.678756476683937,-24.0,2.682973806356649,0.09375,78.54224647260874,11279.000000000002,0.0,-8.181347150259068,-8.0,1.7479941625762614,0.08333333333333333,58.44041450777202,58.0,1.5504783650930969,0.19270833333333334
2024-01-01 02:10:09.000000,2024-01-01 02:10:15.000000,8,-23.015544041450777,-23.0,1.3899815793811783,0.1875,45.16319971296314,11289.0,0.0,-9.77720207253886,-10.0,1.008866136228692,0.109375,58.49222797927461,58.0,1.2252515514870495,0.3072916666666667
2024-01-01 02:10:12.000000,2024-01-01 02:10:18.000000,8,-23.21761658031088,-23.0,0.672604172643164,0.28125,22.765845769468033,11262.0,0.0,-10.176165803108809,-10.0,0.4208768296063372,0.25,58.35233160621762,58.0,0.5305335893839289,0.3333333333333333
2024-01-01 02:10:15.000000,2024-01-01 02:10:21.000000,8,-22.746113989637305,-23.0,0.7449817723309425,0.140625,39.62055980727635,11305.0,0.0,-10.32642487046632,-10.0,0.4701242807792833,0.34375,58.575129533678755,59.0,0.4956089570840786,0.28125
2024-01-01 02:10:18.000000,2024-01-01 02:10:24.000000,8,-20.704663212435232,-22.0,3.417301112163179,0.005208333333333333,84.67098566614987,11288.000000000002,0.0,-12.94300518134715,-11.0,5.744731760942486,0.005208333333333333,58.487046632124354,59.0,1.7233349702507403,0.1875
2024-01-01 02:10:21.000000,2024-01-01 02:10:27.000000,8,-19.559585492227978,-20.0,3.732992520836567,0.06770833333333333,271.8424850261767,10947.0,0.0,-19.803108808290155,-24.0,6.9163597326657875,0.026041666666666668,56.72020725388601,56.0,2.644659705297093,0.10416666666666667
2024-01-01 02:10:24.000000,2024-01-01 02:10:30.000000,8,-19.04663212435233,-18.0,2.376732165355964,0.08333333333333333,204.86457220368925,10925.0,0.0,-21.476683937823836,-20.0,3.278834490047662,0.005208333333333333,56.60621761658031,57.0,2.099196943253071,0.08854166666666667
2024-01-01 02:10:27.000000,2024-01-01 02:10:33.000000,8,-19.04663212435233,-19.0,1.5655475461227577,0.18229166666666666,58.92160036678707,11134.0,0.0,-18.66839378238342,-18.0,0.9649514292411159,0.20833333333333334,57.689119170984455,58.0,1.3176429995510823,0.3645833333333333
2024-01-01 02:10:30.000000,2024-01-01 02:10:36.000000,8,-19.025906735751295,-19.0,2.087750067757907,0.22916666666666666,59.79286898518105,11163.000000000002,0.0,-18.466321243523318,-18.0,0.9790277066721751,0.2552083333333333,57.83937823834197,58.0,1.6708604404315062,0.3385416666666667
2024-01-01 02:10:33.000000,2024-01-01 02:10:39.000000,8,-17.362694300518136,-17.0,1.8716795584722201,0.22395833333333334,47.423506973492906,11272.0,0.0,-18.269430051813472,-18.0,0.8291236503886807,0.2760416666666667,58.40414507772021,59.0,1.3777939113583624,0.4427083333333333
2024-01-01 02:10:36.000000,2024-01-01 02:10:42.000000,8,-16.502590673575128,-17.0,1.0903189151746238,0.34375,28.367549509727095,11291.0,0.0,-18.378238341968913,-18.0,0.7408771583269189,0.3333333333333333,58.50259067357513,58.0,0.9796063853001878,0.40625
2024-01-01 02:10:39.000000,2024-01-01 02:10:45.000000,8,-16.875647668393782,-17.0,1.2768278238989599,0.234375,32.35547833132522,11241.0,0.0,-18.797927461139896,-19.0,0.6086151073358067,0.24479166666666666,58.24352331606217,58.0,0.9341729969634165,0.3385416666666667
2024-01-01 02:10:42.000000,2024-01-01 02:10:48.000000,8,-16.865284974093264,-17.0,1.105142829490891,0.22395833333333334,22.15180493363451,11230.000000000002,0.0,-19.05699481865285,-19.0,0.5019392445120694,0.203125,58.18652849740933,58.0,0.7044685278532681,0.3333333333333333
2024-01-01 02:10:45.000000,2024-01-01 02:10:51.000000,8,-16.077720207253886,-16.0,0.6201234625526508,0.171875,18.34877953253196,11262.0,0.0,-19.243523316062177,-19.0,0.556937328840161,0.3333333333333333,58.35233160621762,58.0,0.5775372046872209,0.4270833333333333
2024-01-01 02:10:48.000000,2024-01-01 02:10:54.000000,8,-16.39378238341969,-16.0,1.1228510467687642,0.078125,27.316176999715235,11244.0,0.0,-19.378238341968913,-19.0,0.6097668656111422,0.4270833333333333,58.259067357512954,58.0,0.6655457978088379,0.40625
2024-01-01 02:10:51.000000,2024-01-01 02:10:57.000000,8,-16.89119170984456,-17.0,1.2177400214868979,0.22395833333333334,36.166412335155094,11226.0,0.0,-19.352331606217618,-19.0,0.69985657301902,0.375,58.16580310880829,58.0,0.9148494312537377,0.3541666666666667
2024-01-01 02:10:54.000000,2024-01-01 02:11:00.000000,8,-16.40414507772021,-16.0,1.0218362860602972,0.18229166666666666,27.84621642278016,11231.0,0.0,-19.559585492227978,-20.0,0.6597220328454704,0.3125,58.19170984455958,58.0,0.80333528619002,0.3125
2024-01-01 02:10:57.000000,2024-01-01 02:11:03.000000,8,-16.00518134715026,-16.0,0.62497841068066,0.07291666666666667,19.596857328401708,11224.0,0.0,-19.803108808290155,-20.0,0.4593821411861383,0.22916666666666666,58.15544041450777,58.0,0.5069146232189016,0.21875
2024-01-01 02:11:00.000000,2024-01-01 02:11:06.000000,8,-15.766839378238341,-16.0,0.7517610298101909,0.203125,38.542201931923934,11240.0,0.0,-19.818652849740932,-20.0,0.5335262496516525,0.1875,58.23834196891192,58.0,0.7254175142276262,0.25
2024-01-01 02:11:03.000000,2024-01-01 02:11:09.000000,8,-16.00518134715026,-16.0,0.9973789051727487,0.25,32.578383868114564,11253.0,0.0,-19.53886010362694,-20.0,0.70695410780008,0.3177083333333333,58.30569948186528,58.0,0.850746395850028,0.3125
2024-01-01 02:11:06.000000,2024-01-01 02:11:12.000000,8,-16.740932642487046,-17.0,0.9493600698967357,0.2708333333333333,33.37504498292227,11214.0,0.0,-19.518134715025905,-20.0,0.6462493089027962,0.34375,58.10362694300518,58.0,0.7497480866510859,0.21875
2024-01-01 02:11:09.000000,2024-01-01 02:11:15.000000,8,-16.704663212435232,-17.0,0.7505754844506827,0.17708333333333334,16.39525877453407,11181.0,0.0,-19.901554404145077,-20.0,0.40265740761867147,0.16145833333333334,57.932642487046635,58.0,0.5006472494619162,0.171875
2024-01-01 02:11:12.000000,2024-01-01 02:11:18.000000,8,-16.61139896373057,-17.0,0.7354665550115707,0.265625,36.00558497966721,11161.0,0.0,-20.21761658031088,-20.0,0.6648155431323246,0.22916666666666666,57.829015544041454,58.0,0.8700979140105197,0.20833333333333334
2024-01-01 02:11:15.000000,2024-01-01 02:11:21.000000,8,-16.60621761658031,-17.0,1.0460056436573577,0.34375,45.05934880131656,11163.0,0.0,-20.253886010362695,-20.0,0.7791541403590735,0.359375,57.83937823834197,58.0,1.0801734172802835,0.359375
2024-01-01 02:11:18.000000,2024-01-01 02:11:24.000000,8,-16.17098445595855,-16.0,1.3566147991595825,0.296875,37.43308800668683,11217.0,0.0,-19.813471502590673,-20.0,0.9334216125287387,0.2916666666666667,58.119170984455955,58.0,1.21676455233557,0.390625
2024-01-01 02:11:21.000000,2024-01-01 02:11:27.000000,8,-15.678756476683938,-16.0,1.338692812259726,0.3385416666666667,33.752647150637074,11287.0,0.0,-19.16580310880829,-19.0,1.0721238183462252,0.296875,58.48186528497409,58.0,1.2208828100698326,0.421875
2024-01-01 02:11:24.000000,2024-01-01 02:11:30.000000,8,-15.264248704663212,-15.0,0.9776761245374163,0.3645833333333333,29.083088888708417,11305.0,0.0,-19.196891191709845,-19.0,0.942398686848667,0.3489583333333333,58.575129533678755,59.0,0.9873170235586121,0.4270833333333333
2024-01-01 02:11:27.000000,2024-01-01 02:11:33.000000,8,-14.735751295336788,-15.0,1.1169231267894708,0.296875,37.16509671932524,11323.0,0.0,-19.383419689119172,-19.0,0.7346588742302927,0.40625,58.66839378238342,59.0,0.9540953450578925,0.4010416666666667
2024-01-01 02:11:30.000000,2024-01-01 02:11:36.000000,8,-14.746113989637307,-15.0,0.9369709215189244,0.14583333333333334,39.55902677711481,11312.999999999998,0.0,-19.487046632124354,-20.0,0.63005297636187,0.2604166666666667,58.61658031088083,59.0,0.7417144518964083,0.3854166666666667
2024-01-01 02:11:33.000000,2024-01-01 02:11:39.000000,8,-15.134715025906736,-15.0,0.3423068899517844,0.140625,14.070899674592786,11261.0,0.0,-19.870466321243523,-20.0,0.336662990113136,0.15104166666666666,58.347150259067355,58.0,0.4880922291735658,0.4270833333333333
2024-01-01 02:11:36.000000,2024-01-01 02:11:42.000000,8,-15.025906735751295,-15.0,0.15927024860221128,0.052083333333333336,18.203238351498833,11259.0,0.0,-19.94818652849741,-20.0,0.22222671987388612,0.08333333333333333,58.33678756476684,58.0,0.4738407360895572,0.4010416666666667
2024-01-01 02:11:39.000000,2024-01-01 02:11:45.000000,8,-15.010362694300518,-15.0,0.10153187644463985,0.020833333333333332,15.687991519401038,11253.0,0.0,-19.989637305699482,-20.0,0.14396315014973907,0.03125,58.30569948186528,58.0,0.46190124852088,0.375
2024-01-01 02:11:42.000000,2024-01-01 02:11:48.000000,8,-14.958549222797927,-15.0,0.22440191090224793,0.09375,15.348343773758277,11257.0,0.0,-20.031088082901555,-20.0,0.24804938502106055,0.08333333333333333,58.32642487046632,58.0,0.4810753642049296,0.359375
2024-01-01 02:11:45.000000,2024-01-01 02:11:51.000000,8,-15.663212435233161,-15.0,2.1275827543273667,0.046875,49.366916496512594,11249.999999999998,0.0,-19.564766839378237,-20.0,1.02428942470442,0.052083333333333336,58.29015544041451,58.0,1.4137555174825789,0.40625
2024-01-01 02:11:48.000000,2024-01-01 02:11:54.000000,8,-33.83419689119171,-30.0,17.894175946804555,0.005208333333333333,1623.710772306447,8789.0,0.0,-18.414507772020727,-18.0,1.535753374837474,0.19270833333333334,45.538860103626945,48.0,13.299819576866517,0.005208333333333333
2024-01-01 02:11:51.000000,2024-01-01 02:11:57.000000,8,-42.95336787564767,-49.0,12.943100702143889,0.03125,1345.788394192712,7901.000000000001,0.0,-15.409326424870466,-17.0,3.5973537818003836,0.078125,40.93782383419689,36.0,11.594101833387981,0.052083333333333336
2024-01-01 02:11:54.000000,2024-01-01 02:12:00.000000,8,-26.585492227979273,-20.0,12.590265621833582,0.005208333333333333,922.3918883964702,10475.0,0.0,-12.55958549222798,-12.0,2.603648048531481,0.11458333333333333,54.27461139896373,59.0,9.324152551934386,0.015625
2024-01-01 02:11:57.000000,2024-01-01 02:12:03.000000,8,-17.911917098445596,-18.0,1.9731301679712385,0.22395833333333334,42.19189669382625,11544.0,0.0,-12.295336787564766,-13.0,1.1993179552805742,0.16666666666666666,59.81347150259067,60.0,1.0832170789223572,0.3125
2024-01-01 02:12:00.000000,2024-01-01 02:12:06.000000,8,-12.67357512953368,-17.0,9.475416446752,0.057291666666666664,500.90812046367057,11031.0,0.0,-19.818652849740932,-13.0,11.019077408101555,0.015625,57.15544041450777,60.0,5.810074219425527,0.06770833333333333
2024-01-01 02:12:03.000000,2024-01-01 02:12:09.000000,8,-9.466321243523316,-15.0,15.525186373022985,0.052083333333333336,980.0833362244122,9167.0,0.0,-34.9119170984456,-40.0,11.812224994742738,0.026041666666666668,47.49740932642487,48.0,11.012835481236776,0.11979166666666667
2024-01-01 02:12:06.000000,2024-01-01 02:12:12.000000,8,-33.0,-40.0,25.974346318370873,0.036458333333333336,2189.5840080719404,4477.0,0.0,-38.15025906735751,-37.0,5.8187209035464065,0.057291666666666664,23.196891191709845,26.0,19.167099379361183,0.015625
2024-01-01 02:12:09.000000,2024-01-01 02:12:15.000000,8,-44.056994818652846,-52.0,13.265787186286682,0.020833333333333332,1558.3903821340743,3170.0,0.0,-39.512953367875646,-39.0,6.982947091762606,0.0625,16.424870466321245,12.0,12.965330497330509,0.020833333333333332
2024-01-01 02:12:12.000000,2024-01-01 02:12:18.000000,8,-23.202072538860104,-25.0,14.19564178479475,0.09895833333333333,540.9827960915067,5787.0,0.0,-48.41450777202073,-49.0,5.223564086106159,0.15104166666666666,29.984455958549223,30.0,8.162718018998671,0.22395833333333334
2024-01-01 02:12:15.000000,2024-01-01 02:12:21.000000,8,-4.22279792746114,-4.0,14.459609637913081,0.140625,480.6564968249433,6986.000000000001,0.0,-49.870466321243526,-50.0,3.8390548275469984,0.16666666666666666,36.196891191709845,37.0,6.508215215016638,0.18229166666666666
2024-01-01 02:12:18.000000,2024-01-01 02:12:24.000000,8,13.33160621761658,13.0,15.010547888983298,0.140625,374.06980890944715,7701.0,0.0,-45.25388601036269,-46.0,4.734932013708187,0.09375,39.90155440414508,40.0,6.522848277752355,0.265625
2024-01-01 02:12:21.000000,2024-01-01 02:12:27.000000,8,18.963730569948186,25.0,20.31275591043789,0.09895833333333333,1271.1603988357435,7147.999999999999,0.0,-39.87564766839378,-43.0,13.091627322779594,0.026041666666666668,37.03626943005181,36.0,15.627624131977411,0.09895833333333333
2024-01-01 02:12:24.000000,2024-01-01 02:12:30.000000,8,0.41450777202072536,-11.0,24.46562633086793,0.015625,2103.2362453417954,9126.0,0.0,-20.911917098445596,-8.0,21.54059909395337,0.015625,47.284974093264246,57.0,20.311804657953623,0.005208333333333333
2024-01-01 02:12:27.000000,2024-01-01 02:12:33.000000,8,-17.440414507772022,-19.0,4.7574310113010005,0.13020833333333334,160.68167579790418,11734.0,0.0,-2.466321243523316,-1.0,4.246341003393196,0.11979166666666667,60.7979274611399,60.0,3.7284933081443765,0.390625
2024-01-01 02:12:30.000000,2024-01-01 02:12:36.000000,8,-19.414507772020727,-19.0,0.6407977540987713,0.3854166666666667,15.298739768068438,11645.0,0.0,-1.0,-1.0,0.25,0.03125,60.33678756476684,60.0,0.49533662948668256,0.4375
2024-01-01 02:12:33.000000,2024-01-01 02:12:39.000000,8,-18.818652849740932,-20.0,3.858602975914213,0.078125,104.8384497085836,11667.000000000002,0.0,-2.051813471502591,-1.0,3.1962558379598733,0.026041666666666668,60.45077720207254,60.0,2.8337460331354465,0.3802083333333333
2024-01-01 02:12:36.000000,2024-01-01 02:12:42.000000,8,-16.23316062176166,-19.0,6.355979702553699,0.171875,140.07374259638163,11791.0,0.0,-4.181347150259067,-3.0,3.676114378761086,0.10416666666666667,61.09326424870466,61.0,4.535922156520906,0.21354166666666666
2024-01-01 02:12:39.000000,2024-01-01 02:12:45.000000,8,-15.27461139896373,-15.0,5.554861607494027,0.23958333333333334,134.30542814319966,11847.0,0.0,-5.3782383419689115,-5.0,2.0582514335548434,0.21875,61.38341968911917,61.0,3.778797030116675,0.40625
2024-01-01 02:12:42.000000,2024-01-01 02:12:48.000000,8,-16.067357512953368,-16.0,2.8450654945701666,0.19791666666666666,52.31115028110069,11828.0,0.0,-5.253886010362694,-5.0,1.1146738720833806,0.22916666666666666,61.284974093264246,61.0,1.6029374482078211,0.484375
2024-01-01 02:12:45.000000,2024-01-01 02:12:51.000000,8,-15.839378238341968,-16.0,0.9520283318957974,0.28125,37.39279688474646,11835.0,0.0,-4.994818652849741,-5.0,0.4620764876982944,0.14583333333333334,61.32124352331606,61.0,0.8722662698946116,0.4583333333333333
2024-01-01 02:12:48.000000,2024-01-01 02:12:54.000000,8,-14.66839378238342,-16.0,3.5581312408989554,0.06770833333333333,51.34079986867532,11816.0,0.0,-6.580310880829016,-5.0,3.789380158572516,0.026041666666666668,61.22279792746114,61.0,1.7815894254370204,0.3697916666666667
2024-01-01 02:12:51.000000,2024-01-01 02:12:57.000000,8,-12.357512953367875,-12.0,3.6545716277538403,0.10416666666666667,47.42273811154117,11807.000000000004,0.0,-10.26943005181347,-12.0,4.022067796664696,0.026041666666666668,61.17616580310881,61.0,1.8371319964461346,0.34375
2024-01-01 02:12:54.000000,2024-01-01 02:13:00.000000,8,-11.414507772020725,-12.0,1.0917287949202517,0.3385416666666667,28.731406046531323,11834.0,0.0,-11.818652849740932,-12.0,0.8559012359694468,0.234375,61.3160621761658,61.0,0.7896472289028733,0.4270833333333333
2024-01-01 02:12:57.000000,2024-01-01 02:13:03.000000,8,-11.782383419689118,-12.0,0.6408819753982226,0.375,20.13802051580622,11845.0,0.0,-11.259067357512953,-11.0,0.43926211876395854,0.3177083333333333,61.373056994818654,61.0,0.6000863495722975,0.484375
2024-01-01 02:13:00.000000,2024-01-01 02:13:06.000000,8,-11.61658031088083,-12.0,0.9343751895350463,0.3541666666666667,26.395603861217012,11875.0,0.0,-11.145077720207254,-11.0,0.49967606086654587,0.28125,61.52849740932643,62.0,0.8419139413435737,0.4895833333333333
2024-01-01 02:13:03.000000,2024-01-01 02:13:09.000000,8,-11.55958549222798,-12.0,0.9452864613201118,0.4010416666666667,33.03728061083539,11878.0,0.0,-11.124352331606218,-11.0,0.5352936501421954,0.296875,61.5440414507772,62.0,0.8656513915001915,0.5
2024-01-01 02:13:06.000000,2024-01-01 02:13:12.000000,8,-11.865284974093264,-12.0,0.7654567309185153,0.3489583333333333,22.14215168180062,11839.0,0.0,-11.357512953367875,-11.0,0.551190029889952,0.3541666666666667,61.3419689119171,61.0,0.726829773648431,0.4947916666666667
2024-01-01 02:13:09.000000,2024-01-01 02:13:15.000000,8,-11.906735751295336,-12.0,0.8238667833357143,0.3125,19.320979244988287,11844.0,0.0,-11.336787564766839,-11.0,0.5453821686162469,0.3385416666666667,61.36787564766839,61.0,0.6726844117335362,0.4583333333333333
2024-01-01 02:13:12.000000,2024-01-01 02:13:18.000000,8,-11.756476683937823,-12.0,0.7128084279259599,0.359375,24.631413318721112,11887.0,0.0,-10.720207253886011,-11.0,0.6328309069744513,0.21354166666666666,61.590673575129536,62.0,0.5980141286793925,0.4010416666666667
2024-01-01 02:13:15.000000,2024-01-01 02:13:21.000000,8,-11.83419689119171,-12.0,0.8499212601952925,0.3489583333333333,30.549789801701483,11902.000000000002,0.0,-10.279792746113989,-10.0,0.5902470868109163,0.359375,61.66839378238342,62.0,0.8802734011626573,0.3802083333333333
2024-01-01 02:13:18.000000,2024-01-01 02:13:24.000000,8,-11.958549222797927,-12.0,0.9673535466845867,0.3125,32.32426667986944,11902.0,0.0,-10.072538860103627,-10.0,0.641387070951785,0.25,61.66839378238342,62.0,0.9915717796144692,0.46875
2024-01-01 02:13:21.000000,2024-01-01 02:13:27.000000,8,-13.66839378238342,-12.0,9.3677130574896,0.10416666666666667,219.37206973840702,11731.0,0.0,-10.44041450777202,-10.0,3.6138944589765987,0.11458333333333333,60.78238341968912,62.0,6.487512083975155,0.109375
2024-01-01 02:13:24.000000,2024-01-01 02:13:30.000000,8,-15.32642487046632,-12.0,11.801402466347435,0.03125,1994.0737244201155,8610.0,0.0,-31.60621761658031,-33.0,21.278176483741028,0.015625,44.61139896373057,40.0,17.048621480544227,0.015625
2024-01-01 02:13:27.000000,2024-01-01 02:13:33.000000,8,-1.8445595854922279,3.0,15.955885928664893,0.057291666666666664,580.3605637299353,4863.0,0.0,-55.16580310880829,-57.0,4.584106544922198,0.026041666666666668,25.196891191709845,25.0,5.857028423325326,0.13020833333333334
2024-01-01 02:13:30.000000,2024-01-01 02:13:36.000000,8,5.191709844559585,13.0,24.68677812612866,0.052083333333333336,545.7571630047051,3570.0,0.0,-50.77720207253886,-58.0,21.881001520668466,0.005208333333333333,18.497409326424872,20.0,10.946424621923557,0.22395833333333334
2024-01-01 02:13:33.000000,2024-01-01 02:13:39.000000,8,-25.590673575129532,-41.0,35.13935525254793,0.026041666666666668,1156.2082003850437,4521.0,0.0,-15.67357512953368,3.0,35.68543377214359,0.005208333333333333,23.424870466321245,22.0,18.314833557483997,0.07291666666666667
2024-01-01 02:13:36.000000,2024-01-01 02:13:42.000000,8,-47.523316062176164,-50.0,16.837790005811122,0.16145833333333334,1951.2639533733275,6178.000000000001,0.0,8.191709844559586,5.0,11.257846045404868,0.16145833333333334,32.01036269430052,36.0,23.32938723417172,0.13020833333333334
2024-01-01 02:13:39.000000,2024-01-01 02:13:45.000000,8,-45.73575129533679,-50.0,18.049054008575904,0.03125,1945.3411324616857,6667.000000000001,0.0,1.6787564766839378,1.0,6.829044475297823,0.171875,34.5440414507772,39.0,23.736824815707898,0.057291666666666664
2024-01-01 02:13:42.000000,2024-01-01 02:13:48.000000,8,-48.33678756476684,-50.0,11.675095647424524,0.036458333333333336,900.9259549812799,7383.0,0.0,-0.35233160621761656,0.0,2.5434161848711656,0.2760416666666667,38.25388601036269,40.0,13.160578679314908,0.03125
2024-01-01 02:13:45.000000,2024-01-01 02:13:51.000000,8,-50.015544041450774,-50.0,2.3484850700722655,0.0625,63.1720054781891,7655.0,0.0,-0.31088082901554404,0.0,0.5922553567502024,0.3229166666666667,39.66321243523316,40.0,2.0528293588389723,0.3645833333333333
2024-01-01 02:13:48.000000,2024-01-01 02:13:54.000000,8,-49.005181347150256,-48.0,2.5688385210344,0.057291666666666664,203.73680351266225,7932.0,0.0,-0.15544041450777202,0.0,0.5170871318257937,0.17708333333333334,41.09844559585492,42.0,2.552704380569131,0.046875
2024-01-01 02:13:51.000000,2024-01-01 02:13:57.000000,8,-47.979274611398964,-48.0,0.14283400997012283,0.041666666666666664,19.24780474475991,8218.0,0.0,0.0,0.0,0.0,0.0,42.58031088082902,43.0,0.4947915246341027,0.4010416666666667
2024-01-01 02:13:54.000000,2024-01-01 02:14:00.000000,8,-48.79274611398964,-48.0,6.747572806109456,0.03125,462.33978629182525,7796.0,0.0,-0.39378238341968913,0.0,1.544601719936148,0.078125,40.39378238341969,42.0,8.30288370426583,0.020833333333333332
2024-01-01 02:13:57.000000,2024-01-01 02:14:03.000000,8,-41.865284974093264,-35.0,10.27296649822119,0.026041666666666668,1116.1161721779758,8893.0,0.0,-0.9430051813471503,-1.0,1.517901952866086,0.078125,46.07772020725388,53.0,11.235600552506051,0.026041666666666668
2024-01-01 02:14:00.000000,2024-01-01 02:14:06.000000,8,-34.16062176165803,-34.0,0.530431847396343,0.19270833333333334,13.342225674823256,10416.0,0.0,-1.2279792746113989,-1.0,0.4446962441579892,0.18229166666666666,53.968911917098445,54.0,0.41965680113952564,0.11979166666666667
2024-01-01 02:14:03.000000,2024-01-01 02:14:09.000000,8,-34.15025906735751,-34.0,0.46008653537627364,0.203125,10.488295176819646,10421.0,0.0,-1.1865284974093264,-1.0,0.4163643117140138,0.14583333333333334,53.994818652849744,54.0,0.2975141685425969,0.0625
2024-01-01 02:14:06.000000,2024-01-01 02:14:12.000000,8,-34.06217616580311,-34.0,0.24210326234337595,0.10416666666666667,1.0000000000007452,10423.0,0.0,-1.0259067357512954,-1.0,0.15927024860221098,0.041666666666666664,54.005181347150256,54.0,0.07198157507486938,0.010416666666666666
2024-01-01 02:14:09.000000,2024-01-01 02:14:15.000000,8,-34.15025906735751,-34.0,0.3582544999036418,0.21875,5.423630725400455,10420.0,0.0,-1.0155440414507773,-1.0,0.12402469251053044,0.020833333333333332,53.98963730569948,54.0,0.20385956424551105,0.052083333333333336
2024-01-01 02:14:12.000000,2024-01-01 02:14:18.000000,8,-34.24352331606217,-34.0,0.442262201552743,0.3125,8.338286986225015,10416.0,0.0,-1.0207253886010363,-1.0,0.14283400997012277,0.041666666666666664,53.968911917098445,54.0,0.3045956293339196,0.09375
2024-01-01 02:14:15.000000,2024-01-01 02:14:21.000000,8,-34.10880829015544,-34.0,0.8621527861102013,0.2708333333333333,22.91928069178125,10429.0,0.0,-0.8911917098445595,-1.0,0.6642470122358464,0.005208333333333333,54.03626943005181,54.0,0.6721626864304211,0.08854166666666667
2024-01-01 02:14:18.000000,2024-01-01 02:14:24.000000,8,-33.58031088082902,-34.0,4.160206563723698,0.11979166666666667,327.7328976747315,10300.0,0.0,-1.2072538860103628,-1.0,10.522720914307977,0.046875,53.36787564766839,54.0,7.603069839509299,0.15104166666666666
2024-01-01 02:14:21.000000,2024-01-01 02:14:27.000000,8,-30.124352331606218,-32.0,17.978142913694278,0.07291666666666667,1391.171248842599,8435.0,0.0,-17.854922279792746,-22.0,20.130296640448933,0.010416666666666666,43.704663212435236,52.0,17.879831194892706,0.09895833333333333
2024-01-01 02:14:24.000000,2024-01-01 02:14:30.000000,8,-40.04145077720207,-40.0,24.494224276026454,0.041666666666666664,2343.776433179519,4531.0,0.0,-29.502590673575128,-31.0,11.18365825673577,0.041666666666666664,23.476683937823836,23.0,19.29784976657052,0.03125
2024-01-01 02:14:27.000000,2024-01-01 02:14:33.000000,8,-41.04145077720207,-35.0,18.005738146980146,0.046875,1453.3427083263728,4334.0,0.0,-35.129533678756474,-43.0,13.805147299790463,0.005208333333333333,22.4559585492228,27.0,14.003696619045728,0.057291666666666664
2024-01-01 02:14:30.000000,2024-01-01 02:14:36.000000,8,-23.523316062176164,-25.0,13.103781475072733,0.17708333333333334,884.9409344758852,7563.000000000002,0.0,-39.56476683937824,-43.0,12.94850385793257,0.109375,39.18652849740933,37.0,11.853551896937997,0.15104166666666666
2024-01-01 02:14:33.000000,2024-01-01 02:14:39.000000,8,-10.44041450777202,-8.0,13.748402325141454,0.140625,1096.9418845668185,8693.0,0.0,4.9067357512953365,12.0,40.78719680418536,0.005208333333333333,45.04145077720207,45.0,11.310869678512066,0.16666666666666666
2024-01-01 02:14:36.000000,2024-01-01 02:14:42.000000,8,-7.6217616580310885,-7.0,9.869299145856164,0.11979166666666667,691.835632615696,8404.0,0.0,43.917098445595855,44.0,8.163266801377144,0.16666666666666666,43.5440414507772,42.0,8.12656255733462,0.16666666666666666
2024-01-01 02:14:39.000000,2024-01-01 02:14:45.000000,8,-13.398963730569948,-12.0,7.7534534619883635,0.11458333333333333,561.7035007942436,8998.999999999998,0.0,39.69948186528497,39.0,6.645240287614751,0.13020833333333334,46.626943005181346,48.0,6.381589689119495,0.18229166666666666
2024-01-01 02:14:42.000000,2024-01-01 02:14:48.000000,8,-17.015544041450777,-12.0,12.904891144743747,0.057291666666666664,484.6930136887947,9745.0,0.0,29.00518134715026,33.0,13.01701507055862,0.005208333333333333,50.49222797927461,53.0,7.677835504299902,0.020833333333333332
2024-01-01 02:14:45.000000,2024-01-01 02:14:51.000000,8,-38.78238341968912,-54.0,22.70908180383031,0.005208333333333333,1664.1699883116373,7341.0,0.0,7.974093264248705,-3.0,19.476063094957244,0.005208333333333333,38.03626943005181,33.0,14.540666055710645,0.036458333333333336
2024-01-01 02:14:48.000000,2024-01-01 02:14:54.000000,8,-57.9119170984456,-58.0,3.3020689463463455,0.3020833333333333,323.70611186175967,5013.0,0.0,-5.922279792746114,-5.0,3.7720422994457943,0.052083333333333336,25.974093264248705,27.0,4.7493806977425805,0.125
2024-01-01 02:14:51.000000,2024-01-01 02:14:57.000000,8,-52.424870466321245,-55.0,7.620955423808442,0.06770833333333333,935.9945970559496,6349.0,0.0,-9.373056994818652,-9.0,6.69232298684667,0.03125,32.89637305699482,30.0,8.825250073516537,0.026041666666666668
2024-01-01 02:14:54.000000,2024-01-01 02:15:00.000000,8,-49.067357512953365,-50.0,5.793371010766857,0.125,592.6246861674739,7287.0,0.0,-13.310880829015543,-12.0,4.041031189469587,0.08333333333333333,37.75647668393783,37.0,5.7261982025530935,0.07291666666666667
2024-01-01 02:14:57.000000,2024-01-01 02:15:03.000000,8,-49.031088082901555,-51.0,5.886873405926895,0.16145833333333334,645.6920825455676,7548.0,0.0,-13.015544041450777,-12.0,4.00582477454423,0.15104166666666666,39.10880829015544,37.0,6.362616659828792,0.11458333333333333
2024-01-01 02:15:00.000000,2024-01-01 02:15:06.000000,8,-22.072538860103627,-34.0,28.981224566515195,0.015625,1643.4726538419839,5831.0,0.0,-34.83937823834197,-28.0,22.51712551099864,0.015625,30.212435233160623,33.0,14.922768215926032,0.03125
2024-01-01 02:15:03.000000,2024-01-01 02:15:09.000000,8,6.005181347150259,9.0,15.386173923812805,0.046875,866.5443545680962,4649.0,0.0,-54.994818652849744,-54.0,7.756380041433654,0.041666666666666664,24.088082901554404,26.0,10.136439677047592,0.14583333333333334
2024-01-01 02:15:06.000000,2024-01-01 02:15:12.000000,8,-3.160621761658031,8.0,19.801623029726603,0.026041666666666668,1028.4726325707713,6066.0,0.0,-47.09326424870466,-54.0,16.282710865926184,0.005208333333333333,31.430051813471504,31.0,15.03733300327781,0.078125
2024-01-01 02:15:09.000000,2024-01-01 02:15:15.000000,8,-31.45077720207254,-37.0,21.681138882608934,0.026041666666666668,2124.80998319874,2716.0,0.0,-40.45077720207254,-41.0,15.178758180880411,0.052083333333333336,14.072538860103627,13.0,25.01322404998572,0.057291666666666664
2024-01-01 02:15:12.000000,2024-01-01 02:15:18.000000,8,-34.73575129533679,-39.0,15.860643658791322,0.057291666666666664,3648.2198326402163,4137.0,0.0,-27.860103626943005,-38.0,18.80231906102381,0.010416666666666666,21.435233160621763,4.0,32.637484872850706,0.005208333333333333
2024-01-01 02:15:15.000000,2024-01-01 02:15:21.000000,8,-19.89119170984456,-17.0,8.914733540227914,0.015625,1287.9632801981952,10477.0,0.0,-9.50259067357513,-4.0,14.27268820755639,0.015625,54.284974093264246,61.0,18.92409817656308,0.015625
2024-01-01 02:15:18.000000,2024-01-01 02:15:24.000000,8,-17.259067357512954,-17.0,0.8448577053648355,0.3229166666666667,11.29461705731943,11778.0,0.0,-3.7512953367875648,-4.0,0.4898031926500941,0.359375,61.02590673575129,61.0,0.3877718557216475,0.08333333333333333
2024-01-01 02:15:21.000000,2024-01-01 02:15:27.000000,8,-17.33678756476684,-17.0,0.8388633439628634,0.28125,11.220077194533703,11777.0,0.0,-3.7875647668393784,-4.0,0.4693199614891293,0.296875,61.020725388601036,61.0,0.394738167740101,0.08333333333333333
2024-01-01 02:15:24.000000,2024-01-01 02:15:30.000000,8,-17.373056994818654,-17.0,0.5059021251945273,0.3177083333333333,7.647410286066286,11773.0,0.0,-3.865284974093264,-4.0,0.38525836383972645,0.21354166666666666,61.0,61.0,0.27003086243366087,0.057291666666666664
2024-01-01 02:15:27.000000,2024-01-01 02:15:33.000000,8,-17.259067357512954,-17.0,0.869166962660801,0.3072916666666667,27.47138009565249,11774.0,0.0,-3.989637305699482,-4.0,0.45631720173694584,0.14583333333333334,61.005181347150256,61.0,0.7107611041343357,0.125
2024-01-01 02:15:30.000000,2024-01-01 02:15:36.000000,8,-17.487046632124354,-18.0,1.3544248790621245,0.203125,33.66787246944369,11761.000000000002,0.0,-3.9533678756476682,-4.0,0.7309394314882173,0.18229166666666666,60.93782383419689,61.0,0.8757552871496919,0.3489583333333333
2024-01-01 02:15:33.000000,2024-01-01 02:15:39.000000,8,-18.27461139896373,-18.0,5.621964734717841,0.22395833333333334,167.15269065341957,11619.000000000002,0.0,-5.533678756476684,-4.0,4.147056616898919,0.036458333333333336,60.2020725388601,61.0,4.304260952692967,0.3177083333333333
2024-01-01 02:15:36.000000,2024-01-01 02:15:42.000000,8,-29.11917098445596,-21.0,16.805297259370935,0.041666666666666664,1528.1604914753914,9892.0,0.0,-9.321243523316062,-10.0,4.690461787386095,0.020833333333333332,51.25388601036269,59.0,14.669724986326049,0.041666666666666664
2024-01-01 02:15:39.000000,2024-01-01 02:15:45.000000,8,-29.21761658031088,-21.0,16.096528498604606,0.005208333333333333,1452.8739579383528,9948.999999999998,0.0,-9.590673575129534,-9.0,2.8382278916194927,0.06770833333333333,51.54922279792746,59.0,14.376228640142186,0.005208333333333333
2024-01-01 02:15:42.000000,2024-01-01 02:15:48.000000,8,-21.424870466321245,-21.0,5.221729749008012,0.18229166666666666,156.59517610421636,11441.0,0.0,-7.196891191709844,-7.0,2.689212763054295,0.15104166666666666,59.27979274611399,59.0,2.6876368101900923,0.24479166666666666
2024-01-01 02:15:45.000000,2024-01-01 02:15:51.000000,8,-24.83419689119171,-26.0,3.9295185644722253,0.09895833333333333,55.30813622900623,11226.0,0.0,-5.875647668393782,-5.0,2.6050987105832584,0.078125,58.16580310880829,58.0,1.838101234571148,0.11979166666666667
2024-01-01 02:15:48.000000,2024-01-01 02:15:54.000000,8,-25.38860103626943,-25.0,0.4887000309057229,0.22395833333333334,3.5407414824179315,11197.0,0.0,-5.300518134715026,-5.0,0.459675769941709,0.18229166666666666,58.015544041450774,58.0,0.16062002060452565,0.041666666666666664
2024-01-01 02:15:51.000000,2024-01-01 02:15:57.000000,8,-25.06217616580311,-25.0,0.3166712116754104,0.078125,8.74974907046861,11206.0,0.0,-5.782383419689119,-6.0,0.46131663716330545,0.203125,58.06217616580311,58.0,0.2818640150332052,0.11458333333333333
2024-01-01 02:15:54.000000,2024-01-01 02:16:00.000000,8,-24.979274611398964,-25.0,0.2879263002994786,0.07291666666666667,9.034258905501819,11212.000000000002,0.0,-6.015544041450777,-6.0,0.25974113591355813,0.08333333333333333,58.09326424870466,58.0,0.32533030909718685,0.171875
2024-01-01 02:15:57.000000,2024-01-01 02:16:03.000000,8,-24.590673575129532,-25.0,0.49298840226402757,0.171875,17.113498729485755,11237.999999999998,0.0,-6.22279792746114,-6.0,0.41720604121826366,0.234375,58.2279792746114,58.0,0.4206202755870042,0.2708333333333333
2024-01-01 02:16:00.000000,2024-01-01 02:16:06.000000,8,-24.098445595854923,-24.0,0.3758984631211676,0.11979166666666667,17.84976379058579,11291.0,0.0,-6.668393782383419,-7.0,0.4720147534358854,0.24479166666666666,58.50259067357513,59.0,0.5012936632230296,0.3854166666666667
2024-01-01 02:16:03.000000,2024-01-01 02:16:09.000000,8,-23.492227979274613,-24.0,0.5507492149379333,0.06770833333333333,23.301006254285006,11348.0,0.0,-7.305699481865285,-7.0,0.5252168727155919,0.18229166666666666,58.7979274611399,59.0,0.40259038183250484,0.234375
2024-01-01 02:16:06.000000,2024-01-01 02:16:12.000000,8,-22.82383419689119,-23.0,0.48952763527658116,0.19270833333333334,5.915695106893433,11383.0,0.0,-7.818652849740933,-8.0,0.43692134196827426,0.2552083333333333,58.979274611398964,59.0,0.22726978330641584,0.052083333333333336
2024-01-01 02:16:09.000000,2024-01-01 02:16:15.000000,8,-22.440414507772022,-22.0,0.4977279986315438,0.2864583333333333,5.434184936093377,11386.0,0.0,-7.963730569948186,-8.0,0.2953292123986854,0.11458333333333333,58.994818652849744,59.0,0.19086997445973228,0.020833333333333332
2024-01-01 02:16:12.000000,2024-01-01 02:16:18.000000,8,-22.129533678756477,-22.0,0.35179345584957133,0.14583333333333334,3.71321128070963,11390.999999999998,0.0,-8.015544041450777,-8.0,0.2597411359135576,0.08333333333333333,59.020725388601036,59.0,0.14283400997012274,0.041666666666666664
2024-01-01 02:16:15.000000,2024-01-01 02:16:21.000000,8,-21.704663212435232,-22.0,0.5311436320416321,0.21354166666666666,9.803811907564544,11406.0,0.0,-8.430051813471502,-8.0,0.4963706795007624,0.21354166666666666,59.09844559585492,59.0,0.3617775392560875,0.13541666666666666
2024-01-01 02:16:18.000000,2024-01-01 02:16:24.000000,8,-16.83937823834197,-21.0,10.725752869211512,0.08854166666666667,1401.9454220160037,9936.0,0.0,-18.487046632124354,-9.0,20.284206912925036,0.026041666666666668,51.48186528497409,59.0,17.633742885991545,0.026041666666666668
2024-01-01 02:16:21.000000,2024-01-01 02:16:27.000000,8,-10.974093264248705,-11.0,10.3276707770318,0.06770833333333333,1880.1277338400462,6744.000000000001,0.0,-42.45077720207254,-56.0,22.981398998182094,0.005208333333333333,34.943005181347154,28.0,18.53015181639141,0.015625
2024-01-01 02:16:24.000000,2024-01-01 02:16:30.000000,8,-8.041450777202073,-7.0,3.737248036227106,0.03125,255.07843332818857,5285.999999999999,0.0,-56.512953367875646,-56.0,1.2504532856884858,0.15104166666666666,27.38860103626943,29.0,3.8146202589782345,0.078125
2024-01-01 02:16:27.000000,2024-01-01 02:16:33.000000,8,-6.259067357512953,-6.0,0.7874227214872178,0.2916666666666667,24.006103484764797,5652.000000000001,0.0,-55.994818652849744,-56.0,0.07198157507486945,0.010416666666666666,29.28497409326425,29.0,0.7046217398011124,0.2916666666666667
2024-01-01 02:16:30.000000,2024-01-01 02:16:36.000000,8,-11.492227979274611,-7.0,6.220864733386189,0.005208333333333333,482.564844621059,5027.0,0.0,-56.43523316062176,-56.0,0.5656873331573252,0.052083333333333336,26.04663212435233,28.0,4.079024285190148,0.026041666666666668
2024-01-01 02:16:33.000000,2024-01-01 02:16:39.000000,8,-16.704663212435232,-18.0,3.2756724843190663,0.15104166666666666,141.5437567095334,4369.0,0.0,-56.95336787564767,-57.0,0.4818600618135772,0.13020833333333334,22.637305699481864,23.0,2.33698902499265,0.24479166666666666
2024-01-01 02:16:36.000000,2024-01-01 02:16:42.000000,8,-16.854922279792746,-17.0,1.3805528478848998,0.28125,73.02812323811608,4438.000000000001,0.0,-56.90673575129534,-57.0,0.4911786606561169,0.21354166666666666,22.99481865284974,23.0,1.4701807192145677,0.265625
2024-01-01 02:16:39.000000,2024-01-01 02:16:45.000000,8,-17.585492227979273,-17.0,1.3284533971218908,0.2864583333333333,67.02053391675804,4488.0,0.0,-56.66321243523316,-57.0,0.525935715188869,0.3229166666666667,23.253886010362695,23.0,1.3967215808595088,0.28125
2024-01-01 02:16:42.000000,2024-01-01 02:16:48.000000,8,-17.797927461139896,-18.0,1.8779409865268335,0.296875,114.44638451969267,4593.0,0.0,-56.26943005181347,-56.0,0.6534748357566535,0.328125,23.797927461139896,24.0,1.830185513969566,0.2552083333333333
2024-01-01 02:16:45.000000,2024-01-01 02:16:51.000000,8,-18.16062176165803,-17.0,8.00261048729719,0.19791666666666666,953.846227019866,5839.0,0.0,-48.41968911917098,-56.0,16.688476123346813,0.005208333333333333,30.253886010362695,25.0,12.838045587540654,0.026041666666666668
2024-01-01 02:16:48.000000,2024-01-01 02:16:54.000000,8,-14.974093264248705,-16.0,10.976981234022853,0.109375,1931.6838820441635,9406.999999999998,0.0,-23.621761658031087,-8.0,22.95346159000272,0.005208333333333333,48.740932642487046,59.0,17.247440424856695,0.026041666666666668
2024-01-01 02:16:51.000000,2024-01-01 02:16:57.000000,8,-11.305699481865284,-11.0,7.8637365649788284,0.052083333333333336,135.80186151132074,11892.0,0.0,-7.0310880829015545,-7.0,3.0480641666598784,0.10416666666666667,61.61658031088083,62.0,3.395483322712489,0.21875
2024-01-01 02:16:54.000000,2024-01-01 02:17:00.000000,8,-15.663212435233161,-17.0,6.584035619829047,0.15104166666666666,93.2823455784679,11771.0,0.0,-5.829015544041451,-5.0,3.4014071176449137,0.078125,60.98963730569948,61.0,2.729067372186768,0.2552083333333333
2024-01-01 02:16:57.000000,2024-01-01 02:17:03.000000,8,-21.031088082901555,-22.0,3.457941848953316,0.0625,79.05321574157801,11548.0,0.0,-3.9326424870466323,-4.0,1.2992873694428773,0.13020833333333334,59.83419689119171,59.0,1.7540047933795977,0.4166666666666667
2024-01-01 02:17:00.000000,2024-01-01 02:17:06.000000,8,-19.82901554404145,-22.0,4.365679066685823,0.07291666666666667,125.5563185924523,11594.0,0.0,-5.072538860103627,-4.0,1.8915718441155702,0.0625,60.07253886010363,60.0,2.305998129831009,0.1875
2024-01-01 02:17:03.000000,2024-01-01 02:17:09.000000,8,-20.10880829015544,-22.0,4.239395486772178,0.109375,118.06764769062313,11597.0,0.0,-4.860103626943006,-4.0,2.0376952845160274,0.15104166666666666,60.0880829015544,60.0,2.4318873314961675,0.2604166666666667
2024-01-01 02:17:06.000000,2024-01-01 02:17:12.000000,8,-22.854922279792746,-23.0,1.286827947242013,0.17708333333333334,37.50068475607947,11429.0,0.0,-3.7979274611398965,-4.0,0.8633726593293182,0.3229166666666667,59.21761658031088,59.0,1.091778231322795,0.25
2024-01-01 02:17:09.000000,2024-01-01 02:17:15.000000,8,-22.95336787564767,-23.0,0.2938635496921163,0.07291666666666667,9.567731874008993,11402.999999999998,0.0,-3.8808290155440415,-4.0,0.3248322271887141,0.19270833333333334,59.082901554404145,59.0,0.2764504846556092,0.15625
2024-01-01 02:17:12.000000,2024-01-01 02:17:18.000000,8,-22.61139896373057,-23.0,0.4992438150582546,0.21354166666666666,14.997179578830519,11423.0,0.0,-3.9792746113989637,-4.0,0.20306375288927894,0.041666666666666664,59.18652849740933,59.0,0.390545652562861,0.296875
2024-01-01 02:17:15.000000,2024-01-01 02:17:21.000000,8,-22.17616580310881,-22.0,0.3819519677910837,0.16145833333333334,19.697408658480278,11454.0,0.0,-4.036269430051814,-4.0,0.1874460198635711,0.07291666666666667,59.347150259067355,59.0,0.47730216583727536,0.4270833333333333
2024-01-01 02:17:18.000000,2024-01-01 02:17:24.000000,8,-22.00518134715026,-22.0,0.1248920086191497,0.020833333333333332,19.598961567257675,11481.0,0.0,-4.067357512953368,-4.0,0.25129199826851256,0.125,59.487046632124354,59.0,0.5011321379527754,0.5
2024-01-01 02:17:21.000000,2024-01-01 02:17:27.000000,8,-22.020725388601036,-22.0,0.36740289565744944,0.041666666666666664,16.598604318060612,11502.0,0.0,-4.16580310880829,-4.0,0.3998326506576864,0.24479166666666666,59.59585492227979,60.0,0.5127371602580592,0.4947916666666667
2024-01-01 02:17:24.000000,2024-01-01 02:17:30.000000,8,-15.243523316062177,-22.0,9.607818648801391,0.005208333333333333,112.88056054482112,11666.0,0.0,-7.55440414507772,-5.0,4.931657279588281,0.020833333333333332,60.44559585492228,60.0,2.0661946157084836,0.06770833333333333
2024-01-01 02:17:27.000000,2024-01-01 02:17:33.000000,8,-10.549222797927461,-11.0,7.52695931836429,0.09375,79.88508006360217,11894.0,0.0,-7.829015544041451,-6.0,4.994453962142958,0.041666666666666664,61.626943005181346,62.0,2.278911354194441,0.3125
2024-01-01 02:17:30.000000,2024-01-01 02:17:36.000000,8,-10.367875647668393,-10.0,3.977070234622795,0.17708333333333334,49.89617080776749,12032.0,0.0,-5.466321243523316,-6.0,1.9922128192285187,0.13541666666666666,62.3419689119171,62.0,1.5401400974787434,0.375
2024-01-01 02:17:33.000000,2024-01-01 02:17:39.000000,8,-14.72538860103627,-10.0,8.974630214020571,0.026041666666666668,264.7787099838104,11745.0,0.0,-6.0,-6.0,1.3228756555322954,0.16666666666666666,60.854922279792746,62.0,2.7894311545193378,0.109375
2024-01-01 02:17:36.000000,2024-01-01 02:17:42.000000,8,-23.34715025906736,-25.0,7.035527747855611,0.09895833333333333,117.6295214673957,11289.0,0.0,-5.9067357512953365,-6.0,1.354624108999962,0.2760416666666667,58.49222797927461,58.0,2.8378380323328414,0.18229166666666666
2024-01-01 02:17:39.000000,2024-01-01 02:17:45.000000,8,-25.7720207253886,-26.0,3.37420431354833,0.13020833333333334,63.671242141269204,11171.0,0.0,-5.507772020725389,-5.0,1.1819791443823162,0.171875,57.880829015544045,58.0,1.8795210318466005,0.24479166666666666
2024-01-01 02:17:42.000000,2024-01-01 02:17:48.000000,8,-16.259067357512954,-26.0,15.686221168347533,0.026041666666666668,202.18818575260087,11424.0,0.0,-5.725388601036269,-5.0,2.988210860210122,0.109375,59.19170984455958,58.0,2.6574450603360846,0.06770833333333333
2024-01-01 02:17:45.000000,2024-01-01 02:17:51.000000,8,-7.647668393782383,-1.0,23.332296269823033,0.036458333333333336,2464.885182614194,8914.0,0.0,-19.523316062176164,-7.0,21.91557487906244,0.026041666666666668,46.18652849740933,58.0,23.036574743367026,0.005208333333333333
2024-01-01 02:17:48.000000,2024-01-01 02:17:54.000000,8,-1.5647668393782384,6.0,21.088533665451816,0.0625,1379.7786225733512,5582.0,0.0,-44.979274611398964,-57.0,21.400924471178175,0.015625,28.922279792746114,27.0,18.295581518738576,0.026041666666666668
2024-01-01 02:17:51.000000,2024-01-01 02:17:57.000000,8,5.544041450777202,6.0,1.2159436657480853,0.20833333333333334,282.56020966670513,5401.000000000001,0.0,-56.44559585492228,-57.0,1.372495363677434,0.005208333333333333,27.984455958549223,27.0,2.840328406661042,0.026041666666666668
2024-01-01 02:17:54.000000,2024-01-01 02:18:00.000000,8,6.124352331606218,6.0,1.8666697507993277,0.08854166666666667,90.42856289317707,5928.0,0.0,-54.95854922279793,-55.0,0.815438256982045,0.052083333333333336,30.71502590673575,31.0,1.5126660116717785,0.171875
2024-01-01 02:17:57.000000,2024-01-01 02:18:03.000000,8,6.585492227979275,6.0,2.267110149138037,0.09375,187.02646822581877,5961.0,0.0,-54.740932642487046,-55.0,1.3444458123384277,0.08333333333333333,30.8860103626943,31.0,2.563254185742293,0.140625
2024-01-01 02:18:00.000000,2024-01-01 02:18:06.000000,8,5.746113989637306,5.0,1.7328919492490076,0.08854166666666667,154.21575513298947,5856.0,0.0,-55.20725388601036,-55.0,1.2904090205878609,0.15625,30.3419689119171,30.0,2.3578658825009247,0.09375
2024-01-01 02:18:03.000000,2024-01-01 02:18:09.000000,8,4.730569948186528,5.0,0.4676494709008572,0.21354166666666666,48.86285231470417,5873.000000000001,0.0,-55.27461139896373,-55.0,0.4474790256660676,0.11979166666666667,30.430051813471504,30.0,0.6008054467141448,0.16145833333333334
2024-01-01 02:18:06.000000,2024-01-01 02:18:12.000000,8,4.347150259067358,4.0,0.8531221234459658,0.3072916666666667,129.01313458943417,6115.0,0.0,-54.50259067357513,-55.0,0.7781143896974478,0.015625,31.683937823834196,31.0,1.4392565486321942,0.026041666666666668
2024-01-01 02:18:09.000000,2024-01-01 02:18:15.000000,8,3.9689119170984455,4.0,0.8094927408008851,0.16666666666666666,109.09799113466518,6415.0,0.0,-53.53367875647668,-53.0,0.7840569178521261,0.09895833333333333,33.23834196891192,34.0,1.3405461212809926,0.11979166666666667
2024-01-01 02:18:12.000000,2024-01-01 02:18:18.000000,8,0.29533678756476683,4.0,8.392136014817188,0.015625,427.9056521013259,6122.000000000001,0.0,-53.865284974093264,-53.0,1.806379622405488,0.052083333333333336,31.72020725388601,34.0,5.538168315441077,0.015625
2024-01-01 02:18:15.000000,2024-01-01 02:18:21.000000,8,-10.787564766839377,-17.0,10.827792691014418,0.005208333333333333,658.8694455847161,4927.0,0.0,-55.854922279792746,-57.0,2.04880278027676,0.036458333333333336,25.528497409326423,22.0,6.544755082096549,0.005208333333333333
2024-01-01 02:18:18.000000,2024-01-01 02:18:24.000000,8,-16.015544041450777,-17.0,5.4078229252647505,0.078125,1198.1796695054877,5605.999999999999,0.0,-50.25388601036269,-57.0,15.042398340726967,0.005208333333333333,29.04663212435233,23.0,14.797342862346525,0.026041666666666668
2024-01-01 02:18:21.000000,2024-01-01 02:18:27.000000,8,-7.979274611398964,-11.0,11.270794924097888,0.09375,1928.8223374627735,9420.0,0.0,-27.466321243523318,-17.0,21.312900911195356,0.026041666666666668,48.80829015544042,58.0,18.026876164458027,0.005208333333333333
2024-01-01 02:18:24.000000,2024-01-01 02:18:30.000000,8,-9.746113989637307,-11.0,12.604678278630205,0.14583333333333334,130.74558542920025,11730.0,0.0,-9.243523316062177,-8.0,4.3298590263720635,0.08854166666666667,60.77720207253886,60.0,3.9774230620041338,0.22395833333333334
2024-01-01 02:18:27.000000,2024-01-01 02:18:33.000000,8,-20.39378238341969,-24.0,6.51443610810353,0.015625,137.9234746957225,11509.0,0.0,-6.455958549222798,-6.0,1.523899274319958,0.09375,59.63212435233161,59.0,2.4097035055076756,0.057291666666666664
2024-01-01 02:18:30.000000,2024-01-01 02:18:36.000000,8,-24.357512953367877,-24.0,1.1047520607433838,0.0625,54.62230774043741,11302.999999999998,0.0,-6.0,-6.0,0.5590169943749475,0.1328125,58.56476683937824,59.0,0.643235694667705,0.17708333333333334
2024-01-01 02:18:33.000000,2024-01-01 02:18:39.000000,8,-24.46113989637306,-24.0,0.9998920494410415,0.046875,48.34593189705166,11295.0,0.0,-6.38860103626943,-6.0,0.5296172078717986,0.3802083333333333,58.523316062176164,59.0,0.6460822546647959,0.22395833333333334
2024-01-01 02:18:36.000000,2024-01-01 02:18:42.000000,8,-23.808290155440414,-24.0,0.39466979705148864,0.203125,9.56948195527909,11364.999999999998,0.0,-6.564766839378239,-7.0,0.49707694799495533,0.4322916666666667,58.8860103626943,59.0,0.3186252041590386,0.1875
2024-01-01 02:18:39.000000,2024-01-01 02:18:45.000000,8,-23.481865284974095,-23.0,0.5112613512259068,0.2916666666666667,7.3847109764544925,11376.0,0.0,-6.725388601036269,-7.0,0.4589707453397442,0.3229166666666667,58.943005181347154,59.0,0.23243566532414991,0.11458333333333333
2024-01-01 02:18:42.000000,2024-01-01 02:18:48.000000,8,-22.844559585492227,-23.0,0.6264017096878219,0.22916666666666666,4.677840181223702,11385.0,0.0,-6.989637305699482,-7.0,0.40811606429344177,0.125,58.98963730569948,59.0,0.1764711173753457,0.041666666666666664
2024-01-01 02:18:45.000000,2024-01-01 02:18:51.000000,8,-22.295336787564768,-22.0,0.45738046656116593,0.3541666666666667,1.9997350429148528,11389.0,0.0,-7.253886010362694,-7.0,0.43636510833477576,0.296875,59.01036269430052,59.0,0.10153187644463957,0.020833333333333332
2024-01-01 02:18:48.000000,2024-01-01 02:18:54.000000,8,-22.098445595854923,-22.0,0.29869101299423634,0.16145833333333334,1.0000000000006857,11388.0,0.0,-7.523316062176166,-8.0,0.500755043036094,0.3697916666666667,59.005181347150256,59.0,0.07198157507486933,0.010416666666666666
2024-01-01 02:18:51.000000,2024-01-01 02:18:57.000000,8,-22.020725388601036,-22.0,0.48903124072409243,0.0625,19.309407909706312,11402.000000000002,0.0,-7.7927461139896375,-8.0,0.5289033690078371,0.3072916666666667,59.07772020725388,59.0,0.5582440704043559,0.11458333333333333
2024-01-01 02:18:54.000000,2024-01-01 02:19:00.000000,8,-21.580310880829014,-22.0,1.1296320873849768,0.21354166666666666,30.746696007603752,11444.999999999998,0.0,-7.9689119170984455,-8.0,0.6527724187974405,0.22916666666666666,59.30051813471503,59.0,0.936999722592365,0.3072916666666667
2024-01-01 02:18:57.000000,2024-01-01 02:19:03.000000,8,-20.83937823834197,-21.0,1.1592488709212936,0.265625,30.3971443190104,11498.0,0.0,-8.139896373056995,-8.0,0.609058349042896,0.16666666666666666,59.575129533678755,60.0,0.9104732679630442,0.4375
2024-01-01 02:19:00.000000,2024-01-01 02:19:06.000000,8,-22.2279792746114,-21.0,2.4600653276356073,0.046875,80.84030256570459,11415.0,0.0,-7.103626943005182,-8.0,1.6264856368164768,0.036458333333333336,59.145077720207254,59.0,1.1225385661391674,0.3177083333333333
2024-01-01 02:19:03.000000,2024-01-01 02:19:09.000000,8,-24.6580310880829,-25.0,1.975672422205115,0.13020833333333334,36.17507728477603,11250.0,0.0,-5.652849740932642,-5.0,1.2536216963314528,0.2552083333333333,58.29015544041451,58.0,0.9621787757718225,0.2760416666666667
2024-01-01 02:19:06.000000,2024-01-01 02:19:12.000000,8,-24.04663212435233,-25.0,3.250464959433391,0.19270833333333334,84.96726444755211,11306.0,0.0,-4.958549222797927,-5.0,1.7672783833576549,0.125,58.58031088082902,58.0,2.085422096247281,0.3229166666666667
2024-01-01 02:19:09.000000,2024-01-01 02:19:15.000000,8,-21.39896373056995,-21.0,5.137829365327284,0.15104166666666666,94.63778910674729,11466.0,0.0,-5.642487046632124,-5.0,2.721759929846268,0.11979166666666667,59.409326424870464,60.0,3.004045200187046,0.3385416666666667
2024-01-01 02:19:12.000000,2024-01-01 02:19:18.000000,8,-19.44559585492228,-19.0,4.114050338775972,0.06770833333333333,60.920609611357165,11557.0,0.0,-6.979274611398964,-7.0,1.9038298823872883,0.026041666666666668,59.880829015544045,60.0,2.2893083327693176,0.15104166666666666
2024-01-01 02:19:15.000000,2024-01-01 02:19:21.000000,8,-19.031088082901555,-19.0,0.5391615380161995,0.15625,12.027557910883342,11601.0,0.0,-6.891191709844559,-7.0,0.5982397177811887,0.057291666666666664,60.10880829015544,60.0,0.3439584663845069,0.21354166666666666
2024-01-01 02:19:18.000000,2024-01-01 02:19:24.000000,8,-19.367875647668395,-19.0,0.553778822686421,0.24479166666666666,10.771259612127256,11599.0,0.0,-6.27979274611399,-6.0,0.5248570822825089,0.140625,60.09844559585492,60.0,0.36177753925608697,0.1875
2024-01-01 02:19:21.000000,2024-01-01 02:19:27.000000,8,-19.72538860103627,-20.0,0.4918375189813389,0.11979166666666667,8.68488849382788,11590.0,0.0,-6.0310880829015545,-6.0,0.3521767985108133,0.13541666666666666,60.05181347150259,60.0,0.2649868833720642,0.078125
2024-01-01 02:19:24.000000,2024-01-01 02:19:30.000000,8,-19.974093264248705,-20.0,0.15927024860221073,0.041666666666666664,1.0000000000006002,11581.0,0.0,-6.025906735751295,-6.0,0.25890863013132,0.09375,60.005181347150256,60.0,0.07198157507486933,0.010416666666666666
2024-01-01 02:19:27.000000,2024-01-01 02:19:33.000000,8,-19.875647668393782,-20.0,0.3308412890635368,0.19791666666666666,5.348582529301342,11585.0,0.0,-6.072538860103627,-6.0,0.29742344917212515,0.14583333333333334,60.02590673575129,60.0,0.18916574414115414,0.052083333333333336
2024-01-01 02:19:30.000000,2024-01-01 02:19:36.000000,8,-19.82901554404145,-20.0,0.377474564218735,0.2604166666666667,5.349876048081273,11584.0,0.0,-6.119170984455959,-6.0,0.32483222718871424,0.19791666666666666,60.020725388601036,60.0,0.1755511921657368,0.041666666666666664
2024-01-01 02:19:33.000000,2024-01-01 02:19:39.000000,8,-19.83419689119171,-20.0,0.372871043658016,0.2604166666666667,1.1136624083378472e-12,11580.000000000002,0.0,-6.155440414507772,-6.0,0.3632663420042662,0.23958333333333334,60.0,60.0,0.0,0.0
2024-01-01 02:19:36.000000,2024-01-01 02:19:42.000000,8,-19.7720207253886,-20.0,0.43282569575009533,0.3541666666666667,4.667100879051493,11585.0,0.0,-6.238341968911917,-6.0,0.4271774455050108,0.3333333333333333,60.02590673575129,60.0,0.15927024860221073,0.041666666666666664
2024-01-01 02:19:39.000000,2024-01-01 02:19:45.000000,8,-19.730569948186528,-20.0,0.45637633699304053,0.390625,5.389223684581543,11586.000000000002,0.0,-6.259067357512953,-6.0,0.4392621187639583,0.3385416666666667,60.031088082901555,60.0,0.17400717631559506,0.052083333333333336
2024-01-01 02:19:42.000000,2024-01-01 02:19:48.000000,8,-19.746113989637305,-20.0,0.4363651083347767,0.3645833333333333,3.759336007158617,11584.000000000002,0.0,-6.269430051813472,-6.0,0.44481759666240545,0.296875,60.020725388601036,60.0,0.14283400997012277,0.041666666666666664
2024-01-01 02:19:45.000000,2024-01-01 02:19:51.000000,8,-19.70984455958549,-20.0,0.4550142816942883,0.359375,4.517432691685786,11584.0,0.0,-6.347150259067358,-6.0,0.47730216583727436,0.3072916666666667,60.020725388601036,60.0,0.17555119216573767,0.041666666666666664
2024-01-01 02:19:48.000000,2024-01-01 02:19:54.000000,8,-19.60103626943005,-20.0,0.49095884473074,0.40625,3.790394579636551,11582.0,0.0,-6.347150259067358,-6.0,0.47730216583727425,0.3489583333333333,60.01036269430052,60.0,0.1439631501497392,0.020833333333333332
2024-01-01 02:19:51.000000,2024-01-01 02:19:57.000000,8,-14.83419689119171,-19.0,13.20761583892157,0.005208333333333333,104.80506474457367,11579.0,0.0,-5.590673575129534,-6.0,6.305034038879845,0.005208333333333333,59.994818652849744,60.0,2.5155711108646726,0.036458333333333336
2024-01-01 02:19:54.000000,2024-01-01 02:20:00.000000,8,-1.854922279792746,-8.0,19.81475904889593,0.03125,300.85903033006963,11559.000000000002,0.0,-1.7357512953367875,-1.0,9.802615328123261,0.046875,59.89119170984456,60.0,5.385510569413472,0.07291666666666667
2024-01-01 02:19:57.000000,2024-01-01 02:20:03.000000,8,0.22797927461139897,-6.0,14.683460244423593,0.026041666666666668,327.0430942747308,11876.0,0.0,0.6217616580310881,0.0,6.936238098835051,0.11979166666666667,61.53367875647668,63.0,5.095970164463141,0.057291666666666664
2024-01-01 02:20:00.000000,2024-01-01 02:20:06.000000,8,-6.155440414507772,-6.0,1.018927100058272,0.3489583333333333,14.383643978028951,12205.0,0.0,-0.21761658031088082,0.0,0.5441933232381612,0.3020833333333333,63.23834196891192,63.0,0.42717744550501124,0.3958333333333333
2024-01-01 02:20:03.000000,2024-01-01 02:20:09.000000,8,-5.7357512953367875,-6.0,0.9228672373769888,0.3854166666666667,12.919514357572352,12197.0,0.0,-0.17616580310880828,0.0,0.44493891606917785,0.3020833333333333,63.196891191709845,63.0,0.42400701838620636,0.3489583333333333
2024-01-01 02:20:06.000000,2024-01-01 02:20:12.000000,8,-5.766839378238342,-6.0,0.9199970901808743,0.4010416666666667,13.137409220480027,12196.0,0.0,-0.12953367875647667,0.0,0.3937113607436092,0.23958333333333334,63.19170984455958,63.0,0.4202351508834023,0.3333333333333333
2024-01-01 02:20:09.000000,2024-01-01 02:20:15.000000,8,-5.989637305699482,-6.0,0.5950283370851935,0.23958333333333334,11.115054668743317,12183.000000000002,0.0,-0.046632124352331605,0.0,0.21139801127490357,0.08333333333333333,63.12435233160622,63.0,0.33084128906353666,0.21875
2024-01-01 02:20:12.000000,2024-01-01 02:20:18.000000,8,-9.067357512953368,-6.0,9.266349389146034,0.046875,1335.7255854811635,10827.999999999998,0.0,-7.979274611398964,0.0,18.80241522307894,0.005208333333333333,56.10362694300518,63.0,18.73915345455704,0.005208333333333333
2024-01-01 02:20:15.000000,2024-01-01 02:20:21.000000,8,-23.326424870466322,-32.0,14.302249829055262,0.046875,3099.9670571840606,5744.0,0.0,-34.17616580310881,-52.0,25.14271870686158,0.005208333333333333,29.761658031088082,12.0,26.262203142601745,0.015625
2024-01-01 02:20:18.000000,2024-01-01 02:20:24.000000,8,-34.984455958549226,-35.0,1.9052468232976192,0.375,273.0149451924151,2004.0,0.0,-52.35233160621762,-52.0,0.7218373935990897,0.296875,10.38341968911917,11.0,2.809606792444806,0.09375
2024-01-01 02:20:21.000000,2024-01-01 02:20:27.000000,8,-35.347150259067355,-35.0,1.5741084325779306,0.375,158.37884699144436,1952.0000000000002,0.0,-52.181347150259064,-52.0,0.5979690006463746,0.3541666666666667,10.1139896373057,10.0,2.27473925701212,0.140625
2024-01-01 02:20:24.000000,2024-01-01 02:20:30.000000,8,-35.637305699481864,-36.0,1.0015909192892902,0.4166666666666667,142.94609138167607,2032.9999999999998,0.0,-51.93782383419689,-52.0,0.6741270822112384,0.203125,10.533678756476684,10.0,1.5377728214634894,0.203125
2024-01-01 02:20:27.000000,2024-01-01 02:20:33.000000,8,-35.29015544041451,-35.0,1.338047581321047,0.3385416666666667,187.19731016114017,2507.0,0.0,-51.59585492227979,-52.0,0.5227963869195782,0.4375,12.989637305699482,13.0,1.9525347769675445,0.140625
2024-01-01 02:20:30.000000,2024-01-01 02:20:36.000000,8,-34.932642487046635,-35.0,1.6803464925605234,0.34375,66.13069514339934,2804.0,0.0,-51.38860103626943,-51.0,0.6529377613580434,0.3229166666666667,14.528497409326425,14.0,1.551365769667275,0.3333333333333333
2024-01-01 02:20:33.000000,2024-01-01 02:20:39.000000,8,-36.3419689119171,-36.0,2.1978091029921525,0.203125,304.74242317161253,2366.0,0.0,-50.984455958549226,-51.0,0.7737670564747913,0.16666666666666666,12.259067357512953,11.0,2.7979220638980804,0.057291666666666664
2024-01-01 02:20:36.000000,2024-01-01 02:20:42.000000,8,-35.59585492227979,-36.0,3.0142687441859217,0.16145833333333334,63.63491315784936,1937.0000000000002,0.0,-52.01036269430052,-52.0,1.3881553906537367,0.06770833333333333,10.036269430051814,10.0,1.5116666333430446,0.296875
2024-01-01 02:20:39.000000,2024-01-01 02:20:45.000000,8,-33.83937823834197,-34.0,2.559724844209945,0.3958333333333333,91.92449480480079,2041.9999999999998,0.0,-53.03626943005181,-53.0,0.5983750304193517,0.22916666666666666,10.580310880829016,10.0,1.9351533925892614,0.34375
2024-01-01 02:20:42.000000,2024-01-01 02:20:48.000000,8,-33.8860103626943,-34.0,2.2470956115377145,0.3958333333333333,72.60240443494143,2216.0,0.0,-52.8860103626943,-53.0,0.5178693729040698,0.2604166666666667,11.481865284974093,12.0,1.8849548630999127,0.3489583333333333
2024-01-01 02:20:45.000000,2024-01-01 02:20:51.000000,8,-32.854922279792746,-33.0,2.7480464878048254,0.2864583333333333,95.43679828949381,2388.0,0.0,-53.30051813471503,-53.0,0.7724755531006591,0.2552083333333333,12.373056994818652,12.0,2.176029325846277,0.2604166666666667
2024-01-01 02:20:48.000000,2024-01-01 02:20:54.000000,8,-31.590673575129532,-31.0,2.5460991532342536,0.421875,77.21512168064724,2400.0,0.0,-53.9119170984456,-54.0,0.8523942709166553,0.28125,12.435233160621761,12.0,2.152324826529362,0.3229166666666667
2024-01-01 02:20:51.000000,2024-01-01 02:20:57.000000,8,-31.419689119170986,-32.0,2.2627016270047036,0.375,66.5774665735274,2316.0,0.0,-54.0,-54.0,0.816496580927726,0.2578125,12.0,12.0,1.8791620472966135,0.3359375
2024-01-01 02:20:54.000000,2024-01-01 02:21:00.000000,8,-31.54922279792746,-32.0,2.1696082396700573,0.3958333333333333,62.52323593011023,2296.0,0.0,-53.943005181347154,-54.0,0.6223822554090159,0.2864583333333333,11.896373056994818,12.0,1.785251296999099,0.3229166666666667
2024-01-01 02:20:57.000000,2024-01-01 02:21:03.000000,8,-32.41968911917098,-33.0,1.847020660284122,0.2916666666666667,70.49275156568228,2199.0,0.0,-53.61658031088083,-54.0,0.6678125945842293,0.2760416666666667,11.393782383419689,11.0,1.4861733209475843,0.3229166666666667
2024-01-01 02:21:00.000000,2024-01-01 02:21:06.000000,8,-32.69430051813472,-33.0,2.146901510716894,0.2916666666666667,69.87177693932921,2158.0,0.0,-53.51813471502591,-53.0,0.729535127729072,0.2864583333333333,11.181347150259068,11.0,1.8633706714090348,0.3333333333333333
2024-01-01 02:21:03.000000,2024-01-01 02:21:09.000000,8,-31.27461139896373,-32.0,4.762289800618787,0.3177083333333333,487.8467292826598,2788.0,0.0,-52.39378238341969,-53.0,3.9304318430968506,0.09895833333333333,14.44559585492228,12.0,8.453204137484363,0.140625
2024-01-01 02:21:06.000000,2024-01-01 02:21:12.000000,8,-21.528497409326423,-17.0,10.535182441924254,0.026041666666666668,2997.661457417578,7712.000000000001,0.0,-25.367875647668395,-33.0,26.3334863684585,0.005208333333333333,39.95854922279793,51.0,24.047226580577163,0.005208333333333333
2024-01-01 02:21:09.000000,2024-01-01 02:21:15.000000,8,-12.906735751295336,-13.0,3.309016441484879,0.0625,90.1622622744262,12019.0,0.0,0.9378238341968912,2.0,4.474030322088857,0.057291666666666664,62.27461139896373,62.0,2.504626548026214,0.15625
2024-01-01 02:21:12.000000,2024-01-01 02:21:18.000000,8,-13.17098445595855,-13.0,0.3774745642187343,0.026041666666666668,7.601646277856948,11974.0,0.0,1.782383419689119,2.0,0.41369840833268173,0.265625,62.04145077720207,62.0,0.22440191090224815,0.07291666666666667
2024-01-01 02:21:15.000000,2024-01-01 02:21:21.000000,8,-13.0,-13.0,0.10206207261596575,0.010416666666666666,8.49727837549632,11978.0,0.0,1.7979274611398963,2.0,0.4025903818325038,0.296875,62.06217616580311,62.0,0.24210326234337584,0.10416666666666667
2024-01-01 02:21:18.000000,2024-01-01 02:21:24.000000,0,-12.984455958549223,-13.0,0.16062002060452552,0.03125,7.778833102259626,11978.0,0.0,1.7772020725388602,2.0,0.4172060412182639,0.3333333333333333,62.06217616580311,62.0,0.2421032623433759,0.09895833333333333
2024-01-01 02:21:21.000000,2024-01-01 02:21:27.000000,0,-12.860103626943005,-13.0,1.2894257400895668,0.11979166666666667,36.38697382065653,11990.0,0.0,1.7772020725388602,2.0,0.7049663449383108,0.2708333333333333,62.12435233160622,62.0,1.096907452134965,0.21875
2024-01-01 02:21:24.000000,2024-01-01 02:21:30.000000,0,-12.782383419689118,-13.0,1.3087448336951197,0.13541666666666666,36.92878170779365,11998.0,0.0,1.8031088082901554,2.0,0.6941651712482336,0.23958333333333334,62.16580310880829,62.0,1.1103075318120756,0.2760416666666667
2024-01-01 02:21:27.000000,2024-01-01 02:21:33.000000,0,-12.787564766839377,-13.0,0.5786575494932144,0.20833333333333334,15.537004865538806,12005.0,0.0,1.7720207253886011,2.0,0.4446962441579886,0.2708333333333333,62.2020725388601,62.0,0.4276825328177137,0.3177083333333333
2024-01-01 02:21:30.000000,2024-01-01 02:21:36.000000,0,-12.569948186528498,-13.0,0.6426900638213685,0.28125,16.534465169665346,12023.0,0.0,1.7564766839378239,2.0,0.45388602268515266,0.2916666666666667,62.295336787564764,62.0,0.47961466254175616,0.4375
2024-01-01 02:21:33.000000,2024-01-01 02:21:39.000000,0,-12.279792746113989,-12.0,0.45006476217922164,0.19791666666666666,14.433688940650315,12025.0,0.0,1.854922279792746,2.0,0.35309512288207623,0.20833333333333334,62.30569948186528,62.0,0.4619012485208801,0.4375
2024-01-01 02:21:36.000000,2024-01-01 02:21:42.000000,0,-12.32642487046632,-12.0,0.47012428077928314,0.22395833333333334,16.354542508688727,12014.0,0.0,1.854922279792746,2.0,0.35309512288207606,0.23958333333333334,62.248704663212436,62.0,0.43338647209723996,0.3697916666666667
2024-01-01 02:21:39.000000,2024-01-01 02:21:45.000000,0,-12.435233160621761,-12.0,0.49707694799495517,0.2604166666666667,15.817952823831995,12007.0,0.0,1.854922279792746,2.0,0.3530951228820762,0.25,62.21243523316062,62.0,0.41009498036287295,0.3333333333333333
2024-01-01 02:21:42.000000,2024-01-01 02:21:48.000000,0,-12.32642487046632,-12.0,0.47012428077928325,0.2604166666666667,17.062669328687043,12014.0,0.0,1.7875647668393781,2.0,0.4100949803628741,0.2916666666666667,62.248704663212436,62.0,0.4333864720972398,0.40625
2024-01-01 02:21:45.000000,2024-01-01 02:21:51.000000,0,-12.217616580310882,-12.0,0.4136984083326815,0.28125,15.671542696385098,12016.0,0.0,1.7927461139896372,2.0,0.4063932091146543,0.2916666666666667,62.259067357512954,62.0,0.4392621187639586,0.4114583333333333
2024-01-01 02:21:48.000000,2024-01-01 02:21:54.000000,0,-12.196891191709845,-12.0,0.3986836067703655,0.23958333333333334,14.03989657819493,12011.0,0.0,1.9067357512953367,2.0,0.2915587019520049,0.17708333333333334,62.233160621761655,62.0,0.4239433680040437,0.390625
2024-01-01 02:21:51.000000,2024-01-01 02:21:57.000000,0,-12.186528497409327,-12.0,0.39054565256286056,0.19791666666666666,12.551951412731007,12015.0,0.0,1.9119170984455958,2.0,0.28415252903714167,0.17708333333333334,62.25388601036269,62.0,0.4363651083347762,0.375
2024-01-01 02:21:54.000000,2024-01-01 02:22:00.000000,0,-12.176165803108809,-12.0,0.3819519677910841,0.21875,15.360137010261889,12020.000000000002,0.0,1.8808290155440415,2.0,0.3248322271887133,0.21875,62.27979274611399,62.0,0.4500647621792227,0.359375
2024-01-01 02:21:57.000000,2024-01-01 02:22:03.000000,0,-10.50259067357513,-12.0,16.460851395663617,0.057291666666666664,774.2936795694618,11910.0,0.0,0.43005181347150256,2.0,6.04208577546982,0.08333333333333333,61.70984455958549,62.0,15.67637409170923,0.041666666666666664
2024-01-01 02:22:00.000000,2024-01-01 02:22:06.000000,0,2.22279792746114,3.0,21.672685825269294,0.09895833333333333,1930.3378818478793,9564.0,0.0,17.196891191709845,7.0,25.003803683006062,0.06770833333333333,49.55440414507772,60.0,25.396612179382952,0.036458333333333336
2024-01-01 02:22:03.000000,2024-01-01 02:22:09.000000,0,7.626943005181347,6.0,12.257467939734113,0.052083333333333336,3026.2556844207775,2878.0,0.16580310880829016,46.652849740932645,57.0,20.00855818620737,0.015625,14.911917098445596,12.0,32.26529858314903,0.026041666666666668
2024-01-01 02:22:06.000000,2024-01-01 02:22:12.000000,0,4.4974093264248705,1.0,11.403638103844505,0.109375,2842.6395291175595,43.99999999999999,0.16580310880829016,54.98963730569948,60.0,17.984944408827097,0.03125,0.22797927461139897,-1.0,26.428753371083694,0.052083333333333336
2024-01-01 02:22:09.000000,2024-01-01 02:22:15.000000,0,-0.9430051813471503,1.0,17.183503028734126,0.10416666666666667,3288.2204598896296,4757.0,0.0,47.69948186528497,55.0,29.35474212366385,0.052083333333333336,24.647668393782382,26.0,30.457282367650556,0.052083333333333336
2024-01-01 02:22:12.000000,2024-01-01 02:22:18.000000,0,-11.1139896373057,-8.0,18.31630253865097,0.10416666666666667,1805.0784680933964,5490.0,0.0,57.55958549222798,49.0,37.574063303835295,0.07291666666666667,28.44559585492228,24.0,22.5265675042452,0.09375
2024-01-01 02:22:15.000000,2024-01-01 02:22:21.000000,0,-14.279792746113989,-12.0,19.04584534634317,0.09895833333333333,1871.8323239636672,5283.0,0.0,56.97409326424871,60.0,40.69518747565561,0.08333333333333333,27.373056994818654,25.0,20.06955871364083,0.06770833333333333
2024-01-01 02:22:18.000000,2024-01-01 02:22:24.000000,0,-9.481865284974093,-5.0,15.487257283626988,0.10416666666666667,1842.0631644384296,9914.000000000002,0.0,21.76683937823834,3.0,34.26113777025809,0.005208333333333333,51.36787564766839,62.0,18.195535285277785,0.06770833333333333
2024-01-01 02:22:21.000000,2024-01-01 02:22:27.000000,0,-3.082901554404145,-3.0,5.251326010682098,0.16666666666666666,45.050092422534284,12226.000000000004,0.0,1.9740932642487046,2.0,1.8803679636593675,0.22916666666666666,63.347150259067355,63.0,1.8395834739182106,0.5625
2024-01-01 02:22:24.000000,2024-01-01 02:22:30.000000,0,-1.61139896373057,-2.0,0.7283504560813572,0.2604166666666667,16.035834911586296,12252.999999999998,0.0,2.1709844559585494,2.0,0.5369547280408816,0.3489583333333333,63.487046632124354,63.0,0.5011321379527754,0.5572916666666666
2024-01-01 02:22:27.000000,2024-01-01 02:22:33.000000,0,-2.155440414507772,-1.0,7.269849546946151,0.07291666666666667,498.7926204717879,11728.0,0.0,7.77720207253886,2.0,15.7217702845713,0.026041666666666668,60.766839378238345,63.0,7.95118825371034,0.046875
2024-01-01 02:22:30.000000,2024-01-01 02:22:36.000000,0,-7.5595854922279795,-6.0,10.379658785044674,0.109375,2390.6110127577663,7768.0,0.0,38.61658031088083,39.0,34.114973110470885,0.026041666666666668,40.248704663212436,33.0,20.04474969913227,0.015625
2024-01-01 02:22:33.000000,2024-01-01 02:22:39.000000,0,-13.44559585492228,-14.0,8.080222368432443,0.17708333333333334,708.6093513095371,4283.0,0.0,61.751295336787564,60.0,24.236042178971044,0.09895833333333333,22.191709844559586,23.0,9.806435688636892,0.15625
2024-01-01 02:22:36.000000,2024-01-01 02:22:42.000000,0,-12.093264248704664,-13.0,14.527330787519682,0.15104166666666666,1572.5745340587912,5032.0,0.0,45.35751295336787,54.0,34.52899835088931,0.06770833333333333,26.072538860103627,25.0,21.574360802615935,0.078125
2024-01-01 02:22:39.000000,2024-01-01 02:22:45.000000,0,-9.243523316062177,-11.0,14.652494526698256,0.08854166666666667,2526.7382241829623,8847.0,0.0,10.217616580310882,-8.0,34.480886923623714,0.005208333333333333,45.83937823834197,59.0,25.045585597959853,0.03125
2024-01-01 02:22:42.000000,2024-01-01 02:22:48.000000,0,-11.295336787564766,-14.0,6.665429235329991,0.026041666666666668,144.21008387734318,11836.0,0.0,-10.284974093264248,-9.0,5.414739925690502,0.057291666666666664,61.32642487046632,61.0,3.4629250890990346,0.3020833333333333
2024-01-01 02:22:45.000000,2024-01-01 02:22:51.000000,0,-15.409326424870466,-14.0,7.709795991557337,0.046875,166.1600205510771,11695.0,0.0,-8.005181347150259,-9.0,2.8768063335031093,0.057291666666666664,60.59585492227979,61.0,2.8103942894505325,0.140625
2024-01-01 02:22:48.000000,2024-01-01 02:22:54.000000,0,-19.71502590673575,-22.0,7.75514829835855,0.057291666666666664,146.19962294483472,11523.0,0.0,-6.041450777202073,-5.0,2.777953002533204,0.08854166666666667,59.704663212435236,60.0,2.67527822064517,0.19270833333333334
2024-01-01 02:22:51.000000,2024-01-01 02:22:57.000000,0,-20.911917098445596,-22.0,3.013427062292733,0.20833333333333334,79.88912791232909,11553.999999999998,0.0,-5.569948186528498,-5.0,1.4202877119799995,0.15625,59.865284974093264,60.0,1.504329531798734,0.2760416666666667
2024-01-01 02:22:54.000000,2024-01-01 02:23:00.000000,0,-19.17616580310881,-19.0,2.9368442199691356,0.234375,54.14980326135424,11652.0,0.0,-5.176165803108808,-5.0,1.4215791591393991,0.21875,60.373056994818654,60.0,1.491538454172848,0.3802083333333333
2024-01-01 02:22:57.000000,2024-01-01 02:23:03.000000,0,-18.875647668393782,-19.0,1.5629425107413735,0.3333333333333333,27.855900461165934,11676.0,0.0,-4.746113989637306,-5.0,1.0372228181247696,0.22916666666666666,60.49740932642487,60.0,0.968914514695475,0.453125
2024-01-01 02:23:00.000000,2024-01-01 02:23:06.000000,0,-21.911917098445596,-20.0,4.17800702007048,0.036458333333333336,173.41605591588262,11444.000000000002,0.0,-5.373056994818653,-5.0,0.7943154035245318,0.19270833333333334,59.295336787564764,60.0,1.762109594924517,0.109375
2024-01-01 02:23:03.000000,2024-01-01 02:23:09.000000,0,-26.06217616580311,-28.0,3.8101111956176115,0.041666666666666664,155.5713623052861,11127.0,0.0,-5.896373056994818,-6.0,1.2117640832426748,0.13020833333333334,57.652849740932645,57.0,1.5641506824832931,0.08333333333333333
2024-01-01 02:23:06.000000,2024-01-01 02:23:12.000000,0,-21.39378238341969,-23.0,7.21185097414178,0.036458333333333336,239.26198390317748,11376.0,0.0,-8.305699481865284,-7.0,3.6735000698768427,0.06770833333333333,58.943005181347154,58.0,3.444782480580552,0.078125
2024-01-01 02:23:09.000000,2024-01-01 02:23:15.000000,0,-16.38860103626943,-17.0,4.20308351731685,0.16145833333333334,113.2775760253723,11698.0,0.0,-9.813471502590673,-9.0,2.8589087498675245,0.18229166666666666,60.61139896373057,60.0,2.8992230660771754,0.265625
2024-01-01 02:23:12.000000,2024-01-01 02:23:18.000000,0,-16.295336787564768,-17.0,10.943549708596615,0.09895833333333333,262.41372616467424,11482.0,0.0,-4.7927461139896375,-9.0,11.616643467043934,0.015625,59.49222797927461,60.0,5.67167594552863,0.15104166666666666
2024-01-01 02:23:15.000000,2024-01-01 02:23:21.000000,2,-18.523316062176164,-16.0,25.70952979499611,0.125,2928.133210186744,6587.0,0.0,23.854922279792746,31.0,29.72845314115424,0.015625,34.129533678756474,40.0,29.978443788310823,0.06770833333333333
2024-01-01 02:23:18.000000,2024-01-01 02:23:24.000000,2,-12.715025906735752,-8.0,26.715839405295387,0.09375,1494.3128812406137,3153.0,0.0,55.29015544041451,54.0,20.35130924526837,0.11979166666666667,16.33678756476684,16.0,20.27892851483639,0.08333333333333333
2024-01-01 02:23:21.000000,2024-01-01 02:23:27.000000,2,-4.958549222797927,-5.0,13.666349410783289,0.140625,912.0345118126039,4378.0,0.0,66.9119170984456,63.0,26.393210793556197,0.15104166666666666,22.683937823834196,23.0,14.730163251396117,0.13541666666666666
2024-01-01 02:23:24.000000,2024-01-01 02:23:30.000000,2,-10.927461139896373,-8.0,13.85132824105511,0.109375,1332.843840240169,3918.000000000001,0.0,72.31088082901555,70.0,27.60334248614829,0.13020833333333334,20.300518134715027,20.0,12.632747199776912,0.15104166666666666
2024-01-01 02:23:27.000000,2024-01-01 02:23:33.000000,2,-14.435233160621761,-13.0,10.57449772608111,0.15625,1205.878914692763,3401.0000000000005,0.0,70.41968911917098,69.0,21.042739887813642,0.13020833333333334,17.621761658031087,18.0,10.490915862325712,0.09375
2024-01-01 02:23:30.000000,2024-01-01 02:23:36.000000,2,-13.911917098445596,-13.0,8.873973705529268,0.13541666666666666,914.2837098879377,3505.0,0.0,70.44559585492227,70.0,17.470164858695032,0.15104166666666666,18.16062176165803,19.0,10.91396771472528,0.09895833333333333
2024-01-01 02:23:33.000000,2024-01-01 02:23:39.000000,2,-13.906735751295336,-12.0,9.395899272733322,0.10416666666666667,1029.596242531138,3660.0,0.0,72.18652849740933,71.0,18.361429934514067,0.13020833333333334,18.963730569948186,18.0,9.976729725233751,0.11979166666666667
2024-01-01 02:23:36.000000,2024-01-01 02:23:42.000000,2,-14.295336787564766,-11.0,9.55907231680242,0.11979166666666667,939.2830747877998,3652.0,0.0,70.21243523316062,70.0,19.74977454452545,0.140625,18.922279792746114,17.0,10.330434959000593,0.13020833333333334
2024-01-01 02:23:39.000000,2024-01-01 02:23:45.000000,2,-15.414507772020725,-11.0,10.51061947563787,0.08854166666666667,837.2199293888793,3550.0000000000005,0.0,67.95854922279793,66.0,17.827832347697697,0.13541666666666666,18.39378238341969,19.0,9.431792572989316,0.13020833333333334
2024-01-01 02:23:42.000000,2024-01-01 02:23:48.000000,2,-22.751295336787564,-17.0,17.420064786548018,0.0625,588.5932195306449,3464.0,0.0,59.284974093264246,61.0,20.45973260975976,0.08854166666666667,17.94818652849741,19.0,11.64390976927535,0.08854166666666667
2024-01-01 02:23:45.000000,2024-01-01 02:23:51.000000,2,-36.476683937823836,-39.0,18.38904580485692,0.026041666666666668,1074.863897143028,2959.0,0.0,46.64766839378238,44.0,19.02630326388877,0.09895833333333333,15.33160621761658,16.0,13.432853305514096,0.09895833333333333
2024-01-01 02:23:48.000000,2024-01-01 02:23:54.000000,2,-37.98963730569948,-41.0,19.304573518260753,0.057291666666666664,615.1883338777362,2720.0,0.0,48.461139896373055,48.0,15.772463898955953,0.13020833333333334,14.093264248704664,12.0,10.416413641141112,0.109375
2024-01-01 02:23:51.000000,2024-01-01 02:23:57.000000,2,-25.927461139896373,-21.0,19.690969860356063,0.078125,386.5903932415078,3347.0000000000005,0.0,60.97409326424871,59.0,19.809361011369262,0.125,17.3419689119171,16.0,8.954581593791072,0.13020833333333334
2024-01-01 02:23:54.000000,2024-01-01 02:24:00.000000,2,-14.512953367875648,-15.0,20.74651296209451,0.125,1420.8973702553246,2123.9999999999995,0.0,61.64248704663213,59.0,17.607457523704262,0.11979166666666667,11.005181347150259,14.0,19.627653060936336,0.109375
2024-01-01 02:23:57.000000,2024-01-01 02:24:03.000000,2,-11.792746113989637,-17.0,19.723308683900235,0.06770833333333333,1937.9335613528663,1855.0,0.16580310880829016,55.917098445595855,56.0,9.707888109013878,0.125,9.61139896373057,5.0,23.022164922530777,0.041666666666666664
2024-01-01 02:24:00.000000,2024-01-01 02:24:06.000000,2,-8.979274611398964,-6.0,10.724756479958137,0.07291666666666667,1616.4773853594377,4261.0,0.0,56.248704663212436,57.0,6.634059127024989,0.13020833333333334,22.077720207253886,28.0,16.143857545275292,0.057291666666666664
2024-01-01 02:24:03.000000,2024-01-01 02:24:09.000000,2,-6.813471502590674,-6.0,7.361670501550745,0.08333333333333333,444.7950100149584,4939.0,0.0,57.917098445595855,57.0,10.098131421396713,0.14583333333333334,25.590673575129532,26.0,6.781048657700384,0.125
2024-01-01 02:24:06.000000,2024-01-01 02:24:12.000000,2,-12.72538860103627,-13.0,8.095924127510775,0.13020833333333334,485.7983867217218,3898.0,0.0,59.7979274611399,58.0,11.024385652522511,0.13020833333333334,20.196891191709845,22.0,8.370495721180882,0.0625
2024-01-01 02:24:09.000000,2024-01-01 02:24:15.000000,2,-20.29015544041451,-17.0,13.639279844009815,0.08854166666666667,1233.3469900001444,4784.000000000001,0.0,49.854922279792746,58.0,26.697176994939685,0.046875,24.787564766839377,22.0,14.145135013833748,0.07291666666666667
2024-01-01 02:24:12.000000,2024-01-01 02:24:18.000000,2,-15.849740932642487,-9.0,17.45062118149478,0.041666666666666664,1442.5145214629433,8539.0,0.0,14.870466321243523,-5.0,37.39441814810842,0.015625,44.24352331606217,50.0,17.423277414278925,0.026041666666666668
2024-01-01 02:24:15.000000,2024-01-01 02:24:21.000000,2,-9.145077720207254,-8.0,9.945669551743093,0.0625,454.96290974493735,11228.0,0.0,-13.253886010362693,-17.0,16.990279019911306,0.026041666666666668,58.17616580310881,60.0,7.076225734035953,0.057291666666666664
2024-01-01 02:24:18.000000,2024-01-01 02:24:24.000000,2,-28.33160621761658,-15.0,27.074624612863254,0.046875,2276.138345189562,8694.0,0.0,-14.621761658031089,-17.0,15.403156569257611,0.09895833333333333,45.04663212435233,59.0,33.057445290269655,0.046875
2024-01-01 02:24:21.000000,2024-01-01 02:24:27.000000,2,-49.523316062176164,-54.0,21.531728656716332,0.08854166666666667,1174.1465215229396,5837.0,0.0,-13.658031088082902,-15.0,15.20406847480398,0.08333333333333333,30.243523316062177,31.0,29.52396223163351,0.09895833333333333
2024-01-01 02:24:24.000000,2024-01-01 02:24:30.000000,2,-56.24352331606217,-55.0,17.071167579330613,0.14583333333333334,954.8767864320141,4530.0,0.0,-15.963730569948186,-16.0,12.802332574327847,0.15104166666666666,23.471502590673577,29.0,26.150017254639867,0.078125
2024-01-01 02:24:27.000000,2024-01-01 02:24:33.000000,2,-55.35751295336787,-56.0,18.06042110386829,0.2708333333333333,954.9275224322271,3662.0,0.0,-13.2279792746114,-22.0,23.747145542490667,0.046875,18.974093264248705,22.0,25.38791445442932,0.0625
2024-01-01 02:24:30.000000,2024-01-01 02:24:36.000000,2,-33.21243523316062,-22.0,20.07827004233479,0.005208333333333333,136.76641009313028,4087.000000000001,0.0,24.082901554404145,56.0,39.871190621012715,0.005208333333333333,21.17616580310881,22.0,2.2958413067325627,0.11458333333333333
2024-01-01 02:24:33.000000,2024-01-01 02:24:39.000000,2,-14.072538860103627,-14.0,2.107754106812303,0.16145833333333334,205.19792723665915,3967.0,0.0,58.766839378238345,58.0,2.282756662299906,0.11458333333333333,20.55440414507772,21.0,2.6806392626851907,0.078125
2024-01-01 02:24:36.000000,2024-01-01 02:24:42.000000,2,-13.808290155440414,-14.0,3.2659119576882856,0.16145833333333334,330.9546535415623,3999.0,0.0,58.994818652849744,59.0,8.489882096579255,0.109375,20.72020725388601,21.0,5.1137535095878555,0.10416666666666667
2024-01-01 02:24:39.000000,2024-01-01 02:24:45.000000,2,-22.093264248704664,-19.0,11.987910847044368,0.10416666666666667,737.4888477917651,5005.0,0.0,42.52849740932643,55.0,32.735532210193696,0.036458333333333336,25.932642487046632,22.0,11.666843232071269,0.078125
2024-01-01 02:24:42.000000,2024-01-01 02:24:48.000000,2,-28.305699481865286,-26.0,9.111852323396436,0.16666666666666666,1853.2421522369752,8535.0,0.0,11.264248704663212,-3.0,31.061894135277015,0.015625,44.22279792746114,50.0,17.280380808327962,0.036458333333333336
2024-01-01 02:24:45.000000,2024-01-01 02:24:51.000000,2,-24.11917098445596,-23.0,4.6705298745596,0.17708333333333334,128.41818959353674,11326.0,0.0,-4.290155440414508,-5.0,4.460329359648866,0.22916666666666666,58.6839378238342,59.0,3.384800744423123,0.2552083333333333
2024-01-01 02:24:48.000000,2024-01-01 02:24:54.000000,2,-22.82901554404145,-23.0,0.8640912644499954,0.296875,24.948458713609394,11413.0,0.0,-5.005181347150259,-5.0,0.4506639699564699,0.125,59.134715025906736,59.0,0.686542550447623,0.3697916666666667
2024-01-01 02:24:51.000000,2024-01-01 02:24:57.000000,2,-23.352331606217618,-23.0,0.7290170707634989,0.3229166666666667,27.045737953921577,11383.0,0.0,-5.409326424870466,-5.0,0.552754524872333,0.2760416666666667,58.979274611398964,59.0,0.7427324918193252,0.3125
2024-01-01 02:24:54.000000,2024-01-01 02:25:00.000000,2,-23.424870466321245,-23.0,0.6659916703748157,0.421875,26.810353507745994,11372.0,0.0,-5.803108808290156,-6.0,0.4593821411861375,0.23958333333333334,58.92227979274612,59.0,0.7138298878642511,0.34375
2024-01-01 02:24:57.000000,2024-01-01 02:25:03.000000,2,-23.632124352331605,-24.0,0.4941366050556854,0.3489583333333333,20.919345984126654,11360.0,0.0,-5.963730569948186,-6.0,0.2365784091924449,0.0625,58.86010362694301,59.0,0.5165127354404664,0.3229166666666667
2024-01-01 02:25:00.000000,2024-01-01 02:25:06.000000,2,-23.906735751295336,-24.0,0.34096404016250415,0.1875,16.285982611270217,11336.0,0.0,-6.062176165803109,-6.0,0.24210326234337606,0.125,58.73575129533679,59.0,0.497511076416563,0.4270833333333333
2024-01-01 02:25:03.000000,2024-01-01 02:25:09.000000,2,-23.989637305699482,-24.0,0.22798111457100206,0.0625,20.942460931601648,11318.0,0.0,-6.05699481865285,-6.0,0.25385626874541944,0.11979166666666667,58.64248704663213,59.0,0.5319559339990056,0.5416666666666666
2024-01-01 02:25:06.000000,2024-01-01 02:25:12.000000,2,-24.020725388601036,-24.0,0.22726978330641534,0.0625,16.893140914313875,11312.0,0.0,-6.0,-6.0,0.10206207261596575,0.010416666666666666,58.61139896373057,59.0,0.5296172078717988,0.5260416666666666
2024-01-01 02:25:09.000000,2024-01-01 02:25:15.000000,2,-24.098445595854923,-24.0,0.2986910129942371,0.171875,16.43020302485126,11291.0,0.0,-6.005181347150259,-6.0,0.07198157507486959,0.010416666666666666,58.50259067357513,58.0,0.5115779544255505,0.5260416666666666
2024-01-01 02:25:12.000000,2024-01-01 02:25:18.000000,2,-24.27979274611399,-24.0,0.45006476217922275,0.359375,17.63626184198105,11269.0,0.0,-6.005181347150259,-6.0,0.07198157507486956,0.010416666666666666,58.38860103626943,58.0,0.488700030905722,0.5520833333333334
2024-01-01 02:25:15.000000,2024-01-01 02:25:21.000000,0,-24.5440414507772,-25.0,0.49935191158762615,0.4635416666666667,21.31700945188787,11259.0,0.0,-6.015544041450777,-6.0,0.1240246925105302,0.03125,58.33678756476684,58.0,0.4738407360895572,0.5104166666666666
2024-01-01 02:25:18.000000,2024-01-01 02:25:24.000000,0,-24.761658031088082,-25.0,0.42717744550501124,0.3333333333333333,14.679308403592614,11239.0,0.0,-6.0310880829015545,-6.0,0.17400717631559479,0.0625,58.233160621761655,58.0,0.42394336800404364,0.3854166666666667
2024-01-01 02:25:21.000000,2024-01-01 02:25:27.000000,0,-24.83937823834197,-25.0,0.3681366748898624,0.2552083333333333,16.046796288222872,11229.0,0.0,-6.041450777202073,-6.0,0.19984882023648234,0.08333333333333333,58.181347150259064,58.0,0.38630763958365005,0.3333333333333333
2024-01-01 02:25:24.000000,2024-01-01 02:25:30.000000,0,-24.89637305699482,-25.0,0.30556863948540247,0.17708333333333334,11.50631024941728,11226.999999999998,0.0,-6.051813471502591,-6.0,0.2222267198738861,0.10416666666666667,58.170984455958546,58.0,0.39102904406040107,0.3229166666666667
2024-01-01 02:25:27.000000,2024-01-01 02:25:33.000000,0,-24.979274611398964,-25.0,0.1428340099701229,0.041666666666666664,11.422712217408595,11215.000000000002,0.0,-6.098445595854923,-6.0,0.29869101299423706,0.17708333333333334,58.10880829015544,58.0,0.3587814003878244,0.22916666666666666
2024-01-01 02:25:30.000000,2024-01-01 02:25:36.000000,0,-25.015544041450777,-25.0,0.1606200206045258,0.041666666666666664,10.526721162648933,11212.0,0.0,-6.119170984455959,-6.0,0.3248322271887143,0.19270833333333334,58.09326424870466,58.0,0.3253303090971866,0.1875
2024-01-01 02:25:33.000000,2024-01-01 02:25:39.000000,0,-25.00518134715026,-25.0,0.19086997445973242,0.041666666666666664,10.632321062922664,11220.999999999998,0.0,-6.098445595854923,-6.0,0.2986910129942367,0.16666666666666666,58.13989637305699,58.0,0.36244825728030106,0.2552083333333333
2024-01-01 02:25:36.000000,2024-01-01 02:25:42.000000,0,-24.984455958549223,-25.0,0.12402469251053007,0.03125,13.958810287681738,11224.0,0.0,-6.067357512953368,-6.0,0.25129199826851195,0.11979166666666667,58.15544041450777,58.0,0.37733155433892335,0.2916666666666667
2024-01-01 02:25:39.000000,2024-01-01 02:25:45.000000,0,-25.020725388601036,-25.0,0.14283400997012274,0.041666666666666664,9.062650872119766,11217.0,0.0,-6.139896373056994,-6.0,0.34778164491367286,0.21875,58.119170984455955,58.0,0.32483222718871424,0.22395833333333334
2024-01-01 02:25:42.000000,2024-01-01 02:25:48.000000,0,-25.04663212435233,-25.0,0.21139801127490393,0.08854166666666667,8.372274257489414,11207.000000000002,0.0,-6.243523316062176,-6.0,0.4303245150530155,0.375,58.067357512953365,58.0,0.2897947579358803,0.15625
2024-01-01 02:25:45.000000,2024-01-01 02:25:51.000000,0,-25.072538860103627,-25.0,0.26005263848711546,0.140625,10.146214501719266,11206.000000000002,0.0,-6.233160621761658,-6.0,0.4239433680040427,0.3385416666666667,58.06217616580311,58.0,0.28186401503320485,0.14583333333333334
2024-01-01 02:25:48.000000,2024-01-01 02:25:54.000000,0,-25.124352331606218,-25.0,0.33084128906353666,0.22395833333333334,7.444217453814909,11204.0,0.0,-6.269430051813472,-6.0,0.44481759666240545,0.3489583333333333,58.05181347150259,58.0,0.2445432102769842,0.11458333333333333
2024-01-01 02:25:51.000000,2024-01-01 02:25:57.000000,0,-25.181347150259068,-25.0,0.38630763958364944,0.2760416666666667,9.996321517078963,11199.999999999998,0.0,-6.450777202072539,-6.0,0.49886529275033853,0.4010416666666667,58.031088082901555,58.0,0.2480493850210605,0.09375
2024-01-01 02:25:54.000000,2024-01-01 02:26:00.000000,0,-25.238341968911918,-25.0,0.42717744550501097,0.3489583333333333,8.574693328674334,11198.0,0.0,-6.5595854922279795,-7.0,0.49772799863154316,0.4375,58.020725388601036,58.0,0.24913494550305812,0.08333333333333333
2024-01-01 02:25:57.000000,2024-01-01 02:26:03.000000,0,-25.326424870466322,-25.0,0.4701242807792824,0.4427083333333333,8.129436930406579,11196.0,0.0,-6.590673575129534,-7.0,0.4929884022640282,0.453125,58.01036269430052,58.0,0.24978401723829935,0.07291666666666667
2024-01-01 02:26:00.000000,2024-01-01 02:26:06.000000,0,-25.476683937823836,-25.0,0.5007550430360931,0.4947916666666667,10.276775665969987,11191.0,0.0,-6.761658031088083,-7.0,0.4271774455050111,0.3020833333333333,57.984455958549226,58.0,0.27907368982462666,0.08854166666666667
2024-01-01 02:26:03.000000,2024-01-01 02:26:09.000000,0,-25.54922279792746,-26.0,0.4988652927503394,0.4947916666666667,9.88042824814828,11183.0,0.0,-6.7979274611398965,-7.0,0.4025903818325042,0.23958333333333334,57.943005181347154,58.0,0.29202112682934495,0.14583333333333334
2024-01-01 02:26:06.000000,2024-01-01 02:26:12.000000,0,-25.523316062176164,-26.0,0.5007550430360931,0.4947916666666667,10.589009157629414,11185.0,0.0,-6.746113989637306,-7.0,0.43636510833477554,0.3333333333333333,57.95336787564767,58.0,0.2938635496921167,0.13020833333333334
2024-01-01 02:26:09.000000,2024-01-01 02:26:15.000000,0,-25.616580310880828,-26.0,0.48748366962595285,0.4322916666666667,8.74090251322182,11185.0,0.0,-6.83419689119171,-7.0,0.37287104365801615,0.24479166666666666,57.95336787564767,58.0,0.275570533930942,0.125
2024-01-01 02:26:12.000000,2024-01-01 02:26:18.000000,0,-25.632124352331605,-26.0,0.4834814554761038,0.4010416666666667,8.418720743470123,11183.0,0.0,-6.849740932642487,-7.0,0.35825449990364294,0.22916666666666666,57.943005181347154,58.0,0.29202112682934495,0.13541666666666666
2024-01-01 02:26:15.000000,2024-01-01 02:26:21.000000,0,-25.54922279792746,-26.0,0.4988652927503394,0.453125,10.670265887645135,11185.0,0.0,-6.844559585492228,-7.0,0.3632663420042668,0.24479166666666666,57.95336787564767,58.0,0.3110827100697141,0.125
2024-01-01 02:26:18.000000,2024-01-01 02:26:24.000000,0,-25.637305699481864,-26.0,0.4820280451067448,0.4375,10.546826205384031,11181.0,0.0,-6.937823834196891,-7.0,0.2421032623433757,0.11458333333333333,57.932642487046635,58.0,0.3072420355253852,0.15625
2024-01-01 02:26:21.000000,2024-01-01 02:26:27.000000,0,-25.6580310880829,-26.0,0.47560297153034886,0.4635416666666667,7.913178294992553,11181.999999999998,0.0,-6.922279792746114,-7.0,0.26842710147876275,0.14583333333333334,57.93782383419689,58.0,0.2627368575285396,0.13541666666666666
2024-01-01 02:26:24.000000,2024-01-01 02:26:30.000000,0,-25.72538860103627,-26.0,0.4589707453397439,0.390625,8.342828304831723,11180.0,0.0,-6.9119170984455955,-7.0,0.28415252903714155,0.16145833333333334,57.92746113989637,58.0,0.27936363659355706,0.14583333333333334
2024-01-01 02:26:27.000000,2024-01-01 02:26:33.000000,0,-25.8860103626943,-26.0,0.33457239484460716,0.20833333333333334,8.299361951643967,11172.0,0.0,-6.963730569948186,-7.0,0.18744601986357157,0.07291666666666667,57.8860103626943,58.0,0.3186252041590385,0.19791666666666666
2024-01-01 02:26:30.000000,2024-01-01 02:26:36.000000,0,-25.911917098445596,-26.0,0.2841525290371415,0.15625,10.531838676583394,11168.0,0.0,-6.948186528497409,-7.0,0.2222267198738861,0.08854166666666667,57.865284974093264,58.0,0.37149339192211256,0.22395833333333334
2024-01-01 02:26:33.000000,2024-01-01 02:26:39.000000,0,-25.927461139896373,-26.0,0.26005263848711524,0.13541666666666666,11.426700897175984,11170.0,0.0,-6.937823834196891,-7.0,0.24210326234337573,0.10416666666666667,57.87564766839378,58.0,0.3609560802681615,0.22916666666666666
2024-01-01 02:26:36.000000,2024-01-01 02:26:42.000000,0,-25.95336787564767,-26.0,0.23474621581114125,0.09375,11.122800329682837,11166.0,0.0,-6.937823834196891,-7.0,0.24210326234337584,0.10416666666666667,57.854922279792746,58.0,0.3675497686977575,0.2760416666666667
2024-01-01 02:26:39.000000,2024-01-01 02:26:45.000000,0,-25.974093264248705,-26.0,0.1891657441411549,0.0625,11.823050825380554,11160.000000000002,0.0,-6.9119170984455955,-7.0,0.28415252903714167,0.15625,57.82383419689119,58.0,0.3953529718696297,0.3229166666666667
2024-01-01 02:26:42.000000,2024-01-01 02:26:48.000000,0,-25.984455958549223,-26.0,0.16062002060452582,0.041666666666666664,11.535145186214548,11162.0,0.0,-6.870466321243524,-7.0,0.336662990113136,0.19791666666666666,57.83419689119171,58.0,0.37287104365801604,0.28125
2024-01-01 02:26:45.000000,2024-01-01 02:26:51.000000,0,-25.989637305699482,-26.0,0.14396315014973915,0.03125,11.496126723363538,11156.0,0.0,-6.870466321243524,-7.0,0.3366629901131361,0.19791666666666666,57.803108808290155,58.0,0.3986836067703654,0.3333333333333333
2024-01-01 02:26:48.000000,2024-01-01 02:26:54.000000,0,-26.020725388601036,-26.0,0.17555119216573753,0.052083333333333336,14.837586811215802,11143.0,0.0,-6.927461139896373,-7.0,0.26005263848711535,0.13541666666666666,57.73575129533679,58.0,0.45370762004897,0.4583333333333333
2024-01-01 02:26:51.000000,2024-01-01 02:26:57.000000,0,-26.041450777202073,-26.0,0.1998488202364826,0.08333333333333333,16.557848359894532,11141.000000000002,0.0,-6.9067357512953365,-7.0,0.2915587019520047,0.15625,57.72538860103627,58.0,0.4589707453397437,0.46875
2024-01-01 02:26:54.000000,2024-01-01 02:27:00.000000,0,-26.05699481865285,-26.0,0.2324356653241502,0.09895833333333333,16.337964621762037,11142.0,0.0,-6.891191709844559,-7.0,0.31220841318620596,0.1875,57.73056994818653,58.0,0.44481759666240567,0.4270833333333333
2024-01-01 02:26:57.000000,2024-01-01 02:27:03.000000,0,-26.06217616580311,-26.0,0.24210326234337567,0.11458333333333333,19.369476492585147,11125.0,0.0,-6.953367875647668,-7.0,0.21139801127490354,0.09375,57.64248704663213,58.0,0.4805140813581018,0.5052083333333334
2024-01-01 02:27:00.000000,2024-01-01 02:27:06.000000,0,-26.067357512953368,-26.0,0.25129199826851284,0.109375,18.395963102087215,11116.0,0.0,-6.984455958549223,-7.0,0.12402469251053014,0.03125,57.59585492227979,58.0,0.49200209570302206,0.5677083333333334
2024-01-01 02:27:03.000000,2024-01-01 02:27:09.000000,0,-25.575129533678755,-26.0,7.443243798126054,0.109375,159.03149532277044,10960.0,0.0,-5.176165803108808,-7.0,11.059971547840112,0.057291666666666664,56.78756476683938,58.0,4.731482631577425,0.09895833333333333
2024-01-01 02:27:06.000000,2024-01-01 02:27:12.000000,0,-23.7720207253886,-24.0,9.419054521707665,0.21354166666666666,1524.021410014983,8657.0,0.0,22.409326424870468,31.0,30.000578398281473,0.015625,44.854922279792746,48.0,15.372787412582982,0.16145833333333334
2024-01-01 02:27:09.000000,2024-01-01 02:27:15.000000,0,-19.45077720207254,-19.0,11.703316477832724,0.1875,1459.3775714444482,5761.0,0.0,50.79274611398964,50.0,22.819457825294943,0.07291666666666667,29.849740932642487,29.0,14.833563168932178,0.09375
2024-01-01 02:27:12.000000,2024-01-01 02:27:18.000000,0,-22.10362694300518,-24.0,11.980871790487683,0.078125,2146.2338172968457,7784.0,0.0,19.59585492227979,-10.0,39.44487693049854,0.005208333333333333,40.33160621761658,50.0,18.089876485504124,0.03125
2024-01-01 02:27:15.000000,2024-01-01 02:27:21.000000,0,-42.60621761658031,-34.0,26.225591085932876,0.057291666666666664,2540.008869309304,6537.999999999999,0.0,-13.590673575129534,-15.0,12.212242664560035,0.11458333333333333,33.87564766839378,50.0,32.83346675713493,0.046875
2024-01-01 02:27:18.000000,2024-01-01 02:27:24.000000,0,-58.424870466321245,-59.0,27.91832961046093,0.24479166666666666,1713.3627721844136,2334.9999999999995,0.0,-13.093264248704664,-15.0,16.365665476132772,0.109375,12.098445595854923,18.0,35.457363593306106,0.08333333333333333
2024-01-01 02:27:21.000000,2024-01-01 02:27:27.000000,0,-59.07772020725388,-60.0,18.726072815964592,0.328125,938.5493594285422,2642.0,0.0,-14.61139896373057,-16.0,11.106927015165196,0.078125,13.689119170984457,16.0,25.234251189093463,0.041666666666666664
2024-01-01 02:27:24.000000,2024-01-01 02:27:30.000000,0,-37.943005181347154,-45.0,22.55068054416946,0.026041666666666668,206.81693039948007,3313.0000000000005,0.0,21.145077720207254,-10.0,38.42158802243609,0.005208333333333333,17.16580310880829,16.0,2.6306430421474203,0.0625
2024-01-01 02:27:27.000000,2024-01-01 02:27:33.000000,0,-9.544041450777202,-13.0,13.56885904064669,0.057291666666666664,1500.8709348425994,5182.0,0.0,50.50777202072539,59.0,19.345843430336355,0.020833333333333332,26.849740932642487,20.0,16.13333803918771,0.015625
